121000              3900                1849.75             112.185             997.87              2.36068             
126000              4110                1289.87             126.145             347.192             32.6812             
106000              3150                2849.17             183.825             1381.54             7.43328             
126000              3270                1627.67             221.046             386.628             48.5848             
82000               4410                1656.95             121.368             611.834             38.7807             
170000              3240                2542                237.661             587.63              0.309519            
82000               3870                1642.93             146.758             779.92              0                   
67000               3900                3964.98             173.666             22.0661             28.8731             
150000              3150                5002.67             237.735             377.767             16.8091             
121000              4620                1526.69             116.108             934.55              34.9281             
164000              3030                2814.18             228.939             1187.03             21.674              
145000              3120                1907.44             122.805             1006.46             0                   
82000               4200                1474.84             140.588             566.212             31.5081             
121000              3510                1693.89             115.176             1093.4              18.0226             
145000              3660                1802.2              127.266             877.625             1.68467             
145000              3150                2701.65             216.109             795.302             43.5279             
67000               3630                3567.91             220.822             508.184             54.6349             
126000              3210                1812.82             128.425             421.722             30.0232             
110000              3360                3349.11             170.768             997.875             0                   
102000              3180                2666.64             181.672             13.9958             30.1177             
100000              3480                1685.66             135.363             18.8414             38.7217             
145000              4170                1430.28             109.623             1050.84             33.0634             
121000              4410                1668.23             101.595             923.301             13.8932             
106000              4230                2165.36             145.091             2.10543             37.3639             
82000               4260                1668.16             233.62              496.493             0                   
82000               3840                2164.4              222.789             666.074             0                   
87000               3810                3427.99             178.602             71.3683             50.7105             
145000              3360                1667.61             191.733             288.775             17.3471             
100000              3780                1356.99             117.521             308.137             35.2878             
82000               4410                1578.15             134.525             536.612             0                   
212000              3180                4129.16             204.162             95.7563             0                   
102000              4170                2224.11             217.577             8.41613             6.66501             
67000               3660                3929.51             180.476             65.0883             2.28604             
87000               3960                3564.36             226.336             77.2905             35.7428             
149000              3090                3083.19             172.122             1090.74             27.6138             
100000              3960                1292.34             116.947             339.93              0                   
164000              3060                2826.42             209.616             1706.97             2.63547             
126000              3540                1598.23             135.363             165.211             33.8744             
145000              3330                2835.57             232.373             995.195             0                   
67000               4110                3528.1              149.252             555.56              0                   
168000              3450                1541.88             170.166             991.105             9.99623             
67000               3360                3901.51             196.974             18.5394             37.6978             
106000              3150                2827.11             170.166             1440.04             22.3483             
102000              4020                2289.44             235.152             0                   60.4678             
121000              3330                1514.98             137.318             1214.14             0                   
108000              3090                3500.13             179.859             915.134             22.3483             
100000              3870                1817.17             190.488             11.2836             3.04024             
102000              3180                2272.55             235.133             891.08              0                   
121000              4320                1422.95             104.231             1058.11             25.0623             
121000              3120                2035.03             212.241             1050.97             23.5756             
82000               4020                2092.58             173.432             24.27               55.4186             
187000              3240                3217                180.397             663.282             0                   
67000               3480                3918.94             170.768             490.911             8.76327             
67000               3810                2938.46             175.127             855.096             36.4053             
168000              3090                1945.84             168.209             1045.77             32.5911             
111000              3150                4702.86             235.579             153.477             44.2874             
127000              4080                2379.62             190.906             8.41613             7.19059             
126000              3300                1855.61             148.483             23.5805             4.18698             
67000               3390                3068.08             183.825             1016.54             0                   
87000               4080                3642.82             173.666             61.5939             34.9505             
140000              4170                4183.97             196.427             0                   7.5867              
124000              3150                2805.59             196.606             1366.93             21.6645             
67000               3450                3786.19             235.994             141.039             0                   
82000               4050                1498.55             164.248             551.822             38.884              
107000              4260                1945.04             203.612             5.95915             28.0257             
67000               3390                3454.51             237.454             872.113             0                   
111000              3090                4374.85             237.246             614.986             0                   
87000               3450                3446.76             163.179             588.354             44.0412             
82000               4200                1988.12             164.881             8.49214             12.6973             
130000              3180                4646.66             197.04              398.861             0.376898            
67000               3300                3846.06             163.179             664.789             36.1929             
67000               3150                3067.15             170.166             1295.69             25.7584             
90000               3240                4879.58             221.361             203.443             21.2737             
100000              3420                1704.71             135.363             14.096              0                   
124000              3210                3011.84             181.599             1424.15             0                   
82000               3900                1741.95             125.919             528.452             38.9779             
164000              4650                3626.08             197.396             0                   0                   
67000               3870                3527.35             155.364             800.806             0                   
90000               3150                4732.62             239.33              159.989             29.7238             
145000              3660                1398.49             198.99              758.605             0                   
126000              3240                2006.58             145.049             99.8188             44.0248             
130000              3120                4874.22             224.527             120.001             38.8546             
82000               4170                2106.4              225.351             11.4761             35.6723             
43000               3120                3765.67             237.735             677.775             0                   
121000              3570                1688.51             115.176             1212.18             1                   
163000              3150                4818.92             234.395             97.3835             11.3902             
67000               3870                3757.65             207.89              18.5394             17.6026             
111000              3150                4716.66             237.246             543.102             10.8279             
67000               3120                4046.87             237.966             422.911             28.0098             
109000              3240                5325.61             235.331             243.393             0                   
149000              3090                3380.4              185.768             932.27              0                   
67000               3090                3899.76             217.819             792.919             46.9943             
188000              3090                4392.23             204.162             121.66              0                   
126000              3210                1773.2              221.975             406.943             58.1224             
168000              3750                1513.5              216.657             713.769             0                   
151000              3210                2208.79             188.727             74.2779             30.5945             
126000              4080                1265.45             168.235             600.92              0                   
76000               4260                2665.14             195.294             61.0021             0                   
102000              3210                1863.53             141.437             331.068             41.177              
145000              3150                1989.52             129.348             893.434             39.6751             
145000              3240                1482.05             112.429             1171.62             0                   
87000               3360                2864.66             196.606             933.427             41.6899             
67000               3390                3409.07             196.359             570.425             58.3683             
168000              3390                1487.87             221.225             668.119             3.76973             
82000               3960                1976.83             237.475             632.317             5                   
67000               3090                3019.23             196.606             1189.97             7.43328             
100000              3360                1759.92             189.508             76.2675             0                   
121000              4320                1731.61             109.672             720.646             11.1863             
187000              3090                3674.99             212.622             363.92              4.37626             
67000               3090                3425.39             196.606             945.972             0                   
121000              4320                1420.76             101.969             1070.18             1.94576             
145000              3540                1585.74             106.493             1079.16             0                   
102000              3210                2015.58             128.425             258.673             2.55744             
82000               4410                2224.96             159.621             2.10543             35.904              
67000               3510                3054.19             235.331             786.091             48.1736             
67000               3180                3874.83             183.194             261.605             26.3942             
67000               4080                3432.48             228.625             440.13              9.20377             
145000              3240                1460.94             133.945             1084.89             5.64116             
187000              3330                3858.3              204.162             198.84              1.18034             
67000               3120                3503                163.179             869.861             39.6309             
145000              3900                1347.02             160.776             561.516             4.51056             
121000              3210                1652.48             122.805             1088.51             35.9271             
82000               3390                2529.9              167.177             97.1402             23.1037             
67000               3570                3631.72             239.999             411.266             41.5618             
82000               4350                1783.31             144.364             12.8604             30.4563             
67000               4290                3525.86             191.674             402.259             25.6639             
67000               3180                3213.63             219.122             935.435             61.3105             
67000               3360                3845.2              228.698             18.5394             29.0752             
82000               4350                1944.71             153.151             26.2356             0                   
168000              3450                1610.83             201.464             942.473             6.95071             
170000              3450                2112.36             179.349             13.9771             18.7145             
163000              3180                4296.98             228.199             80.179              0                   
86000               4050                3318.69             158.064             593.617             0                   
67000               4350                3463.86             155.364             618.021             8.38851             
168000              3180                1819.12             197.34              712.21              40.5686             
92000               3300                3246.24             237.735             723.639             27.0309             
90000               3930                3844.26             197.04              437.544             0                   
86000               3420                4224.51             238.403             18.5394             0                   
67000               4200                3362.73             237.892             751.248             0                   
164000              3000                2968.76             215.613             1646.49             13.5196             
43000               3180                3781.49             217.735             815.268             0                   
87000               3150                3059.03             170.768             1244.39             0                   
145000              3420                1753.65             120.119             949.737             25                  
119000              4020                1689.43             125.662             27.1674             14.9389             
119000              4020                1496.74             144.06              243.199             43.0055             
67000               3120                3882.99             165.656             618.108             0                   
149000              3120                4541.17             217.735             409.182             7.82998             
111000              3120                4286.44             197.04              478.519             13.7767             
90000               3180                4932.54             228.177             162.576             42.3592             
168000              3360                1525.45             179.209             919.855             27.821              
67000               4380                3416.03             155.364             588.155             32.8054             
86000               3840                4051.89             229.34              11.1658             40.3253             
189000              3150                3469.92             230.688             696.958             0                   
87000               3960                3822.97             176.769             123.945             21.2176             
130000              3210                5041.79             238.451             508.775             0                   
121000              4320                1409.25             101.266             1081.86             34.9281             
126000              3810                1389.96             188.309             554.769             3.52691             
168000              3150                3336.99             239.572             618.626             25.4264             
100000              3660                1322.83             116.947             499.016             26.9026             
145000              3300                2118.47             146.015             64.4863             23.2966             
143000              3060                4754.34             239.026             1022.32             10.7312             
82000               4350                1609.85             121.368             655.685             21.9433             
82000               4320                1827.01             203.081             509.698             0                   
82000               3990                2607.14             218.83              0.768205            44.3254             
102000              3210                1582.34             147.889             527.911             15.5364             
126000              3210                1713.91             206.235             453.312             24.7717             
100000              3810                1515.16             116.82              142.817             16.3437             
67000               3270                2868.19             170.768             1028.29             41.4605             
67000               4080                3723.94             190.202             599.885             0                   
67000               3690                3775.14             203.711             11.8104             39.9612             
67000               3630                3648.48             180.241             474.177             56.4974             
164000              4260                3719.53             194.681             0                   0                   
145000              4080                1276.8              116.947             505.321             11.0278             
67000               3450                3727.7              217.819             494.596             60.7207             
102000              3270                2609.88             235.292             75.2115             23.2966             
151000              3210                2144.7              230.095             142.434             10.8298             
163000              3210                4928.07             210.313             83.9777             0                   
82000               4140                2356.81             216.066             7.89689             17.6241             
82000               4500                2125.12             134.327             104.323             0                   
164000              3000                4184.53             237.073             1235.79             25.3772             
168000              3090                2006.46             168.209             938.339             0                   
90000               3090                4140.61             197.04              621.861             38.6092             
100000              4200                1508.8              123.737             142.197             10.752              
187000              3270                3511.44             204.162             132.613             9.94036             
67000               3660                3049.67             235.331             748.562             25.8506             
126000              3840                2336.37             190.393             0                   44.4576             
121000              4500                1681.28             104.794             892.586             0                   
87000               3300                3265.64             201.387             642.175             52.5159             
88000               3750                3679.56             217.861             11.8104             67.3095             
161000              3780                2607.83             204.527             12.9243             0                   
119000              3780                1337.96             161.544             370.586             32.1814             
121000              3120                2133.4              172.334             882.037             37.9763             
145000              3870                1323.7              116.947             605.273             0                   
121000              3150                1971.35             154.886             1143.18             33.5911             
67000               4080                3601.94             170.162             493.412             43.117              
145000              3180                1795.88             186.965             1074.41             14.5272             
119000              3870                1686.69             130.273             10.4095             0                   
67000               3270                3919.5              200.127             23.5311             0                   
82000               4560                2081.52             135.91              97.7624             25.5091             
67000               3630                2826.94             170.768             937.893             31.2358             
