177000              2750                1915.66             395.657             857.562             43.463              
281000              4600                1073.89             586.679             253.974             278.956             
185000              3500                958.059             272.137             1167.52             0                   
185000              2750                1267.19             271.41              768.361             0                   
185000              4000                1169.73             417.224             586.313             0                   
185000              2250                1618.77             413.803             657.078             85.9536             
185000              2250                2069.2              606.665             149.865             0                   
177000              2800                1880.46             510.155             90.5494             11.0923             
185000              3750                1279.75             340.175             661.631             185.626             
185000              4600                1034.76             432.687             538.146             210.198             
177000              2250                2178.9              495.892             783.261             244.161             
185000              2500                1057.6              245.693             1133.85             284.453             
185000              3750                1578.06             327.016             521.94              7.03712             
185000              3000                2046.89             482.599             256.671             0                   
177000              2500                2076.8              511.592             922.739             219.644             
185000              3000                1331.89             328.88              575.711             189.205             
177000              2800                1368.31             473.937             1047.9              0                   
177000              2800                1245.55             332.528             1095.69             250.388             
185000              2250                2094.05             588.245             207.641             127.364             
185000              2800                1032.3              360.373             863.489             266.684             
185000              2250                1053.33             434.827             1141.29             302.969             
177000              3100                1192.8              444.454             480.955             310.914             
185000              2800                1077.55             553.857             809.194             268.117             
177000              2800                1479.48             544.055             611.222             278.89              
177000              2250                2002.78             408.829             959.383             136.581             
281000              5050                1088.14             545.269             328.66              216.755             
185000              2250                1006.54             219.939             1303.3              38.0022             
177000              2800                1615.54             605.726             656.231             151.487             
185000              2750                959.217             217.679             1331.09             54.421              
177000              2750                2223.79             691.53              368.087             50.8346             
185000              4050                1282.85             365.793             464.375             108.753             
380000              4150                2266.83             567.103             -2.84217e-14        67.1373             
281000              3250                1076.19             505.803             622.68              0                   
185000              3750                1244.48             365.793             543.319             239.263             
177000              2700                2100.06             355.103             1423.21             0                   
185000              2250                1635.26             582.316             642.186             0                   
272000              3750                1015.68             570.569             838.335             87.8346             
177000              3100                1282.34             429.692             132.636             28.3215             
272000              2950                2641.44             601.718             -5.68434e-14        26.547              
185000              2250                993.152             438.504             1319.28             196.144             
185000              2800                1450.02             589.993             289.451             0                   
273000              3550                1199.62             381.309             579.212             0                   
185000              2250                1539                323.71              909.499             0                   
177000              2500                2509.42             641.4               197.968             103.9               
185000              2250                1705.23             374.993             709.566             0                   
177000              2750                2471.55             573.596             468.957             64.2161             
185000              2500                1106.11             442.705             1063.46             187.245             
177000              3000                2059.72             470.147             727.588             93.7705             
185000              2250                1192.9              281.877             949.891             6.85046             
177000              4400                1152.02             433.963             459.123             220.131             
185000              3000                943.628             205.96              1345.75             0                   
177000              2500                2236.57             452.469             843.95              196.558             
185000              2500                1721.04             438.362             441.588             197.731             
177000              3600                1257.71             425.602             227.244             183.697             
177000              2550                1403.06             513.327             879.945             317.805             
185000              2750                2194.27             698.165             0                   44.0272             
185000              3000                2092.71             506.348             128.037             194.055             
185000              3000                995.322             224.974             1051.28             0                   
177000              3050                1809.04             618.453             447.966             188.668             
177000              2500                2245.71             462.178             478.623             149.336             
185000              2750                1378.85             321.997             766.01              277.388             
185000              2500                2141.53             532.937             87.9464             276.644             
185000              3500                968.931             444.281             978.55              68.333              
177000              3550                1400.55             388.472             865.829             13.4559             
185000              2250                1080.14             450.375             1082.7              108.753             
177000              2500                2701.74             729.222             0                   0                   
177000              2500                2663.8              672.195             170.784             158.971             
177000              2700                1836.62             324.23              1422.95             295.562             
185000              3750                1450.38             374.899             404.528             0                   
185000              3050                1456.72             549.196             349.671             192.571             
185000              3000                1089.17             256.055             805.816             29.7279             
177000              2500                1989.23             419.232             1127.54             28.9343             
177000              2700                1949.59             334.381             1414.02             170.409             
272000              3700                1086.58             583.468             801.549             4.53826             
177000              2550                1699.33             544.055             557.664             299.927             
185000              4000                1061.26             299.127             777.674             0                   
177000              2800                1642.54             475.905             526.847             316.327             
185000              3250                1772.2              404.924             428.911             7.03712             
177000              2250                2191.82             533.465             814.128             0                   
185000              2250                2458.35             639.349             -1.42109e-14        48.6569             
185000              2500                1487.92             362.843             708.091             294.127             
185000              2950                2697.78             596.873             -5.68434e-14        6.11404             
177000              2750                2689.71             620.141             0                   275.925             
272000              3200                2201.05             573.49              -2.84217e-14        24.8489             
177000              2250                2240.28             650.705             715.364             210.317             
177000              2250                2315.67             549.336             681.735             61.8228             
177000              2550                1462.8              586.6               807.229             212.313             
185000              2250                2395.46             605.256             35.1684             285.954             
185000              3750                1076.28             361.685             703.186             282.245             
185000              2500                1411.76             290.669             771.324             131.075             
177000              2500                2615.38             711.927             0                   195.157             
185000              3250                1161.2              325.779             727.615             318.788             
185000              2500                1575.99             613.019             694.767             52.3431             
177000              2700                1839.62             324.23              1422.95             229.765             
177000              2250                2532.75             511.196             280.765             0                   
177000              2250                2353.62             612.764             636.081             167.829             
185000              3500                1054.49             480.094             668.31              46.1592             
185000              2800                1681.65             628.886             0.221844            0                   
185000              2250                1907.97             480.953             403.683             73.8245             
185000              2250                1801.86             503.992             418.622             0                   
177000              2750                2410.28             504.69              539.414             0                   
185000              3250                2323.39             581.271             -2.84217e-14        0                   
177000              3100                1239.16             426.123             175.437             108.023             
185000              2750                1096.98             228.507             1118.88             126.891             
185000              3300                999.425             419.162             849.053             196.673             
185000              3250                921.196             449.746             1397.48             79.0069             
281000              3550                1046.66             371.097             670.215             160.468             
177000              2550                1353.76             407.09              923.893             241.002             
281000              3000                1257.79             527.436             561.74              37.0663             
177000              2250                2063.66             419.232             933.747             0                   
177000              2700                2083.86             355.103             1422.35             141.248             
185000              2250                1172.68             313.265             965.139             196.117             
185000              4600                1122.14             488.603             308.892             193.689             
177000              2700                2244.06             377.967             1345.16             34.1507             
185000              3250                914.056             494.865             1484.03             114.445             
177000              2500                2199.39             636.468             554.458             98.1985             
177000              2500                2494.46             680.11              211.645             32.0314             
177000              4400                1295.55             475.261             55.0226             126.153             
185000              2750                2170.26             617.536             0                   192.033             
177000              3050                1831.72             632.494             0.96559             0                   
185000              3500                958.786             272.137             1112                112.975             
185000              3550                1026.56             325.849             711.448             156.145             
185000              2250                1117.94             236.768             1017.27             108.753             
185000              2500                1063.92             491.653             1206.51             62.5671             
185000              2250                1322.82             558.158             989.799             0                   
177000              3550                1322.3              416.912             1018.94             0                   
185000              2500                1167.89             608.105             1074.32             0                   
185000              2800                993.489             568.851             805.922             168.009             
177000              2750                2565.72             543.731             61.0089             33.9755             
185000              2500                1843.9              493.998             317.945             232.03              
185000              2500                2156.52             506.348             153.643             244.662             
185000              4000                1111.84             411.447             623.752             234.935             
185000              2250                1958.86             577.227             274.88              33.6104             
177000              3050                1645.7              540.618             588.89              31.507              
185000              3750                954.819             303.096             1235.32             147.576             
177000              3100                1223.11             426.123             264.353             221.743             
185000              2250                1350.06             371.48              787.76              155.454             
185000              2500                1030.6              318.626             1266.43             24.6931             
185000              2800                1124.4              525.006             554.023             42.7104             
185000              3000                1064.18             540.355             828.835             0                   
177000              3000                2676.11             716.017             35.6705             89.5367             
185000              3750                1730.4              394.152             348.059             50.0291             
185000              3000                1216.6              506.084             674.714             268.091             
177000              2250                2708.71             716.017             73.3637             0                   
177000              2250                2365.56             622.584             594.514             22.4008             
185000              4350                1034.89             423.938             566.177             190.768             
185000              2250                1085.93             219.939             1175.29             0                   
177000              2750                2050.84             542.477             655.78              210.609             
185000              2750                1047.39             267.536             1144.06             284.453             
177000              3000                2677.01             585.998             195.547             0                   
177000              3100                1144.74             454.795             250.008             0                   
177000              2250                2300.8              499.369             710.005             310.896             
177000              2500                2476.22             510.78              465.08              82.6306             
185000              2250                1025.28             408.338             1270.36             0                   
177000              3000                2254.66             690.57              483.702             0                   
185000              3550                1279.97             405.812             323.568             144.92              
177000              2250                2657.22             540.906             210.684             39.4423             
185000              3250                930.632             218.478             1310.17             32.2361             
281000              5050                1055.92             589.347             429.863             342.95              
177000              3050                1280.22             322.878             887.948             48.0061             
177000              3600                1315.82             445.128             113.11              0                   
177000              2500                2394.88             554.867             440.492             323.78              
177000              2700                1989.57             370.08              1109.75             203.636             
185000              3000                2189.05             588.245             37.4485             142.633             
177000              3600                1185.01             416.824             480.955             275.031             
272000              3450                1008.88             496.309             890.185             111.666             
177000              2250                2704.62             601.611             113.102             0                   
185000              2250                1417.64             491.205             884.224             58.6957             
177000              2500                1904.49             494.314             1045.42             133.451             
185000              3750                976.887             299.127             985.655             0                   
177000              3100                1323.74             500.383             10.7055             75.755              
185000              4600                1082.33             446.03              450.712             111.451             
185000              2250                1062.29             238.467             1099.46             220.041             
185000              3200                2535.38             606.907             -4.26326e-14        38.0933             
177000              2550                1633.02             586.6               637.014             277.179             
177000              3000                2619.94             668.912             115.867             0                   
185000              2250                1007.28             391.866             1243.1              140.283             
185000              3250                1652.25             391.165             461.147             210.475             
185000              2250                987.772             461.248             1348.91             244.629             
185000              3750                1524.52             311.345             555.171             110.292             
185000              3300                980.003             273.205             898.716             88.2688             
185000              2250                2285.75             639.349             0                   0                   
177000              4050                1248.17             387.874             686.034             29.4589             
185000              3500                1270.11             304.511             675.929             0                   
185000              2250                1004.35             221.77              1332.32             244.629             
185000              3000                960.634             452.592             1328.75             0                   
185000              2250                993.773             227.978             1303.25             164.976             
177000              2700                1971.42             381.576             1344.53             244.643             
177000              2250                2648.81             612.464             247.92              124.847             
177000              4050                1449.29             393.819             577.368             69.8655             
177000              3000                2104.98             611.349             556.199             0                   
177000              3100                1493.17             507.585             0                   171.57              
185000              3750                1653.53             369.041             488.658             111.554             
177000              2250                2295.11             493.028             802.56              132.676             
185000              4600                1086.15             423.938             446.889             152.199             
177000              2800                1226.84             314.768             1114.4              112.089             
185000              2250                2203.76             589.53              43.8835             99.4244             
177000              3300                1195.12             311.235             1146.12             0                   
177000              3100                1359.96             511.666             0                   0                   
177000              2750                2694.94             698.544             24.6673             103.274             
