0.29786238	0.24096386	0.08430043	0.88118056	0.00354319	0.07430089	
0.55318515	0.13855422	0.23834219	0.20324313	0.44636698	0.00000000	
0.42552377	0.17168675	0.16613801	0.19130624	0.32643344	0.00000000	
0.29786238	0.34638554	0.02536492	0.63642003	0.18953971	0.35367228	
0.27658548	0.10542169	0.24229164	0.83126396	0.43379654	0.00000000	
0.29786238	0.89156627	0.02913485	0.24618992	0.00000000	0.34685291	
0.72340033	0.86445783	0.04945498	0.09313596	0.03553866	0.36324688	
0.74467723	0.26807229	0.00330159	0.08097494	0.87158782	0.00000000	
0.88652321	0.56024096	0.13229048	0.06915372	0.39893279	0.00000000	
0.00000000	0.44879518	0.09469150	0.10338824	0.15604637	0.00000000	
0.88652321	0.59337349	0.10315008	0.03722922	0.53647387	0.00000000	
0.74467723	0.23493976	0.09533038	0.18247829	0.02072181	0.08585364	
0.43261607	0.78915663	0.03439110	0.07514025	0.21386824	0.29941867	
0.00000709	0.23493976	0.09630718	0.14076785	0.08461810	0.29007601	
0.00000709	0.47891566	0.09275110	0.10338824	0.24569226	0.00000000	
0.00000709	0.55120482	0.14352899	0.10401726	0.06736248	0.00000000	
0.00000709	0.64759036	0.08622500	0.09382282	0.25866256	0.00000000	
0.57446205	0.16867470	0.07745490	0.49301826	0.19778639	0.00000000	
0.58155435	0.55722892	0.09568942	0.07269647	0.16172985	0.00000000	
0.27658548	0.26204819	0.24184284	0.42754971	0.00000000	0.00000000	
0.00002128	0.41867470	0.05481156	0.63337616	0.01299658	0.00000000	
0.43261607	0.81325301	0.02564740	0.07455461	0.45423029	0.16410965	
0.43261607	0.63855422	0.28688136	0.60897458	0.00000000	0.00000000	
0.27658548	0.09337349	0.25718920	0.47583231	0.00000000	0.00000000	
0.74467723	0.07831325	0.05708196	0.19834113	0.26603090	0.00096446	
0.29077008	0.59036145	0.51541091	0.62676062	0.00000000	0.00000000	
0.58155435	0.25602410	0.04330641	0.40463753	0.34642463	0.00000000	
0.27658548	0.01204819	0.26559762	0.45669424	0.07041425	0.12106265	
0.43261607	0.47891566	0.14014978	0.03868826	0.69201459	0.00000000	
0.00000000	0.34638554	0.04975858	0.60535953	0.26634729	0.00000000	
0.00000709	0.75000000	0.04865506	0.06557483	0.17467996	0.00184791	
0.00000709	0.46987952	0.05532636	0.65473387	0.09888582	0.00000000	
0.00000000	0.60542169	0.11267787	0.93068504	0.00000000	0.07596141	
0.74467723	0.40963855	0.01678754	0.71355795	0.36252783	0.34028320	
0.00000000	0.21084337	0.12323789	0.28276699	0.02752937	0.10889193	
0.29077008	0.26807229	0.09728663	0.03095422	0.74092205	0.29177642	
0.74467723	0.76204819	0.01578434	0.49543311	0.37794583	0.09487749	
0.29786238	0.30722892	0.11683588	0.31311894	0.00000000	0.00000000	
0.00000709	0.18072289	0.05981965	0.38957000	0.21343538	0.00000000	
0.27658548	0.06024096	0.11473707	0.75229682	0.23373326	0.48559821	
0.29786238	0.30722892	0.08679524	0.15253845	0.00006543	0.34244602	
0.27658548	0.00903614	0.20295818	0.39799307	0.00000000	0.41909602	
0.59573895	0.30421687	0.07314377	0.33261129	0.00413132	0.29325966	
0.58155435	0.06024096	0.04716610	0.66995323	0.39714312	0.55567555	
0.29786238	0.17168675	0.10428793	0.61749886	0.00289590	0.28542093	
0.00002128	0.31927711	0.09247917	0.11948967	0.12639015	0.02934827	
0.42552377	0.68072289	0.02121219	0.17696172	0.24580872	0.33610383	
0.00000000	0.47289157	0.08204059	0.13579354	0.29497435	0.00000000	
0.00000709	0.31325301	0.04769938	0.33796156	0.01541371	0.16317154	
0.27658548	0.07831325	0.38358217	0.60239519	0.44605834	0.00000000	
0.00000000	0.28012048	0.10661641	0.14076785	0.06517896	0.26826169	
0.88652321	0.55722892	0.05116835	0.35446788	0.00000000	0.00000000	
0.00001418	0.46385542	0.03311598	0.20500005	0.20213441	0.10774876	
0.29077008	0.72289157	0.06674703	0.00000000	0.47865491	0.37914743	
0.56736975	0.70481928	0.01846922	0.28046059	0.20115611	0.32699459	
0.00001418	0.21987952	0.05231411	0.14405032	0.06853314	0.11124177	
0.29786238	0.43674699	0.02567116	0.22871477	0.39151010	0.34028320	
0.42552377	0.11144578	0.06890127	0.96066103	0.00000000	0.74339299	
0.29786238	0.49698795	0.02436964	0.18921674	0.03322858	0.37492521	
0.43261607	0.84939759	0.02090595	0.05850740	0.22495569	0.12665967	
0.00000000	0.54819277	0.05824093	0.13978456	0.20269538	0.01302481	
0.74467723	0.05120482	0.05091755	0.19244860	0.52782636	0.42558447	
0.58155435	0.15060241	0.03491911	0.19244860	0.44768497	0.46345888	
0.27658548	0.09036145	0.16222288	0.18555831	0.65196234	0.37744997	
0.00000000	0.33132530	0.13579641	0.22937994	0.00051374	0.00000000	
0.43261607	0.11445783	0.09497398	0.44735295	0.84991566	0.00000000	
0.00000000	0.19578313	0.08027706	0.93703307	0.13018807	0.09858575	
0.29786238	0.34638554	0.02924045	0.24618992	0.00009291	0.31200555	
0.00001418	0.44277108	0.41716833	0.96782606	0.00000000	0.03756535	
0.29786238	0.16265060	0.10149216	0.37165382	0.14823915	0.09396849	
0.00000000	0.53915663	0.05211875	0.22638668	0.25477651	0.00000000	
0.27658548	0.06927711	0.18598294	0.50236677	0.57479274	0.37744997	
0.29077008	0.84939759	0.00908268	0.19701802	0.51698154	0.47009211	
0.00002837	0.35240964	0.65871048	0.98047150	0.00000000	0.95672002	
0.58155435	0.19578313	0.08556764	0.12831039	0.62311206	0.10779235	
0.44680066	0.79819277	0.02301004	0.14761475	0.64432224	0.00000000	
0.60992355	0.08734940	0.39368019	0.53740383	0.01053444	0.00000000	
0.27658548	0.08433735	0.31748168	0.37007766	0.48909792	0.00000000	
0.41133917	0.42771084	0.12318245	0.09931047	0.04848062	0.39189091	
0.59573895	0.34337349	0.11244027	0.07556682	0.45647418	0.00000000	
0.42552377	0.73192771	0.04834090	0.15514129	0.00000000	0.00000000	
0.27658548	0.81626506	0.02707565	0.35837213	0.14022113	0.07763508	
0.61701584	0.06626506	0.27485085	0.94366307	0.00000000	0.57135745	
0.29786238	0.24698795	0.15056197	0.07775754	0.57857591	0.00000000	
0.29786238	0.11445783	0.10511689	0.11765323	0.73735435	0.34289809	
0.59573895	0.48192771	0.03987176	0.12773198	0.06037789	0.13620665	
0.70212343	0.03915663	0.10697809	0.76603401	0.26244572	0.15030248	
0.59573895	0.96686747	0.04509369	0.09548574	0.20779848	0.00000000	
0.43261607	0.91265060	0.06847887	0.56106794	0.00000000	0.13591768	
0.74467723	0.09036145	0.14285051	0.15691989	0.69332094	0.37744997	
0.45389296	0.25602410	0.12197861	0.08362838	0.08840379	0.00000000	
0.27658548	0.11144578	0.10237656	0.22202693	0.53124460	0.00096446	
0.27658548	0.65361446	0.15679502	0.05908147	0.59580882	0.25211591	
0.27658548	0.81626506	0.03609919	0.10159518	0.04071164	0.21057919	
0.00002128	0.46385542	0.04567185	0.14332731	0.03012130	0.10774876	
0.27658548	0.03313253	0.17384419	0.25041953	0.00000000	0.55803190	
0.43261607	0.81325301	0.05256227	0.10159518	0.05146270	0.21057919	
0.27658548	0.09638554	0.20832795	0.12682099	0.49777455	0.00000000	
0.29786238	0.52409639	0.07101328	0.15253845	0.00006543	0.00000000	
0.00002128	0.59638554	0.10718137	0.10401726	0.06736248	0.00000000	
0.92907701	0.10843373	0.11619436	0.51318300	0.23835497	0.00000000	
0.29077008	0.24698795	0.14803284	0.09112599	0.07727616	0.26286056	
0.00000709	0.60542169	0.05354963	0.48750169	0.00526242	0.02082583	
0.00000709	0.26204819	0.05152475	0.84477701	0.17017297	0.00000000	
0.54609285	0.28313253	0.21959550	0.97540320	0.00000000	0.33977352	
0.59573895	0.69879518	0.03361494	0.12773198	0.01234888	0.18662717	
0.00000000	0.17771084	0.12527862	0.20751612	0.11186330	0.10889193	
0.29077008	0.45180723	0.10604617	0.01682805	0.63098314	0.35962594	
0.00000709	0.53012048	0.03134982	0.10506562	0.26685780	0.09599480	
0.00000709	0.72289157	0.07987842	0.11875943	0.24801185	0.00000000	
0.27658548	0.01204819	0.26086145	0.44496702	0.15440072	0.00096446	
0.59573895	0.74698795	0.01394161	0.75275232	0.37794583	0.00000000	
0.74467723	0.02710843	0.12847303	0.19834113	0.34224354	0.00096446	
0.29786238	0.79819277	0.02207811	0.09678716	0.63885810	0.22328869	
0.57446205	0.62349398	0.05455020	0.04598198	0.37049597	0.11724743	
0.00001418	0.55722892	0.03962624	0.10091555	0.16036799	0.07516897	
0.29786238	0.84939759	0.01407889	0.15395555	0.21030054	0.18360750	
0.00000709	0.23795181	0.06667575	0.16625395	0.18337600	0.13240207	
0.29786238	0.10542169	0.18121508	0.99535828	0.12111896	0.00000000	
0.00001418	0.56325301	0.03611503	0.12369759	0.01064347	0.11599539	
0.27658548	0.18674699	0.47873329	0.93509540	0.00000000	0.49684515	
0.00000709	0.26506024	0.18028580	0.27263762	0.02071754	0.00000000	
0.54609285	0.10240964	0.08943525	0.61655895	0.00000000	0.60564342	
0.71630803	0.12650602	0.08028498	0.23542430	0.22893103	0.00000000	
0.74467723	0.05722892	0.04842274	0.38165305	0.49110306	0.42708249	
0.00002128	0.30421687	0.11636860	0.15404231	0.08388942	0.01984148	
0.29786238	0.88253012	0.01388353	0.94950499	0.18771024	0.59081246	
0.43261607	0.29819277	0.06754695	0.10983749	0.54455459	0.00000000	
0.00001418	0.30120482	0.05377931	0.49068293	0.01287798	0.03080818	
0.58155435	0.13855422	0.09879671	0.15607397	0.49878391	0.37744997	
0.00000709	0.48795181	0.14130874	0.10149396	0.40219963	0.00000000	
0.59573895	0.16867470	0.10551553	0.32770205	0.01846420	0.23178189	
0.00000000	0.29216867	0.20152466	0.13598876	0.15076915	0.00000000	
0.58864665	0.69277108	0.08906829	0.04673897	0.43185352	0.00000000	
0.29077008	0.72289157	0.04081424	0.05600651	0.66277609	0.23631139	
0.00000000	0.25301205	0.06156734	0.16625395	0.19571720	0.00000000	
0.57446205	0.72289157	0.05454756	0.11891126	0.00272943	0.00000000	
0.00001418	0.45783133	0.03690439	0.10091555	0.27452701	0.10774876	
0.29786238	0.87349398	0.02188803	0.08169795	0.45073441	0.10473840	
0.29786238	0.92168675	0.01552562	0.16563216	0.50746831	0.00000000	
0.42552377	0.50602410	0.05848909	0.33313185	0.00000000	0.00000000	
0.74467723	0.84939759	0.02144979	0.10568018	0.13723186	0.00000000	
0.00000000	0.55722892	0.18475005	0.29913593	0.00000000	0.00000000	
0.00002837	0.26807229	0.04858114	0.79861283	0.14428536	0.00000000	
0.00000000	0.23192771	0.08766380	0.17272489	0.13951787	0.18980935	
0.00000000	0.30120482	0.20790291	0.18721400	0.00515345	0.00000000	
0.70921573	0.03614458	0.18204405	0.45371544	0.00000000	0.00096446	
0.27658548	0.61144578	0.23117985	0.08205945	0.53489577	0.00000000	
0.74467723	0.26807229	0.13437080	0.09112599	0.07727616	0.04295452	
0.00000000	0.17168675	0.12502782	0.14280674	0.18554788	0.08796578	
0.74467723	0.12349398	0.16684025	0.16683959	0.57148902	0.00000000	
0.59573895	0.37951807	0.08971773	0.04536598	0.49541420	0.00000000	
0.59573895	0.07831325	0.38432929	0.58965575	0.39771574	0.00000000	
0.27658548	0.74096386	0.03042845	0.10159518	0.11645784	0.00000000	
0.58155435	0.03614458	0.11175650	0.26274684	0.44657467	0.15030248	
0.59573895	0.03915663	0.17819228	0.20461685	0.15486173	0.00096446	
0.58155435	0.93373494	0.03368622	0.04774468	0.42224905	0.21228403	
0.59573895	1.00000000	0.03703111	0.09727881	0.30236792	0.11794532	
0.29077008	0.50301205	0.07629857	0.07021655	0.77991836	0.00000000	
0.44680066	0.68072289	0.01650242	0.17651346	0.36913915	0.34028320	
0.29786238	0.47891566	0.04415913	0.24412211	0.16091867	0.03296538	
0.29786238	0.48795181	0.05060867	0.62107776	0.00690720	0.08096115	
0.00002128	0.29216867	0.11402955	0.20124763	0.00071096	0.00000000	
0.27658548	0.06927711	0.19123391	0.15945043	0.40658259	0.37744997	
0.43261607	0.93072289	0.06679455	0.11457320	0.02034815	0.00000000	
0.27658548	0.44879518	0.56068438	0.85825392	0.00000000	0.09311577	
0.58155435	0.43975904	0.07503929	0.08556605	0.50069976	0.00000000	
0.00000000	0.16265060	0.12448662	0.67755929	0.13108310	0.00000000	
0.74467723	0.41265060	0.01131771	0.32363874	0.45186412	0.32625444	
0.00000000	0.43072289	0.11202051	0.19873155	0.00815652	0.00000000	
0.27658548	0.56927711	0.21295325	0.06237912	0.48951720	0.28051618	
0.00000709	0.66265060	0.09233397	0.10064803	0.11886090	0.18093205	
0.29786238	0.59036145	0.04087232	0.17289118	0.00000000	0.13224739	
0.29786238	0.77409639	0.02000571	0.18794424	0.13697234	0.36284505	
0.29786238	0.25301205	0.20455802	0.14685559	0.06055259	0.00000000	
0.00000000	0.41265060	0.27938110	0.56685202	0.00000000	0.29691459	
0.56736975	0.11144578	0.08284579	0.86770366	0.00000000	0.38388524	
0.74467723	0.22891566	0.02426140	0.52702864	0.41202538	0.33730933	
0.60992355	0.14457831	0.26396082	0.95322126	0.00000000	0.03850317	
0.27658548	0.28614458	0.17752435	0.10730695	0.53662334	0.01133216	
0.27658548	0.07831325	0.12641382	0.81355745	0.03101225	0.59598608	
0.27658548	0.02409639	0.19686504	0.99572701	0.19158018	0.54649392	
0.58155435	0.99096386	0.03151614	0.02660098	0.55832073	0.00000000	
0.27658548	0.12349398	0.16458832	0.18555831	0.77607308	0.10465863	
0.74467723	0.43674699	0.02687237	0.04264457	0.48089686	0.01696570	
0.44680066	0.28915663	0.07258936	0.03095422	0.74482362	0.39239025	
0.41843147	0.75602410	0.02317108	0.24618992	0.16446037	0.24118512	
0.42552377	0.30421687	0.06290846	0.12314810	0.38074875	0.00000000	
0.70212343	0.33433735	0.01774586	0.76095848	0.54247375	0.00000000	
0.00000709	0.42771084	0.07364273	0.09382282	0.24267582	0.07892834	
0.58864665	0.30421687	0.10257984	0.27310035	0.00025556	0.00000000	
0.74467723	0.39457831	0.00711112	0.21345203	0.50550587	0.31203510	
0.00000709	0.14759036	0.14607395	0.95011232	0.01150921	0.00000000	
0.43261607	0.49698795	0.04787626	0.55561645	0.22374058	0.00000000	
0.00000000	0.22891566	0.08839772	0.76450846	0.15140427	0.00000000	
0.00000709	0.24698795	0.05258603	0.78012547	0.19335316	0.00000000	
0.74467723	0.35240964	0.01290673	0.81558910	0.52521755	0.22315426	
0.00002128	0.25903614	0.17361714	0.37534840	0.00028798	0.00000000	
0.44680066	0.30120482	0.07502345	0.07455461	0.89710138	0.29177642	
0.74467723	0.20783133	0.06341798	0.62163448	0.00773792	0.28385200	
0.29786238	0.09337349	0.22400959	0.46075756	0.03607382	0.00000000	
0.27658548	0.23795181	0.24309156	0.10083602	0.66223453	0.00000000	
0.00000000	0.21385542	0.10870202	0.26858876	0.02221858	0.29007601	
0.29786238	0.84939759	0.05661204	0.08589863	0.38300041	0.00000000	
0.43261607	0.61445783	0.04761226	0.62422285	0.00000000	0.29033011	
0.73758493	0.62048193	0.01683242	0.15446889	0.17036805	0.00000000	
0.87233861	0.31927711	0.17321850	0.17736661	0.00000000	0.00000000	
0.00000709	0.78313253	0.08492612	0.15210465	0.03008791	0.00000000	
0.60283125	0.28313253	0.24630709	0.35643446	0.00000000	0.55825941	
0.73049263	0.33734940	0.16577896	0.17497345	0.01581821	0.00000000	
0.86524632	0.59638554	0.03045221	0.15407123	0.01439166	0.00000000	
0.00000000	0.17168675	0.15486254	0.31158616	0.00880955	0.06152505	
0.44680066	0.10843373	0.22901769	0.62636296	0.00157653	0.00000000	
0.43970836	0.49397590	0.50311904	0.78572157	0.00000000	0.00000000	
0.29786238	0.43975904	0.18156885	0.05937574	0.41648987	0.00000000	
0.00000000	0.15963855	0.15665246	0.52433904	0.27703877	0.05170787	
0.00001418	0.31325301	0.08742092	0.55954239	0.00025199	0.00000000	
0.00002128	0.38554217	0.04897978	0.12225880	0.01613016	0.00859547	
0.88652321	0.64457831	0.05218739	0.13193990	0.00439525	0.06232843	
0.44680066	0.48795181	0.11967917	0.05193958	0.62185035	0.00000000	
0.58155435	0.27710843	0.03714463	0.19912921	0.44768497	0.12960105	
0.00000000	0.17168675	0.14765796	0.18680912	0.07287515	0.14773488	
0.58155435	0.80421687	0.00612851	0.04826597	0.63863294	0.29021488	
0.70212343	0.05722892	0.08795420	0.19004097	0.17315796	0.31715702	
0.55318515	0.07530120	0.15050124	0.62460605	0.00000000	0.42881540	
0.43261607	0.63855422	0.02897909	0.14634949	0.52017462	0.00000000	
0.59573895	0.59337349	0.07810170	0.34477231	0.00000000	0.13583052	
0.29786238	0.34638554	0.13667289	0.96846231	0.00000000	0.02192319	
0.43261607	0.65060241	0.08055954	0.02398224	0.55544599	0.00843106	
0.74467723	0.67771084	0.00709053	0.07455461	0.56284345	0.19986556	
0.74467723	0.84036145	0.02496364	0.07709960	0.26543110	0.09141270	
0.59573895	0.64759036	0.05066147	0.03090072	0.39956170	0.00000000	
0.58155435	0.31927711	0.03196494	0.25563243	0.42709787	0.41467140	
0.00000000	0.17168675	0.10238976	0.26467005	0.07836375	0.00000000	
0.27658548	0.02108434	0.20094914	0.92988250	0.29413386	0.07648720	
0.42552377	0.07831325	0.06747567	0.90666666	0.58140018	0.00000000	
0.29786238	0.09939759	0.14048242	0.86599012	1.00000000	0.00000000	
0.71630803	0.12048193	0.22195567	0.20324313	0.29005565	0.00000000	
0.72340033	0.06927711	0.05746212	0.41416680	0.40188130	0.42558447	
0.29786238	0.71686747	0.07014208	0.02114153	0.49056538	0.10821294	
0.00000000	0.46987952	0.07315433	0.83897124	0.09367363	0.00000000	
0.29786238	0.17168675	0.10650553	0.26736688	0.00039746	0.26649480	
0.00000709	0.48493976	0.15516614	0.14988501	0.03571996	0.00000000	
0.42552377	0.00301205	0.15679502	0.44572618	0.17916483	0.35722379	
0.00000000	0.35542169	0.09156309	0.15337714	0.35256426	0.12532475	
0.29077008	0.48795181	0.66207121	0.82911662	0.00000000	0.21124547	
0.42552377	0.02710843	0.11699692	1.00000000	0.44556337	0.57902186	
0.74467723	0.19277108	0.00105943	0.08097494	0.87442956	0.10341338	
0.27658548	0.78313253	0.09374110	0.06318889	0.58106437	0.00000000	
0.42552377	0.43674699	0.02138643	0.18745260	0.30076459	0.34551149	
0.29786238	0.35240964	0.11830900	0.11586739	0.48177617	0.00468408	
0.59573895	0.28012048	0.02111187	0.08097494	0.47448353	0.00000000	
0.58864665	0.08433735	0.11066354	0.19324391	0.00000000	0.54189941	
0.27658548	0.47590361	0.51801131	0.50056648	0.00000000	0.40899844	
0.29786238	0.81626506	0.01691426	0.25037615	0.19141790	0.36542004	
0.27658548	0.03915663	0.20230082	0.20461685	0.15486173	0.00096446	
0.00002837	0.30120482	0.18888430	0.75001934	0.00000000	0.00000000	
0.58155435	0.64457831	0.10343256	0.07041176	0.52112381	0.00000000	
0.29077008	0.09638554	0.13886409	0.06474336	0.71753397	0.27300689	
0.43261607	0.63253012	0.02562364	0.32718871	0.00000000	0.18270042	
0.70212343	0.08433735	0.05673612	0.43655119	0.20285261	0.54881333	
0.43261607	0.05722892	0.17084250	0.25041953	0.00000000	0.39528435	
0.42552377	0.10240964	0.10009295	0.64472018	0.00000000	0.62559481	
0.29077008	0.62048193	0.13157768	0.08362838	0.07717115	0.00000000	
0.42552377	0.13855422	0.05275763	0.93797298	0.02339895	0.97946801	
0.00001418	0.38855422	0.04248801	0.49049495	0.27278780	0.00000000	
0.75176953	0.41566265	0.10888682	0.09112599	0.07128346	0.01282908	
0.86524632	0.12650602	0.12836215	0.32851182	0.12748434	0.00000000	
0.00000000	0.67168675	0.12281813	0.12948890	0.01405183	0.00000000	
0.00001418	0.37951807	0.09151557	0.13445597	0.22324949	0.00000000	
0.43261607	0.16265060	0.09122517	0.65054764	0.22985886	0.00000000	
0.74467723	0.78313253	0.02728421	0.06490966	0.04006895	0.11045376	
0.74467723	0.21084337	0.04065320	0.08097494	0.15741192	0.30934192	
0.42552377	0.00903614	0.23399938	0.61875690	0.00000000	0.33535777	
0.00000000	0.45481928	0.09797567	0.10064803	0.08270012	0.22325619	
0.74467723	0.21987952	0.05357603	0.09780660	0.15741192	0.17888890	
0.55318515	0.00903614	0.17555755	0.57023571	0.06702784	0.05116613	
0.39715457	0.69578313	0.14504963	0.05627764	0.57289436	0.00000000	
0.00000000	0.27108434	0.06510494	0.84821131	0.15150968	0.00000000	
0.74467723	0.61144578	0.06725391	0.07814797	0.47560547	0.00000000	
0.29077008	0.25301205	0.13310888	0.12251185	0.62704857	0.24011405	
0.00000000	0.69879518	0.05976949	0.27317265	0.03954233	0.00166333	
0.00000000	0.23795181	0.06916263	0.60418825	0.12554889	0.10201774	
0.00000000	0.75000000	0.07996818	0.11172454	0.29025558	0.00000000	
0.27658548	0.07831325	0.16223872	0.98068841	0.03138902	0.45818480	
0.29786238	0.24096386	0.06870591	0.15235047	0.03750148	0.18691230	
0.42552377	0.42168675	0.02838773	0.18745260	0.02608696	0.33374748	
0.27658548	0.68674699	0.13707153	0.05908147	0.72425205	0.00000000	
0.29077008	0.82228916	0.03566623	0.05326775	0.63640069	0.70152978	
0.43261607	0.42469880	0.08014242	0.02662484	0.53457161	0.04652051	
0.58155435	0.22289157	0.03457063	0.08097494	0.46549050	0.30073350	
0.58155435	0.05421687	0.05593356	0.30256300	0.24083179	0.57802466	
0.27658548	0.03012048	0.10204392	0.39677118	0.37835734	0.50897259	
0.00000000	0.25301205	0.10136544	0.77978566	0.09134569	0.00000000	
0.74467723	0.27108434	0.10849082	0.24570550	0.00000000	0.00000000	
0.74467723	0.22891566	0.00930523	0.08097494	0.56833671	0.33730933	
0.29077008	0.24397590	0.13409360	0.02439652	0.43081504	0.01740728	
0.29077008	0.49397590	0.09804959	0.01682805	0.77540923	0.29177642	
0.43261607	0.06927711	0.08842148	0.86246906	0.13012809	0.52376809	
0.29786238	0.71987952	0.01964931	0.18785748	0.49300920	0.32699459	
0.58155435	0.87951807	0.00773047	0.53970300	0.50844467	0.40971790	
0.42552377	0.05421687	0.06458222	0.91207477	0.24083179	0.71010718	
0.00000000	0.26204819	0.06699255	0.64401886	0.00365785	0.13629278	
0.29786238	0.89759036	0.02681429	0.75687347	0.13786058	0.18360750	
0.43970836	0.84036145	0.07752354	0.32319047	0.00000000	0.28217670	
0.00000000	0.40662651	0.13022863	0.93022955	0.00000000	0.12719417	
0.00000709	0.51506024	0.03328494	0.15852497	0.07915745	0.15171925	
0.27658548	0.58132530	0.24563653	0.07952892	0.68049622	0.00000000	
0.00000000	0.16566265	0.13203704	0.49997361	0.30812905	0.05170787	
0.00001418	0.68975904	0.07518977	0.08534915	0.17866345	0.10341338	
0.86524632	0.26807229	0.02492932	0.25142451	0.45128373	0.10341338	
0.57446205	0.72289157	0.04735354	0.04598198	0.14724182	0.05394293	
0.00000709	0.14156627	0.19257239	0.52102766	0.07511050	0.00000000	
0.46098526	0.72289157	0.06347606	0.43125152	0.00000000	0.24287076	
0.54609285	0.09638554	0.08181619	0.90279855	0.00000000	0.92992414	
0.00001418	0.32530120	0.13364744	0.11758815	0.19028955	0.00000000	
0.29786238	0.79216867	0.06129541	0.02043660	0.68655433	0.00000000	
0.44680066	0.24397590	0.13233008	0.03095422	0.31992694	0.00000000	
0.00000000	0.28915663	0.06086773	0.28043890	0.00916229	0.10340038	
0.27658548	0.01204819	0.21497813	0.89269811	0.18307417	0.23014648	
0.59573895	0.28614458	0.00015998	0.79230096	0.90340990	0.10341338	
0.00000000	0.31024096	0.36018115	0.45182838	0.00000000	0.00000000	
0.58155435	0.15060241	0.06547455	0.82774290	0.19453508	0.12318365	
0.27658548	0.02710843	0.13348112	0.99912516	0.14158318	0.54237659	
0.00004965	0.38855422	0.60031881	0.97813618	0.00000000	0.12898751	
0.42552377	0.08734940	0.05338859	0.19244860	0.03101225	0.49628377	
0.00001418	0.62349398	0.05321963	0.21807930	0.17068910	0.00000000	
0.43261607	0.92469880	0.01633346	0.06823550	0.29448326	0.25961929	
0.58155435	0.40662651	0.02254803	0.70659537	0.57602339	0.01696570	
0.29786238	0.70783133	0.20182826	0.41483920	0.00000000	0.28688497	
0.00000709	0.19578313	0.08715692	0.20476145	0.01210533	0.12547101	
0.00000000	0.39457831	0.08217259	0.39763156	0.10651795	0.00000000	
0.42552377	0.03012048	0.12953695	0.85338806	0.06667767	0.08022130	
0.43261607	0.41566265	0.10056024	0.19545632	0.00000000	0.00000000	
0.29786238	0.71686747	0.20495931	0.48488439	0.00000000	0.00000000	
0.59573895	0.51506024	0.03702847	0.07822027	0.49355270	0.16863768	
0.74467723	0.33132530	0.03739543	0.08097494	0.29170751	0.02281004	
0.56736975	0.72289157	0.01809170	0.53668805	0.40011103	0.00000000	
0.29786238	0.92469880	0.02342452	0.16064339	0.19315827	0.21390024	
0.46098526	0.09036145	0.31423711	0.37248528	0.00000000	0.00000000	
0.58155435	0.87349398	0.04996187	0.04259396	0.47062854	0.07675297	
0.42552377	0.07228916	0.06321998	0.89864125	0.36419522	0.00238589	
0.47516986	0.30421687	0.15742334	0.62741856	0.00000000	0.00000000	
0.74467723	0.76204819	0.09699359	0.12745001	0.00043750	0.15510530	
0.73758493	0.34337349	0.10243992	0.07556682	0.46436079	0.07892834	
0.58155435	0.11144578	0.11700220	0.23542430	0.00000000	0.01479373	
0.00000000	0.53313253	0.18681454	0.98919823	0.00000000	0.06547116	
0.00000000	0.25602410	0.10359888	0.92431533	0.02965233	0.00000000	
0.00000709	0.27108434	0.06159638	0.11716158	0.01454374	0.08689797	
0.29786238	0.12951807	0.21319613	0.99142510	0.00000000	0.31359369	
0.29786238	0.85843373	0.07885146	0.32336399	0.00000000	0.34716019	
0.00000000	0.18674699	0.12042101	0.16830007	0.07933603	0.16484831	
0.43261607	0.13855422	0.05684172	0.55524771	0.37602999	0.00000000	
0.73758493	0.54819277	0.01259785	0.15446889	0.08682317	0.32754120	
0.00002128	0.26204819	0.05719020	0.11716158	0.02464454	0.08689797	
0.42552377	0.74096386	0.02601964	0.06492412	0.35266326	0.00000000	
0.44680066	0.27108434	0.11272803	0.19985945	0.00066361	0.00000000	
0.00000000	0.69879518	0.05943685	0.23108624	0.08172667	0.00000000	
0.00000709	0.21385542	0.04599657	0.30533213	0.31701726	0.00000000	
0.00001418	0.15963855	0.12141101	0.53229215	0.03512967	0.00000000	
0.00000000	0.33132530	0.12011741	0.27133620	0.00000000	0.00000000	
0.29786238	0.32530120	0.08261875	0.09564481	0.44180544	0.05581338	
0.29786238	0.31927711	0.07824426	0.09178393	0.61778573	0.05581338	
0.29786238	0.32228916	0.17289642	0.41494042	0.00000000	0.24710479	
0.58155435	0.08734940	0.07509473	0.36540701	0.00850415	0.00408464	
0.00000000	0.19277108	0.13902514	0.17328883	0.26125972	0.06861596	
0.27658548	0.01204819	0.28711104	0.52025404	0.00000000	0.00096446	
0.27658548	0.02710843	0.12892711	0.99261807	0.29443667	0.67084998	
0.42552377	0.06325301	0.06365294	0.19834113	0.41568238	0.00258536	
0.58155435	0.05722892	0.11422755	0.43650780	0.14120157	0.51066857	
0.74467723	0.04216867	0.07391729	0.53750505	0.32472917	0.29453313	
0.00000000	0.37951807	0.13193672	0.10084325	0.35998501	0.22325619	
0.27658548	0.06927711	0.16826057	0.30612744	0.14561888	0.58810303	
0.42552377	0.11144578	0.04852306	0.66642494	0.18240857	0.44523744	
0.42552377	0.04518072	0.06436046	0.48238278	0.30492044	0.54332799	
0.00002837	0.18373494	0.05567484	0.18589090	0.07257913	0.00000000	
0.27658548	0.00000000	0.29432882	0.61875690	0.00000000	0.59163829	
0.42552377	0.05120482	0.06083341	0.60599578	0.52905506	0.42558447	
0.58864665	0.52409639	0.01899195	0.03370238	0.68075244	0.10341338	
0.27658548	0.09638554	0.12471102	0.24814928	0.00000000	0.23069900	
0.42552377	0.01807229	0.19978489	0.42523608	0.00000000	0.00096446	
0.58864665	0.11144578	0.06099181	0.65709088	0.03651891	0.42198273	
0.42552377	0.53012048	0.04714498	0.66682983	0.00107629	0.21834701	
0.58155435	0.03313253	0.11461563	0.97932915	0.16631973	0.16530186	
0.27658548	0.01807229	0.12094109	0.30169539	0.32809500	0.43293421	
0.74467723	0.08433735	0.10273560	0.19004097	0.05170767	0.33492935	
0.27658548	0.01204819	0.17373858	0.67742192	0.27177844	0.21777676	
0.00002837	0.65361446	0.48044402	0.99804787	0.00000000	0.45518877	
0.27658548	0.00000000	0.26661930	0.63428715	0.00000000	0.57874412	
0.00000709	0.71385542	0.08337115	0.48980086	0.00000000	0.16171932	
0.58155435	0.06024096	0.05767333	0.94865184	0.24083179	0.56511867	
0.00002128	0.45180723	0.09454894	0.10064803	0.13203753	0.27433945	
0.29786238	0.25301205	0.26525970	0.10886866	0.28724108	0.01319834	
0.42552377	0.07831325	0.08081034	0.95599039	0.07369098	0.78811042	
0.42552377	0.04518072	0.05231675	0.19244860	0.44556337	0.54332799	
0.00000709	0.53012048	0.03505903	0.10506562	0.19969836	0.13211074	
0.42552377	0.64759036	0.03138414	0.23637867	0.00000000	0.21487084	
0.42552377	0.26506024	0.23133033	0.61771577	0.00000000	0.42464636	
0.58155435	0.06024096	0.05233259	0.19244860	0.55819068	0.42558447	
0.00001418	0.46385542	0.03837488	0.10387989	0.12362062	0.14386471	
0.58155435	0.08734940	0.04448385	0.18085875	0.30299683	0.00000000	
0.27658548	0.04819277	0.16938785	0.99383273	0.00119729	0.08689368	
0.27658548	0.03915663	0.22077031	0.82097553	0.01864280	0.13392446	
0.74467723	0.74096386	0.01531706	0.71355795	0.52500209	0.00000000	
0.74467723	0.10240964	0.05366315	0.19244860	0.11550884	0.46342047	
0.72340033	0.04216867	0.07175776	0.73857409	0.48210421	0.42558447	
0.40424687	0.02409639	0.22616648	0.99967465	0.00459875	0.14718295	
0.58155435	0.29518072	0.05976685	0.19181235	0.02339895	0.12806255	
0.42552377	0.00301205	0.15080749	0.19004097	0.18856568	0.05028742	
0.00000000	0.33132530	0.05416212	0.31050165	0.15756837	0.00330822	
0.27658548	0.03012048	0.07559105	0.21768887	0.49568983	0.39461512	
0.43261607	0.48192771	0.05690508	0.09015716	0.11405032	0.29422879	
0.43261607	0.25602410	0.05056115	0.58909904	0.00249844	0.15466948	
0.27658548	0.02710843	0.27119444	0.99565471	0.00000000	0.38286440	
0.27658548	0.01807229	0.24962822	0.98120897	0.07460737	0.00096446	
0.58155435	0.06024096	0.09784367	0.73302861	0.00850415	0.00408464	
0.27658548	0.07831325	0.12484830	0.71310246	0.34450878	0.00096446	
0.42552377	0.35843373	0.13439456	0.06780170	0.22509157	0.10341338	
0.42552377	0.03614458	0.11481891	0.98236579	0.64031003	0.14880447	
0.00000709	0.43072289	0.05055587	0.33968232	0.04259022	0.09378500	
0.00001418	0.37048193	0.04322457	0.49049495	0.23543753	0.00000000	
0.56736975	0.05421687	0.10646065	0.79495440	0.19936837	0.00258536	
0.00000000	0.36144578	0.05316683	0.27385951	0.21691574	0.00000000	
0.42552377	0.03012048	0.17812628	0.96577994	0.00000000	0.00096446	
0.43261607	0.37349398	0.07609529	0.07534992	0.45571328	0.41788313	
0.75886183	0.06626506	0.12796879	0.57409658	0.00850415	0.00408464	
0.00002128	0.20180723	0.05321963	0.14405032	0.19201847	0.02542329	
0.88652321	0.46385542	0.03327438	0.34447588	0.42625350	0.00000000	
0.00000000	0.73795181	0.06090205	0.15292165	0.03217748	0.00000000	
0.58155435	0.05120482	0.13025503	0.25041953	0.00000000	0.67446798	
0.00000709	0.13554217	0.17687227	0.84056910	0.03512967	0.00000000	
0.00000000	0.27108434	0.06213758	0.58518032	0.00000000	0.30010267	
0.43261607	0.33734940	0.04376577	0.13488255	0.73473777	0.00000000	
0.74467723	0.66265060	0.00134112	0.21345203	0.54848140	0.17398267	
0.59573895	0.28614458	0.03565831	0.68213594	0.00000000	0.28543866	
0.27658548	0.53614458	0.12725070	0.07150351	0.83180538	0.11665266	
0.43261607	0.09036145	0.09027477	0.12120320	0.76232829	0.08687108	
0.92198471	0.30421687	0.07310680	0.47456704	0.00000000	0.15313306	
0.00001418	0.45481928	0.03499831	0.68410253	0.08415457	0.16316859	
0.00002128	0.57831325	0.10036488	0.14129565	0.01150921	0.00000000	
0.27658548	0.66265060	0.16449064	0.05908147	0.54625886	0.43732484	
0.86524632	0.20180723	0.02414788	0.21345203	0.50488667	0.00000000	
0.00000709	0.21987952	0.13620825	0.49049495	0.00000000	0.00000000	
0.43261607	0.09036145	0.11121266	0.11765323	0.73863158	0.21383523	
0.27658548	0.69578313	0.17408971	0.05908147	0.43229608	0.34926540	
0.58155435	0.11144578	0.11629204	0.66944712	0.19689932	0.00000000	
0.00002128	0.40963855	0.06093109	0.12553403	0.09582862	0.00000000	
0.29786238	0.57228916	0.07034536	0.10103846	0.00087298	0.00000000	
0.00000000	0.48192771	0.10477897	0.28683753	0.00000000	0.29669003	
0.29786238	0.72289157	0.01602194	0.18785748	0.40787535	0.00000000	
0.58864665	0.35843373	0.12773383	0.06960922	0.22769068	0.00000000	
0.00003546	0.56626506	0.59633768	0.99751285	0.00000000	0.00000000	
0.29786238	0.31626506	0.23921339	0.07998441	0.36769305	0.12287489	
0.00000000	0.53012048	0.10122816	0.09868868	0.24398993	0.06647427	
0.00001418	0.24397590	0.18180117	0.22298130	0.03690499	0.00000000	
0.29077008	0.32228916	0.08347675	0.08863884	0.70764611	0.44735446	
0.43970836	0.72891566	0.03478711	0.11044482	0.33639701	0.03922115	
0.59573895	0.29518072	0.03788911	0.08097494	0.05627775	0.18569645	
0.43261607	0.17771084	0.10094040	0.41405835	0.00000000	0.12241086	
0.73049263	0.33734940	0.04625266	0.07550175	0.57736273	0.00000000	
0.58155435	0.48795181	0.01090376	0.06652920	0.76229529	0.00000000	
0.58155435	0.36144578	0.11244819	0.09919478	0.34685943	0.00000000	
0.43261607	0.40662651	0.05502012	0.58909904	0.00792993	0.00000000	
0.29786238	0.34638554	0.12280757	0.10414017	0.03246903	0.00000000	
0.00000709	0.29819277	0.28520759	0.33532980	0.00142310	0.00000000	
0.58155435	0.59337349	0.02238963	0.06457707	0.36623141	0.34216976	
0.74467723	0.81626506	0.01995027	0.09210929	0.07185123	0.28511512	
0.27658548	0.51204819	0.52347877	0.90682572	0.00000000	0.13707384	
0.74467723	0.18674699	0.01731554	0.44979673	0.66402421	0.00000000	
0.29077008	0.45783133	0.08984973	0.08362838	0.24051734	0.00000000	
0.00002837	0.20180723	0.09501622	0.22569982	0.04274589	0.04799577	
0.42552377	0.37650602	0.23987868	0.99086839	0.00000000	0.00000000	
0.42552377	0.33132530	0.03608599	0.90847418	0.36697679	0.00000000	
0.58155435	0.21987952	0.04972426	0.30762407	0.00000000	0.32375184	
0.27658548	0.31024096	0.22457720	0.23449162	0.00000000	0.00000000	
0.59573895	0.21084337	0.04663282	0.40948893	0.17739787	0.17888890	
0.43261607	0.21084337	0.07773738	0.43457737	0.00000000	0.12736288	
0.74467723	0.44277108	0.03368622	0.23882968	0.00000000	0.30979694	
0.58155435	0.87951807	0.00653613	0.04988262	0.63863294	0.10341338	
0.74467723	0.19578313	0.11786812	0.56409735	0.00000000	0.12260247	
0.74467723	0.61144578	0.01147901	0.06652920	0.57778006	0.00000000	
0.41843147	0.78915663	0.02232627	0.15395555	0.32791254	0.00000000	
0.59573895	0.79819277	0.05225075	0.03090072	0.26965684	0.06435326	
0.29786238	0.13855422	0.06848679	0.19150145	0.55344668	0.28317390	
0.29786238	0.15361446	0.12439158	0.11455874	0.59672695	0.00000000	
0.43261607	0.27108434	0.03993512	0.24000095	0.64060896	0.23749474	
0.00000709	0.45481928	0.04133168	0.71600896	0.05870545	0.10120299	
0.58155435	0.73192771	0.05862637	0.09192130	0.05252370	0.00000000	
0.58155435	0.81325301	0.00809109	0.04988262	0.50844467	0.34216976	
0.86524632	0.23192771	0.03757231	0.86275827	0.17626233	0.15774972	
0.00000000	0.26807229	0.26757763	0.29291805	0.00384388	0.00000000	
0.27658548	0.50000000	0.43312718	0.75769048	0.00000000	0.00000000	
0.29786238	0.11144578	0.10144728	0.13470180	0.81994150	0.14561284	
0.00002128	0.27108434	0.25081358	0.36910883	0.00231716	0.00000000	
0.29786238	0.09337349	0.23005785	0.62636296	0.00000000	0.00000000	
0.00000000	0.53915663	0.06031069	0.29366275	0.05909833	0.00000000	
0.00001418	0.47289157	0.04980610	0.08821226	0.20797706	0.00000000	
0.74467723	0.22891566	0.01683506	0.32363874	0.41202538	0.44040952	
0.43261607	0.26204819	0.03571639	0.61179432	0.55378249	0.17383937	
0.58155435	0.10542169	0.30678701	0.37248528	0.00000000	0.12890168	
0.43261607	0.57228916	0.02245827	0.55278948	0.56241059	0.00000000	
0.72340033	0.15361446	0.15815462	0.40614139	0.00000000	0.00000000	
0.57446205	0.53012048	0.05844421	0.91478606	0.00000000	0.05823473	
0.74467723	0.43674699	0.00000000	0.08097494	0.74424130	0.10341338	
0.00001418	0.21686747	0.05217155	0.68405915	0.19201847	0.02542329	
0.58155435	0.57228916	0.00601790	0.79093447	0.60720102	0.00000000	
0.70212343	0.25301205	0.09861983	0.10414017	0.03246903	0.00000000	
0.56736975	0.73795181	0.02775677	0.44994133	0.17626660	0.06722210	
0.29786238	0.29518072	0.23283514	0.07941323	0.38633324	0.32501791	
0.00000000	0.15662651	0.16086063	0.59966944	0.01227588	0.10151619	
0.43261607	0.23795181	0.10389984	0.11160886	0.02387412	0.02281004	
0.86524632	0.34638554	0.03291270	0.41877960	0.27258593	0.00000000	
0.29786238	0.13554217	0.14541131	0.21682849	0.28090734	0.03274555	
0.58155435	0.10240964	0.07301968	0.12120320	0.74970738	0.00000000	
0.00000709	0.71686747	0.07394369	0.11985841	0.15712813	0.00000000	
0.74467723	0.55722892	0.03048917	0.06471444	0.04003828	0.10341338	
0.57446205	0.12650602	0.07425785	0.38591157	0.35224204	0.00000000	
0.58155435	0.50301205	0.00266693	0.06441801	0.64153485	0.29021488	
0.00004255	0.52710843	0.57995643	0.96135512	0.00000000	0.24998264	
0.00000709	0.43674699	0.04834354	0.61251733	0.16587911	0.00000000	
0.27658548	0.28614458	0.18487677	0.10730695	0.53280523	0.32393946	
0.74467723	0.37048193	0.16844273	0.96087794	0.00000000	0.47318122	
0.58155435	0.27710843	0.00303786	0.13067463	0.83091442	0.22315426	
0.86524632	0.35542169	0.03143694	0.15253845	0.01439166	0.07757983	
0.59573895	0.19277108	0.01205348	0.29550642	0.90340990	0.10341338	
0.84396942	0.22590361	0.04179632	0.22147021	0.37885814	0.00000000	
0.00000709	0.36445783	0.07779810	0.45957182	0.11439369	0.00000000	
0.29077008	0.09036145	0.33493740	0.45594231	0.00000000	0.00000000	
0.29786238	0.09036145	0.31470175	0.37248528	0.00000000	0.00000000	
0.26949318	0.53614458	0.51779219	0.88554031	0.00000000	0.23139187	
0.43261607	0.12650602	0.10027248	0.28056181	0.25559177	0.17514829	
0.00000000	0.34337349	0.32168721	0.96520877	0.00000000	0.07872358	
0.00000000	0.44578313	0.07221184	0.92018694	0.09606368	0.00000000	
0.00001418	0.30120482	0.15288253	0.19873155	0.00127256	0.10533613	
0.58155435	0.84036145	0.04891378	0.07835041	0.28032501	0.00000000	
0.00000000	0.42168675	0.06306950	0.13921338	0.29476665	0.08186218	
0.00000709	0.63855422	0.08771132	0.30242563	0.00000000	0.00000000	
0.00000000	0.44879518	0.12066917	0.73801015	0.00000000	0.00000000	
0.00001418	0.61445783	0.32589538	0.93838510	0.00000000	0.76712784	
0.59573895	0.18975904	0.02981597	0.21345203	0.33388137	0.07590956	
0.00000709	0.14457831	0.12834631	0.32484616	0.01227588	0.06828223	
0.00002128	0.31024096	0.04738258	0.32296634	0.01287798	0.13253754	
0.00004255	0.58734940	0.53502088	0.80506208	0.00000000	0.15916206	
0.88652321	0.20180723	0.05229299	0.21421842	0.03790561	0.16108111	
0.43261607	0.65361446	0.38408113	0.80679730	0.00000000	0.09365854	
0.00000000	0.39457831	0.11231091	0.11030022	0.21609466	0.00000000	
0.00000000	0.63855422	0.08950389	0.08833518	0.21018990	0.00000000	
0.43970836	0.81325301	0.02506132	0.12390726	0.25523655	0.00000000	
0.00000000	0.33132530	0.07815450	0.15417968	0.20501498	0.06647427	
0.00001418	0.39457831	0.19268855	0.85197819	0.00000000	0.00000000	
0.58155435	0.64759036	0.02138907	0.07455461	0.39790014	0.22783740	
0.88652321	0.26506024	0.13103119	0.19866648	0.00438348	0.00709698	
0.43261607	0.34638554	0.06984640	0.07534992	0.54147604	0.21948308	
0.29077008	0.09939759	0.26719747	0.25538660	0.00491157	0.00000000	
0.00000000	0.59939759	0.07867458	0.11025683	0.23588398	0.17780010	
0.43261607	0.33734940	0.04452609	0.45396126	0.10281263	0.29598830	
0.29786238	0.40662651	0.21300869	0.07455461	0.69333258	0.00000000	
0.00000709	0.63554217	0.10677481	0.08732296	0.36652646	0.00000000	
0.70921573	0.16265060	0.15151237	0.94148681	0.00000000	0.10240554	
0.43261607	0.71385542	0.09469414	0.06756310	0.34069456	0.00000000	
0.29786238	0.77409639	0.01150383	0.94932424	0.20115611	0.64530983	
0.27658548	0.65060241	0.22502864	0.06147536	0.53892157	0.00000000	
0.00000000	0.24397590	0.17817380	0.19458147	0.05055525	0.00000000	
0.00000709	0.28313253	0.18613342	0.20065476	0.00071096	0.03344729	
0.00001418	0.45783133	0.03716839	0.48701727	0.11049639	0.10120299	
0.44680066	0.84939759	0.01109832	0.91946393	0.19583172	0.50481537	
0.29786238	0.36445783	0.06764463	0.09664256	0.35828851	0.00000000	
0.29786238	0.46385542	0.10110144	0.12938768	0.02314894	0.00000000	
0.29077008	0.68975904	0.05414892	0.12423262	0.00413343	0.29431005	
0.00000000	0.38855422	0.09945143	0.21237475	0.00000000	0.00000000	
0.00001418	0.42771084	0.11663260	0.10064803	0.13203753	0.14313283	
0.00000709	0.20783133	0.04707634	0.30533213	0.37618333	0.00000000	
0.00001418	0.15963855	0.11446515	0.34211887	0.03512967	0.11188220	
0.29786238	0.39759036	0.02991101	0.39579512	0.61774497	0.14132384	
0.29786238	0.58132530	0.09057573	0.07455461	0.57899712	0.00000000	
0.42552377	0.20481928	0.22173919	0.10210851	0.66223453	0.00000000	
0.00000000	0.19578313	0.11874988	0.20751612	0.11186330	0.21592714	
0.74467723	0.49698795	0.04435713	0.06472890	0.50244479	0.00000000	
0.29077008	0.11144578	0.10864658	0.19419105	0.58793191	0.61421934	
0.29786238	0.48192771	0.02744789	0.55143022	0.46143364	0.14132384	
0.27658548	0.38855422	0.23592395	0.09176224	0.66598276	0.10196559	
0.30495468	0.63253012	0.16077351	0.08273908	0.47611015	0.00000000	
0.00001418	0.20481928	0.09003981	0.18680912	0.05349016	0.08703787	
0.29786238	0.52108434	0.10621249	0.12938768	0.01030556	0.25127679	
0.58155435	0.93975904	0.05909629	0.06400589	0.34568313	0.02281004	
0.00000000	0.37951807	0.07515809	0.33771574	0.15840866	0.00000000	
0.29786238	0.40662651	0.03405846	0.55143022	0.44431525	0.00000000	
0.00000709	0.60542169	0.04167752	0.10091555	0.10011006	0.07516897	
0.29786238	0.31927711	0.04419345	0.14240908	0.60809974	0.00000000	
0.00001418	0.46385542	0.05042651	0.19212324	0.04441134	0.10358918	
0.00000000	0.21385542	0.07037440	0.47967872	0.22828659	0.01497204	
0.41843147	0.63855422	0.11297355	0.07041176	0.39737411	0.00000000	
0.00000000	0.46084337	0.08097931	0.26729458	0.00000000	0.00000000	
0.29786238	0.11144578	0.17276706	0.23542430	0.00000000	0.00000000	
0.00000000	0.26807229	0.12159053	0.15344944	0.06074767	0.15924183	
0.29786238	0.84939759	0.03766999	0.10089386	0.38929727	0.26192541	
0.59573895	0.23795181	0.14678412	0.07398343	0.33982301	0.27274984	
0.00001418	0.66265060	0.10867826	0.14129565	0.01210533	0.00000000	
0.58864665	0.31626506	0.12503046	0.06819212	0.27596147	0.31595004	
0.00000000	0.28012048	0.25733704	0.61733980	0.00000000	0.16159523	
0.00002128	0.39457831	0.11438067	0.97140496	0.00000000	0.16170307	
0.27658548	0.48192771	0.45661004	0.92157512	0.00000000	0.07789081	
0.29786238	0.48192771	0.02744789	0.14001592	0.49979327	0.14132384	
0.58155435	0.59638554	0.06065653	0.07184332	0.10141990	0.16126873	
0.00002128	0.16867470	0.11207859	0.24193139	0.03918944	0.00000000	
0.46098526	0.51506024	0.07005232	0.12812964	0.01030556	0.00000000	
0.29786238	0.73192771	0.02765909	0.11044482	0.50805840	0.00000000	
0.43261607	0.74096386	0.02849597	0.16986177	0.10205657	0.43270817	
0.29786238	0.39759036	0.03428550	0.24090472	0.51391269	0.00000000	
0.29786238	0.32228916	0.03178278	0.14001592	0.51391269	0.08696740	
0.00000709	0.44277108	0.12677550	0.18573906	0.00059612	0.00000000	
0.00000000	0.39156627	0.40466790	0.93754641	0.00000000	0.25226512	
0.00002128	0.15060241	0.09407374	0.78938723	0.07836375	0.00000000	
0.00001418	0.27108434	0.24611173	0.58263533	0.00000000	0.00000000	
0.00000709	0.70481928	0.08116675	0.10946875	0.33876901	0.03542145	
0.58864665	0.25301205	0.19281791	0.95073411	0.00000000	0.32307079	
0.39715457	0.64759036	0.11855452	0.06778724	0.51330125	0.00000000	
0.00000709	0.67168675	0.15190573	0.32742731	0.00000000	0.00000000	
0.00002128	0.56325301	0.37482790	0.93906473	0.00000000	0.03756535	
0.87233861	0.12349398	0.21724854	0.22986436	0.02687756	0.04601231	
0.70921573	0.12048193	0.12542646	0.16469225	0.63955301	0.34932006	
0.00001418	0.20180723	0.08160235	0.37279618	0.00000000	0.12207964	
0.00000000	0.28915663	0.19187807	0.55849403	0.00720636	0.00000000	
0.00000000	0.41265060	0.27940486	0.41771678	0.00000000	0.00000000	
0.29077008	0.84036145	0.07188712	0.06849579	0.50027078	0.00000000	
0.27658548	0.71385542	0.03652423	0.16733846	0.61712576	0.00000000	
0.29077008	0.09036145	0.27254348	0.45636889	0.00070587	0.29696482	
0.27658548	0.59036145	0.03370470	0.10393050	0.06375304	0.32336478	
0.00000000	0.47289157	0.12518358	0.15344944	0.10390604	0.10341338	
0.85815402	0.76807229	0.09623062	0.16275458	0.00000000	0.04134482	
0.56736975	0.72289157	0.01808642	0.53668805	0.35256038	0.32699459	
0.00001418	0.23795181	0.04921474	0.47216665	0.20243334	0.18580725	
0.00000000	0.55722892	0.05699220	0.26953591	0.00135284	0.14543807	
0.58864665	0.32530120	0.13738569	0.31040765	0.00009426	0.00000000	
0.27658548	0.77409639	0.04544481	0.13037097	0.00000000	0.00000000	
0.74467723	0.92469880	0.01582658	0.00596845	0.49543361	0.15841305	
0.73758493	0.54819277	0.01943811	0.16480070	0.00000000	0.11543164	
0.00002128	0.37349398	0.09393910	0.20131270	0.03697797	0.00000000	
0.00002128	0.37048193	0.08210395	0.33266913	0.00000000	0.00000000	
0.58155435	0.24397590	0.09454630	0.02439652	0.54201760	0.00000000	
0.42552377	0.12048193	0.25987145	0.20324313	0.23813951	0.00000000	
0.29077008	0.10542169	0.27279428	0.22896059	0.39236612	0.00000000	
0.87233861	0.09638554	0.23836331	0.26305051	0.08964686	0.00000000	
0.29077008	0.18975904	0.14587859	0.27332448	0.00009426	0.05158732	
0.29077008	0.09036145	0.33548124	0.40280108	0.11967421	0.00000000	
0.42552377	0.14156627	0.15317029	0.48816686	0.00009426	0.00000000	
0.00000709	0.55722892	0.05963485	0.15745492	0.05543260	0.17360743	
0.43261607	0.17168675	0.05882173	0.80269784	0.32428660	0.18256303	
0.00000000	0.40662651	0.06766575	0.15417968	0.12107897	0.00000000	
0.29786238	0.10542169	0.15962511	0.23542430	0.06686440	0.24606032	
0.59573895	0.83734940	0.07961706	0.37171166	0.00000000	0.03139675	
0.29786238	0.11144578	0.13282112	0.77418233	0.18727428	0.11454849	
0.00000000	0.52108434	0.06650943	0.12585216	0.05777296	0.00000000	
0.00002128	0.20180723	0.04622890	0.14405032	0.32050926	0.00000000	
0.29077008	0.85843373	0.09811559	0.06828611	0.33685122	0.00000000	
0.00002837	0.38554217	0.14629307	0.94998218	0.00000000	0.05806159	
0.43261607	0.42469880	0.06968272	0.10983749	0.24138112	0.01889880	
0.42552377	0.72289157	0.04082216	0.06817766	0.49288303	0.32198790	
0.00000709	0.54819277	0.04126040	0.65631003	0.02107955	0.00000000	
0.29077008	0.59939759	0.08880429	0.32721040	0.00000000	0.34222590	
0.29786238	0.77409639	0.01611170	0.88650191	0.18813107	0.17859048	
0.59573895	0.25301205	0.02972357	0.23373246	0.46406963	0.32995221	
0.88652321	0.14457831	0.08558876	0.32073224	0.00174518	0.56480399	
0.42552377	0.10542169	0.25834288	0.25538660	0.00491157	0.11739886	
0.00002128	0.78012048	0.36298219	0.99061533	0.00000000	0.36302085	
0.29077008	0.14156627	0.16668449	0.42944400	0.00000000	0.16885780	
0.00004255	0.49698795	0.80322709	0.96144911	0.00000000	0.18916671	
0.57446205	0.61445783	0.06432350	0.08083033	0.02939863	0.15969537	
0.69503114	0.68674699	0.07292200	0.08297767	0.05808159	0.00000000	
0.00001418	0.29819277	0.09203829	0.22041462	0.01644526	0.00000000	
0.73758493	0.57228916	0.06023413	0.09015716	0.06258315	0.14968053	
0.57446205	0.65662651	0.06068821	0.09123445	0.02939863	0.43598342	
0.27658548	0.23795181	0.16581856	0.10983749	0.48402200	0.10537528	
0.29077008	0.31325301	0.08270323	0.31010399	0.00044706	0.00000000	
0.42552377	0.32530120	0.12344645	0.06780170	0.32743698	0.27134341	
0.29786238	0.80722892	0.11403219	0.05876335	0.47773290	0.00000000	
0.00000000	0.25301205	0.07374833	0.22154251	0.00000000	0.04494464	
0.43261607	0.53915663	0.03567943	0.06478674	0.53234714	0.04595174	
0.29786238	0.27108434	0.12428598	0.33980524	0.00000000	0.00000000	
0.74467723	0.09036145	0.30865877	0.43827918	0.00000000	0.00000000	
0.42552377	0.17469880	0.10674313	0.22986436	0.55400571	0.00000000	
0.29786238	0.12951807	0.09782783	0.21345203	0.59562636	0.08197017	
0.00000000	0.34036145	0.09949895	0.22312590	0.00219602	0.00000000	
0.29077008	0.43674699	0.40661359	0.63840108	0.00000000	0.00270902	
0.43261607	0.53012048	0.05300315	0.07514025	0.55359420	0.00000000	
0.29077008	0.61445783	0.40466790	0.55709139	0.00000000	0.00000000	
0.57446205	0.74698795	0.05253323	0.19050370	0.00000000	0.17267671	
0.85815402	0.79819277	0.08331835	0.62808373	0.00000000	0.02200326	
0.00000000	0.42168675	0.07907850	0.38299784	0.00000000	0.00000000	
0.46098526	0.65662651	0.03893720	0.35328214	0.00000000	0.00000000	
0.58155435	0.51204819	0.05070371	0.00596845	0.57674353	0.00000000	
0.29786238	0.54819277	0.05531844	0.18042494	0.06491982	0.00000000	
0.43261607	0.39759036	0.04419345	0.04200904	0.58844630	0.22627439	
0.42552377	0.74698795	0.04982986	0.00000000	0.50731496	0.29065217	
0.74467723	0.69879518	0.02278035	0.01192966	0.29670967	0.00000000	
0.74467723	0.62349398	0.01677698	0.00596845	0.41604148	0.00000000	
0.44680066	0.84939759	0.02022219	0.16064339	0.39600176	0.10341338	
0.00003546	0.53614458	0.48768556	0.96142019	0.00000000	0.83713574	
0.73049263	0.34036145	0.05213723	0.06780170	0.27651079	0.10341338	
0.85106172	0.67771084	0.06688959	0.00424624	0.69090235	0.00000000	
0.00000000	0.30421687	0.05225867	0.27385951	0.29651168	0.03133810	
0.29786238	0.92469880	0.02965229	0.31909100	0.08932949	0.12304464	
0.58155435	0.75602410	0.03260910	0.00596845	0.57295066	0.15841305	
0.00000000	0.39759036	0.08188747	0.57487743	0.10587022	0.00000000	
0.29786238	0.12951807	0.07452185	0.23542430	0.23298594	0.00000000	
0.00000709	0.66566265	0.05590188	0.15292165	0.15432133	0.04027685	
0.74467723	0.84939759	0.01470985	0.05212684	0.53614001	0.12878910	
0.29786238	0.23795181	0.26194121	0.11782675	0.51694272	0.00000000	
0.00001418	0.40361446	0.08692196	0.20529648	0.00056160	0.00000000	
0.58155435	0.81626506	0.08172643	0.91831435	0.00000000	0.00000000	
0.00000000	0.64759036	0.17683531	0.59644482	0.00000000	0.02486383	
0.00000709	0.46987952	0.52678406	0.99042012	0.00000000	0.28229194	
0.00002128	0.54216867	0.09866999	0.10064803	0.11773061	0.05108266	
0.43261607	0.72289157	0.04230321	0.00596845	0.50249914	0.00000000	
0.29786238	0.26807229	0.17165298	0.18054785	0.00433381	0.00709698	
0.29786238	0.09337349	0.29308273	0.62636296	0.00000000	0.39708079	
0.43261607	0.34939759	0.07226200	0.10983749	0.19415269	0.12559658	
0.00000709	0.43975904	0.08866173	0.79807781	0.00000000	0.20512783	
0.46098526	0.61445783	0.04832242	0.06109216	0.30348210	0.27194321	
0.58155435	0.82530120	0.08518748	0.04301330	0.20025739	0.31384779	
0.43261607	0.40662651	0.02517220	0.96306143	0.60193487	0.30186661	
0.00001418	0.25301205	0.05131883	0.33026874	0.07257913	0.00000000	
0.43261607	0.36445783	0.04235865	0.04264457	0.60193487	0.01696570	
0.43261607	0.58734940	0.02348788	0.51964671	0.48052999	0.23482667	
0.43970836	0.81325301	0.02817917	0.34685458	0.16442562	0.00000000	
0.74467723	0.69879518	0.03503527	0.14312486	0.14932829	0.00000000	
0.00000000	0.18674699	0.11851228	0.83562371	0.07257913	0.00000000	
0.43261607	0.81626506	0.02249523	0.13133257	0.22929595	0.34404893	
0.00000000	0.18072289	0.08601908	0.32902516	0.00000000	0.01497204	
0.29786238	0.72289157	0.09655007	0.09285399	0.00087298	0.25139793	
0.58155435	0.51506024	0.02239491	0.05798756	0.42926023	0.27180286	
0.41843147	0.98795181	0.07398065	0.80511992	0.00000000	0.00066872	
0.29786238	0.75602410	0.07828914	0.09285399	0.00752928	0.00000000	
0.00000709	0.79819277	0.05052419	0.10390881	0.05591651	0.00000000	
0.29786238	0.92469880	0.03105150	0.09390958	0.34249588	0.33862564	
0.74467723	0.74096386	0.01387561	0.10048897	0.55638936	0.00000000	
0.00001418	0.78012048	0.05142707	0.10390881	0.05591651	0.00000000	
0.00000000	0.22289157	0.07884618	0.82308672	0.05219294	0.02542329	
0.43261607	0.28614458	0.09038565	0.10656948	0.68134641	0.10341338	
0.00000000	0.22891566	0.11080874	0.88068891	0.00000000	0.01256241	
0.00000709	0.22289157	0.07179472	0.48697389	0.00000000	0.22199159	
0.29786238	0.24096386	0.15493646	0.03300179	0.57150649	0.28478863	
0.29077008	0.49096386	0.18672742	0.03485052	0.73436120	0.00000000	
0.00000000	0.37349398	0.09097965	0.13215680	0.37206242	0.00000000	
0.87233861	0.41265060	0.22098151	0.27206644	0.00000000	0.34909550	
0.63829274	0.23192771	0.32227593	0.61415133	0.00000000	0.11343680	
0.00000709	0.62349398	0.03969224	0.18306393	0.00526242	0.02082583	
0.27658548	0.25301205	0.38182392	0.98263330	0.00000000	0.08452847	
0.58864665	0.49096386	0.13219016	0.01682805	0.69498638	0.00000000	
0.58155435	0.65060241	0.09823703	0.04583738	0.45399542	0.07243206	
0.00001418	0.47289157	0.05284211	0.07329657	0.15132547	0.17360743	
0.27658548	0.77409639	0.03671167	0.29347476	0.00000000	0.11709999	
0.29786238	0.22289157	0.32925083	0.34252375	0.00000000	0.00000000	
0.00000709	0.43975904	0.05705556	0.21823113	0.16712411	0.00000000	
0.70212343	0.62048193	0.05923621	0.83690344	0.00000000	0.00000000	
0.43261607	0.87349398	0.06013117	0.86046633	0.00000000	0.26505293	
0.27658548	0.32228916	0.05546100	0.33762898	0.00000000	0.12241086	
0.00002837	0.27710843	0.10455457	0.37810307	0.06374353	0.00000000	
0.00000000	0.16867470	0.10162944	0.32398578	0.22070279	0.00000000	
0.72340033	0.32831325	0.10749025	0.07673087	0.50271848	0.00000000	
0.46098526	0.83132530	0.05751756	0.04297932	0.44630874	0.08271239	
0.29786238	0.74096386	0.17167410	0.21940963	0.00000000	0.00000000	
0.00000709	0.48192771	0.03837488	0.45596400	0.08415457	0.15691651	
0.29786238	0.58132530	0.10981610	0.07924694	0.48268071	0.00000000	
0.84396942	0.20180723	0.13469816	0.21149991	0.00058287	0.36966295	
0.00002837	0.30120482	0.06007309	0.63749009	0.01623966	0.00000000	
0.29077008	0.48192771	0.01233649	0.23836695	0.35211782	0.39463432	
0.29786238	0.25602410	0.26218673	0.09788614	0.55854396	0.00000000	
0.00000000	0.81626506	0.05347307	0.17562416	0.07838122	0.10341338	
0.00001418	0.21084337	0.04403769	0.19411152	0.36435827	0.00000000	
0.00001418	0.41265060	0.07350809	0.08385251	0.22815265	0.10341338	
0.27658548	0.52108434	0.46034565	0.89777364	0.00000000	0.23253385	
0.29786238	0.77108434	0.11607028	0.04311091	0.59687253	0.00000000	
0.29077008	0.28012048	0.21921798	0.26611607	0.00227819	0.00000000	
0.43261607	0.69879518	0.01822370	0.05850740	0.24761975	0.22783740	
0.00000709	0.45481928	0.05250419	0.19236906	0.08716985	0.24003723	
0.00000709	0.30421687	0.25518808	0.35897223	0.00096793	0.00000000	
0.00000709	0.43072289	0.10373352	0.10419078	0.14558841	0.18441413	
0.43970836	0.12951807	0.14770020	0.24190970	0.11677307	0.40379084	
0.00000709	0.54819277	0.04595961	0.64520460	0.01064347	0.14135531	
0.27658548	0.27108434	0.11127602	0.10983749	0.55613119	0.00000000	
0.43261607	0.87349398	0.06758655	0.03090072	0.35179366	0.00000000	
0.00000000	0.37048193	0.06271310	0.93961422	0.02658931	0.00000000	
0.00000709	0.78915663	0.06023941	0.09868868	0.07804017	0.10774876	
0.00000709	0.79216867	0.04778914	0.09471935	0.21283365	0.12353423	
0.00000000	0.51204819	0.08792780	0.13579354	0.18633732	0.11502242	
0.44680066	0.53012048	0.11999861	0.30655401	0.00000000	0.00000000	
0.58155435	0.84638554	0.07441361	0.10145057	0.00000000	0.00000000	
0.29077008	0.65662651	0.05706084	0.00000000	0.52705575	0.22899268	
0.00002128	0.15060241	0.10845386	0.29826109	0.15590370	0.00000000	
0.00001418	0.56325301	0.03052877	0.25728812	0.02107955	0.00000000	
0.00001418	0.39457831	0.08766380	0.34993460	0.00000000	0.16550277	
0.00000000	0.29518072	0.20650635	0.97863506	0.00303822	0.00000000	
0.29077008	0.70783133	0.10919570	0.13332808	0.00000000	0.06034437	
0.29077008	0.21987952	0.17067354	0.12251185	0.62953897	0.70742434	
0.56736975	0.78012048	0.02435644	0.30283051	0.16359193	0.26406311	
0.00000000	0.32831325	0.13997026	0.26929731	0.00000000	0.00000000	
0.29077008	0.24096386	0.12475062	0.11995240	0.70663675	0.00000000	
0.00000709	0.23493976	0.04569825	0.14405032	0.32213201	0.00000000	
0.27658548	0.23493976	0.35672274	0.46562341	0.00000000	0.00000000	
0.58155435	0.10542169	0.16153119	0.32434728	0.06637641	0.00000000	
0.00000000	0.51506024	0.05527620	0.16052771	0.16334056	0.23794680	
0.58155435	0.51204819	0.04608106	0.17023050	0.00000000	0.00000000	
0.00000000	0.79819277	0.05708460	0.11933061	0.12326637	0.13645351	
0.00000709	0.59036145	0.05440500	0.19774826	0.00207416	0.07023497	
0.43261607	0.25903614	0.12304517	0.04400238	0.38278883	0.10809742	
0.00001418	0.33734940	0.11694148	0.45690391	0.00071096	0.00000000	
0.57446205	0.66566265	0.02455180	0.14446243	0.14855516	0.31057993	
0.29786238	0.11144578	0.14928156	0.91300745	0.02249887	0.00000000	
0.29786238	0.10542169	0.13961650	0.23542430	0.27793166	0.12143242	
0.00001418	0.78915663	0.05843365	0.18620179	0.03158565	0.00000000	
0.29786238	0.24096386	0.16295944	0.02214073	0.60040336	0.00468408	
0.00001418	0.20783133	0.04356513	0.30533213	0.40799570	0.00000000	
0.60283125	0.39759036	0.07692953	0.57064782	0.00129063	0.00000000	
0.44680066	0.51506024	0.07550657	0.01931449	0.77316146	0.39239025	
0.29786238	0.33433735	0.16144935	0.06258879	0.41490012	0.25366416	
0.29786238	0.30722892	0.11059226	0.16524173	0.04161055	0.00000000	
0.00000709	0.15060241	0.16639937	0.34075961	0.06585368	0.00000000	
0.44680066	0.37349398	0.07632233	0.03095422	0.47128657	0.39239025	
0.27658548	0.57831325	0.45452443	0.70805585	0.00000000	0.26669868	
0.29786238	0.69879518	0.03126534	0.17537833	0.32389451	0.16908974	
0.27658548	0.59036145	0.02402908	0.10833363	0.16489265	0.20061014	
0.00002128	0.65361446	0.08220691	0.07054190	0.12803211	0.00000000	
0.00000709	0.24397590	0.15523478	0.19458147	0.11665602	0.00000000	
0.46098526	0.64457831	0.13127936	0.06916095	0.41177498	0.09042466	
0.56736975	0.12349398	0.09986855	0.23542430	0.44244599	0.00000000	
0.00000000	0.13855422	0.16301752	0.66433544	0.17598612	0.00000000	
0.00000000	0.25000000	0.12791335	0.15399170	0.03956660	0.00000000	
0.43261607	0.33734940	0.03887648	0.54771395	0.33156371	0.18369466	
0.43261607	0.34638554	0.03709711	0.17820530	0.41421880	0.20501112	
0.00002128	0.43072289	0.11789452	0.14240908	0.04412736	0.00000000	
0.58155435	0.79819277	0.04990906	0.06083188	0.39242241	0.00000000	
0.29077008	0.25903614	0.22504976	0.21181803	0.00000000	0.00000000	
0.00000000	0.24698795	0.07693745	0.70326952	0.00000000	0.01497204	
0.27658548	0.40361446	0.09759551	0.15065863	0.01644421	0.00000000	
0.60992355	0.17771084	0.06773703	0.79788982	0.19453508	0.05822291	
0.00000000	0.36445783	0.30404404	0.59987911	0.00000000	0.08577963	
0.00004965	0.52409639	0.64362812	0.93994680	0.00000000	0.29521713	
0.44680066	0.46385542	0.01730498	0.66957726	0.43066364	0.51517148	
0.29077008	0.24698795	0.15078109	0.09112599	0.07727616	0.04295452	
0.72340033	0.63554217	0.01039344	0.19701802	0.51412233	0.02281004	
0.00001418	0.54819277	0.06010477	0.15745492	0.05543260	0.17360743	
0.29077008	0.67469880	0.09745295	0.12423262	0.00413343	0.62214671	
0.56736975	0.30120482	0.09206205	0.09590509	0.89153437	0.04708131	
0.29077008	0.53915663	0.05001203	0.03392724	0.60077799	0.00000000	
0.27658548	0.42469880	0.50365232	0.59635082	0.00000000	0.38915341	
0.27658548	0.69879518	0.04830922	0.13037097	0.00000000	0.34968939	
0.29077008	0.13253012	0.17552851	0.31998031	0.47582481	0.13042540	
0.29077008	0.87349398	0.05525244	0.04581207	0.48105214	0.00000000	
0.68793884	0.49698795	0.00970123	0.35261697	0.48624065	0.39463432	
0.73049263	0.48795181	0.01845074	0.19701802	0.40700381	0.27224459	
0.58864665	0.58734940	0.01676906	0.47247755	0.71577341	0.00000000	
0.45389296	0.89156627	0.01727066	0.03071852	0.71989239	0.11716766	
0.56736975	0.48192771	0.00865817	0.71355795	0.56414203	0.39463432	
0.00000000	0.25301205	0.06476438	0.16625395	0.17221790	0.00000000	
0.29077008	0.64759036	0.02135739	0.14833053	0.71577341	0.00000000	
0.29077008	0.66265060	0.15159685	0.14903185	0.00523583	0.00000000	
0.44680066	0.43674699	0.03171414	0.96747902	0.63049399	0.02348016	
0.41843147	0.77409639	0.07834986	0.88950240	0.00000000	0.38258519	
0.55318515	0.82228916	0.06190262	0.10702498	0.01890203	0.00000000	
0.29077008	0.23192771	0.18772270	0.04146895	0.73436120	0.00000000	
0.29786238	0.63253012	0.35710818	0.92479974	0.00000000	0.11754024	
0.29077008	0.92168675	0.04842274	0.08108339	0.62037513	0.00000000	
0.00001418	0.21084337	0.08458555	0.59812943	0.00000000	0.00000000	
0.29077008	0.72289157	0.05152211	0.05600651	0.39794478	0.78213312	
0.29077008	0.62349398	0.00967642	0.55753243	0.62368079	0.46470427	
0.74467723	0.13554217	0.07997874	0.29512323	0.14635087	0.43673982	
0.86524632	0.11445783	0.17119626	0.21149991	0.00000000	0.24676796	
0.27658548	0.54819277	0.07922106	0.72600095	0.00000000	0.06239963	
0.43261607	0.21686747	0.08781692	0.18247829	0.02072181	0.09873836	
0.29077008	0.08132530	0.21763926	0.21149991	0.00000000	0.50649067	
0.29077008	0.08132530	0.27454461	0.37444464	0.00000000	0.24676796	
0.44680066	0.77409639	0.01113766	0.91946393	0.19583172	0.59935145	
0.42552377	0.57228916	0.02144451	0.59872230	0.30577646	0.33048996	
0.00000709	0.92469880	0.05696580	0.17764858	0.02008649	0.00000000	
0.55318515	0.44578313	0.03606223	0.32718871	0.02616091	0.12073881	
0.29077008	0.28614458	0.16923473	0.07172041	0.40240733	0.13818495	
0.29077008	0.14156627	0.09535414	0.46001286	0.82706720	0.13042540	
0.29786238	0.46385542	0.07991802	0.07514025	0.58863264	0.00000000	
0.29077008	0.15361446	0.08547260	0.28774130	0.89095786	0.34932006	
0.43261607	0.77108434	0.05390868	0.13037097	0.06362648	0.00000000	
0.27658548	0.74096386	0.02951237	0.19184850	0.15433628	0.25418861	
0.29786238	0.24698795	0.17115402	0.11117506	0.36850053	0.00000000	
0.29077008	0.71686747	0.09459910	0.08202330	0.07297065	0.52518190	
0.29077008	0.74096386	0.03124950	0.02390054	0.67977802	0.18613670	
0.27658548	0.94879518	0.10103280	0.39525286	0.00000000	0.00000000	
0.00002128	0.62951807	0.07084696	0.07091064	0.21272883	0.10341338	
0.41133917	0.10542169	0.11676196	0.05968013	0.67947327	0.52273100	
0.00004255	0.80120482	0.28194718	0.96576548	0.00000000	0.56814720	
0.45389296	0.53012048	0.02399212	0.60807081	0.77787828	0.00000000	
0.29077008	0.15361446	0.10816346	0.44845916	0.02974104	0.44322679	
0.44680066	0.66566265	0.00947234	0.34167060	0.49432137	0.02281004	
0.27658548	0.54518072	0.44341528	0.85858650	0.00000000	0.12490032	
0.42552377	0.67168675	0.01628066	0.04742077	0.71577341	0.57416143	
0.29077008	0.59036145	0.01816034	0.78324887	0.33488879	0.02281004	
0.29077008	0.06626506	0.22072807	0.21149991	0.09047395	0.26716995	
0.29077008	0.08734940	0.16791209	0.75418388	0.20268762	0.37065719	
0.43261607	0.28915663	0.03879464	0.90704262	0.55966396	0.04969574	
0.44680066	0.10240964	0.13428896	0.07455461	0.87151600	0.36872779	
0.58864665	0.78313253	0.03705751	0.05480921	0.30765155	0.00000000	
0.58864665	0.89156627	0.04366545	0.05971483	0.06113045	0.02458830	
0.58155435	0.12650602	0.08497364	0.09939000	0.63336484	0.13042540	
0.29077008	0.59638554	0.02532796	0.04742077	0.71734569	0.57416143	
0.58155435	0.09638554	0.18296805	0.21149991	0.00000000	0.40300342	
0.00000000	0.41265060	0.14510507	0.13606106	0.11725601	0.00000000	
0.00000000	0.17771084	0.09043845	0.20348173	0.28385972	0.05170787	
0.00002128	0.15361446	0.12172781	0.57740797	0.03918944	0.00000000	
0.44680066	0.53012048	0.09291742	0.06001922	0.19240708	0.14834502	
0.00000000	0.78313253	0.05653284	0.24786007	0.07067687	0.13072234	
0.44680066	0.84638554	0.01415281	0.16755537	0.61180720	0.48552287	
0.27658548	0.53614458	0.03104358	0.16733846	0.65982953	0.00000000	
0.00000000	0.84939759	0.09642863	0.15124426	0.03344501	0.02113533	
0.29786238	0.26807229	0.16850873	0.34083191	0.00000000	0.00000000	
0.00002128	0.31927711	0.10116480	0.10064803	0.11902453	0.18093205	
0.29786238	0.59036145	0.14309603	0.01882790	0.56381011	0.24441161	
0.46098526	0.46987952	0.12959503	0.01941065	0.78487200	0.02281004	
0.59573895	0.46084337	0.09973919	0.04473840	0.52381803	0.00000000	
0.29786238	0.92469880	0.02856725	0.18098889	0.10598707	0.00000000	
0.00001418	0.41867470	0.10606201	0.10703221	0.14964934	0.01350856	
0.59573895	0.58734940	0.12716622	0.01084226	0.56381011	0.24441161	
0.00000709	0.59939759	0.05797693	0.31408054	0.14363529	0.00000000	
0.73758493	0.70783133	0.05784757	0.15101290	0.00632311	0.23046706	
0.59573895	0.51807229	0.10266168	0.02041852	0.48197027	0.18536405	
0.00001418	0.24096386	0.05117627	0.33453449	0.18604383	0.09638615	
0.59573895	0.47891566	0.14443187	0.00657939	0.66474435	0.09396819	
0.29786238	0.26204819	0.11235843	0.11874497	0.68439973	0.00468408	
0.70921573	0.28313253	0.22168639	0.63660801	0.00000000	0.22519741	
0.00000000	0.60240964	0.11591980	0.10692376	0.10162624	0.00000000	
0.29786238	0.64156627	0.06997576	0.05501237	0.48330574	0.05834361	
0.60992355	0.63855422	0.06063013	0.05501237	0.48330574	0.00000000	
0.27658548	0.81626506	0.02344828	0.12390726	0.19389064	0.11454642	
0.44680066	0.78915663	0.01691954	0.78491180	0.22611646	0.00000000	
0.00000709	0.34939759	0.15469622	0.15723079	0.00300004	0.06056006	
0.00000709	0.25602410	0.05767861	0.53191619	0.09380834	0.00000000	
0.00002128	0.42771084	0.08146771	0.10091555	0.29168422	0.00000000	
0.29786238	0.31024096	0.31700912	0.08163287	0.56659168	0.00000000	
0.43261607	0.64156627	0.27418556	0.99862628	0.00000000	0.01113836	
0.00000709	0.64156627	0.08599796	0.06557483	0.25363322	0.10341338	
0.29786238	0.28614458	0.16110087	0.12267814	0.45473692	0.00000000	
0.00002128	0.25000000	0.04807690	0.12553403	0.25824911	0.02542329	
0.29786238	0.68975904	0.36657788	0.92797376	0.00000000	0.00955588	
0.00002128	0.29216867	0.30293524	0.33706503	0.00000000	0.00000000	
0.29786238	0.69879518	0.07662857	0.05627764	0.37927547	0.19130293	
0.29786238	0.33734940	0.33426684	0.09711975	0.37777113	0.00000000	
0.29786238	0.24397590	0.21174940	0.09208037	0.21993606	0.03112078	
0.57446205	0.81626506	0.03368886	0.10758893	0.00444960	0.00000000	
0.43261607	0.60542169	0.08105323	0.06843794	0.52847274	0.27462457	
0.58155435	0.31325301	0.09074205	0.02439652	0.46877287	0.12679869	
0.57446205	0.54819277	0.01842962	0.15446889	0.00000000	0.00000000	
0.41843147	0.72289157	0.01612226	0.18785748	0.39856593	0.31632971	
0.42552377	0.34337349	0.09915311	0.07840102	0.38807245	0.06973327	
0.88652321	0.32831325	0.10254816	0.29601253	0.00148056	0.00000000	
0.27658548	0.28614458	0.22675256	0.24157712	0.00861880	0.00000000	
0.56027745	0.34638554	0.06811719	0.10817457	0.01656182	0.00000000	
0.00000709	0.40662651	0.07096048	0.15483762	0.05079613	0.00000000	
0.27658548	0.08433735	0.28394831	0.60125283	0.06490934	0.39969567	
0.00000709	0.35542169	0.10345896	0.10565849	0.38057600	0.07738394	
0.00000000	0.41265060	0.14333363	0.13731909	0.13430879	0.00000000	
0.00000000	0.66265060	0.11382891	0.10158795	0.17818672	0.00000000	
0.56027745	0.64759036	0.08136475	0.07015148	0.45197864	0.00000000	
0.27658548	0.27108434	0.03840128	0.24000095	0.76363852	0.23684914	
0.27658548	0.16566265	0.16473088	0.24000095	0.50006114	0.00000000	
0.00000709	0.17168675	0.13035271	0.18680912	0.11480656	0.27568825	
0.00000000	0.62349398	0.05690772	0.19288963	0.06977602	0.05582786	
0.00000709	0.47289157	0.05428092	0.85052494	0.11738645	0.00000000	
0.43970836	0.54216867	0.48161618	0.48896217	0.00000000	0.00000000	
0.00000000	0.38855422	0.10001375	0.13645148	0.24822537	0.00000000	
0.27658548	0.30421687	0.05078291	0.12318425	0.57778977	0.04969574	
0.56027745	0.36445783	0.04887682	0.11949690	0.58467090	0.32106900	
0.43261607	0.72289157	0.09800999	0.13548265	0.00000000	0.04735624	
0.00000709	0.44578313	0.06896463	0.41221467	0.00000000	0.00000000	
0.29077008	0.58734940	0.12992503	0.00137806	0.64877896	0.00000000	
0.70921573	0.34337349	0.09169509	0.09691730	0.15928894	0.10387002	
0.58155435	0.68975904	0.02515108	0.06108493	0.45799599	0.00000000	
0.57446205	0.89156627	0.05212931	0.08991134	0.03639720	0.31895937	
0.73758493	0.73795181	0.03442806	0.11357545	0.36034217	0.00000000	
0.00002128	0.37349398	0.09970223	0.14973317	0.09376933	0.00000000	
0.88652321	0.25301205	0.09796775	0.12149241	0.50563399	0.00000000	
0.73758493	0.81626506	0.02454388	0.10549943	0.13738055	0.31057993	
0.00001418	0.34337349	0.29718266	0.33532980	0.00000000	0.07872358	
0.74467723	0.26506024	0.01743962	0.21345203	0.52122086	0.14329977	
0.00001418	0.35240964	0.08121691	0.23335649	0.01232701	0.00000000	
0.00000709	0.59638554	0.09820007	0.10870236	0.10261017	0.05009669	
0.00000000	0.24096386	0.24012156	0.35819138	0.07090262	0.00000000	
0.73049263	0.39759036	0.11924092	0.06780170	0.22509157	0.23214531	
0.27658548	0.20481928	0.31749224	0.33819292	0.00616485	0.00000000	
0.00000000	0.61445783	0.09813407	0.08833518	0.36652646	0.00000000	
0.00000709	0.77108434	0.12659598	0.14749184	0.00588275	0.01321778	
0.43261607	0.57228916	0.02787557	0.12297458	0.33686286	0.32228041	
0.58155435	0.87349398	0.03890816	0.05173714	0.60650417	0.10341338	
0.00001418	0.78915663	0.04638994	0.16161223	0.21558416	0.00000000	
0.43261607	0.24096386	0.33850141	0.48175376	0.00000000	0.00000000	
0.00000000	0.25602410	0.17364882	0.67584576	0.00330679	0.00000000	
0.59573895	0.23795181	0.16686929	0.07561020	0.49770855	0.03112078	
0.73049263	0.29216867	0.17791244	0.34714379	0.00000000	0.17056264	
0.43261607	0.27710843	0.23063337	0.08131475	0.36703890	0.00000000	
0.29786238	0.97289157	0.02079507	0.13161455	0.34829971	0.00000000	
0.29786238	0.84638554	0.01488937	0.16755537	0.61180720	0.48552287	
1.00000000	0.33433735	1.00000000	0.99736824	0.00000000	0.06500284	
0.29786238	0.82228916	0.11783380	0.05981244	0.31816250	0.00000000	
0.00002128	0.55120482	0.50099119	0.80536575	0.00000000	0.20408335	
0.42552377	0.73795181	0.04674634	0.01115966	0.38595861	0.40246567	
0.74467723	0.75602410	0.05413836	0.20151514	0.00000000	0.00000000	
0.72340033	0.30421687	0.65091718	0.92090995	0.00000000	0.17748986	
0.29786238	0.88253012	0.01769306	0.87476023	0.13961881	0.32656173	
0.00001418	0.82831325	0.07048000	0.12553403	0.01150921	0.00000000	
0.43261607	0.10542169	0.14486219	0.23542430	0.36693797	0.00000000	
0.00000000	0.30421687	0.05815117	0.18810331	0.26301252	0.15924183	
0.74467723	0.27108434	0.09078693	0.04695443	0.49541420	0.00000000	
0.29786238	0.37650602	0.30683453	0.88276395	0.00000000	0.00000000	
0.29786238	0.95783133	0.02026971	0.26678124	0.15875845	0.00000000	
0.43261607	0.31325301	0.09224685	0.04695443	0.49541420	0.13042540	
0.00005674	0.36746988	0.62003966	0.99605237	0.00000000	0.65605596	
0.41843147	0.85542169	0.02751389	0.08169795	0.45828909	0.00000000	
0.46098526	0.24096386	0.21505733	0.09208037	0.29725124	0.52299987	
0.00000709	0.38855422	0.07167856	0.18198664	0.00581495	0.00000000	
0.45389296	0.62650602	0.10428265	0.00597712	0.78868234	0.00000000	
0.43261607	0.11746988	0.16097415	0.21345203	0.35661530	0.00000000	
0.74467723	0.11746988	0.15768998	0.21345203	0.29774427	0.00000000	
0.74467723	0.27710843	0.03636847	0.83913754	0.33230327	0.00000000	
0.43261607	0.17168675	0.07618769	0.98544581	0.00340106	0.04857253	
0.00000709	0.36746988	0.15113485	0.81410693	0.00000000	0.24016280	
0.57446205	0.26807229	0.03983216	0.85657653	0.09697618	0.18403445	
0.27658548	0.11144578	0.23450626	0.59807882	0.00000000	0.18705855	
0.43261607	0.98192771	0.05108123	0.11794966	0.00813815	0.12106279	
0.41843147	0.08433735	0.25082414	0.40304691	0.09128998	0.00000000	
0.56736975	0.09638554	0.23083137	0.40304691	0.06091091	0.21937228	
0.74467723	0.17168675	0.02320276	0.63514030	0.55882541	0.00000000	
0.46098526	0.17168675	0.09367246	0.25599393	0.05107080	0.44311452	
0.00000709	0.72289157	0.08511092	0.82148164	0.00000000	0.10807924	
0.72340033	0.78915663	0.01706210	0.19429227	0.13551284	0.41681058	
0.59573895	0.23795181	0.12001973	0.07533546	0.53265771	0.00000000	
0.00000000	0.29518072	0.18504837	0.41594540	0.00515345	0.00000000	
0.27658548	0.54819277	0.03934112	0.20791378	0.00000000	0.00000000	
0.43261607	0.45481928	0.07829970	0.07439555	0.37359781	0.00000000	
0.74467723	0.76506024	0.01017115	0.11166670	0.51507346	0.00000000	
0.70212343	0.78614458	0.04431489	0.07455461	0.09548641	0.29941867	
0.27658548	0.18072289	0.23924771	0.67759544	0.00000000	0.00000000	
0.58155435	0.40662651	0.02640508	0.01695820	0.61702677	0.00000000	
0.29786238	0.15662651	0.11115194	0.21345203	0.43202433	0.33295858	
0.43261607	0.84939759	0.03721063	0.07066481	0.07804133	0.39418226	
0.43261607	0.80722892	0.03155046	0.07066481	0.09377825	0.13536797	
0.74467723	0.27108434	0.02958893	0.90313837	0.33230327	0.14204020	
0.59573895	0.18072289	0.04762282	0.26736688	0.01295452	0.00000000	
0.00002128	0.21686747	0.08791988	0.19579613	0.00000000	0.07723532	
0.73049263	0.63253012	0.03577183	0.10648272	0.28549799	0.00000000	
0.46098526	0.15361446	0.09724703	0.90176465	0.03753855	0.31431315	
0.58155435	0.48795181	0.01530122	0.01695820	0.61771974	0.10586738	
0.59573895	0.19578313	0.04439145	0.21345203	0.04991547	0.31772579	
0.27658548	0.12048193	0.21152764	0.80695637	0.09344769	0.00000000	
0.59573895	0.38855422	0.02094555	0.67164507	0.48748877	0.00000000	
0.74467723	0.43975904	0.00669453	0.21345203	0.43222815	0.18969264	
0.00000000	0.31325301	0.05882701	0.16625395	0.00000000	0.00330822	
0.43261607	0.56325301	0.08126443	0.06736789	0.42808588	0.18349966	
0.88652321	0.31325301	0.05116571	0.10855053	0.38804333	0.00000000	
0.74467723	0.48795181	0.03415878	0.39995966	0.29781415	0.00593590	
0.43261607	0.94879518	0.04616554	0.11794966	0.01203068	0.34697110	
0.27658548	0.78313253	0.09113541	0.06318889	0.62158249	0.11539707	
0.29786238	0.17168675	0.14034250	0.85668499	0.01082568	0.08727026	
0.27658548	0.13554217	0.15808334	0.24190970	0.14671327	0.00000000	
0.74467723	0.62048193	0.00190582	0.21345203	0.55293618	0.00000000	
0.73758493	0.16867470	0.07620881	0.53866910	0.00555885	0.00000000	
0.00000709	0.23795181	0.06888543	0.16625395	0.17380085	0.13240207	
0.00000000	0.56927711	0.78183776	0.99894441	0.00000000	0.25350756	
0.00000000	0.23795181	0.07327841	0.72354272	0.19201847	0.02542329	
0.00000709	0.28012048	0.04504089	0.16761321	0.19122379	0.15677616	
0.45389296	0.21987952	0.12177269	0.12251185	0.54812035	0.24011405	
0.29077008	0.59638554	0.01842170	0.21089258	0.23820357	0.00000000	
0.29786238	0.59939759	0.32448561	0.80266892	0.00000000	0.18004565	
0.29077008	0.34036145	0.10456777	0.25013755	0.00058164	0.00000000	
0.60992355	0.28614458	0.08275075	0.03095422	0.77954955	0.39239025	
0.44680066	0.84939759	0.05551116	0.05718213	0.16605866	0.20267250	
0.43970836	0.43975904	0.04092512	0.40297461	0.44543332	0.00000000	
0.27658548	0.16265060	0.16408144	0.86706018	0.00000000	0.14693313	
0.45389296	0.79819277	0.03571639	0.05326775	0.72906981	0.00000000	
0.00002128	0.65662651	0.26285730	0.99360136	0.00000000	1.00000000	
0.00000709	0.42469880	0.24307572	0.39393698	0.00000000	0.19562266	
0.00000709	0.59638554	0.11056850	0.10064803	0.15613488	0.00000000	
0.70212343	0.34337349	0.06097597	0.14103536	0.46784503	0.00000000	
0.00000000	0.13855422	0.17066826	0.99393395	0.07707215	0.00000000	
0.43261607	0.39759036	0.04161944	0.67966325	0.10281263	0.18369466	
0.00001418	0.51506024	0.04242465	0.66102406	0.07371855	0.07516897	
0.45389296	0.84939759	0.02520652	0.05600651	0.52385297	0.59083019	
0.00000000	0.24096386	0.19238759	0.20385046	0.22069696	0.00000000	
0.29077008	0.82228916	0.01271665	0.24639959	0.31769664	0.16087281	
0.45389296	0.43373494	0.09497398	0.08981735	0.59149186	0.00000000	
0.29786238	0.64156627	0.07823634	0.09693176	0.03327652	0.39126748	
0.00000709	0.45481928	0.03623119	0.32492569	0.11577341	0.21348363	
0.27658548	0.73493976	0.02816333	0.15061525	0.41984794	0.11454642	
0.00000000	0.36144578	0.12444966	0.16526343	0.06747331	0.14153111	
0.29077008	0.32228916	0.08741300	0.09706913	0.57176660	0.00000000	
0.43970836	0.54518072	0.07669721	0.33444773	0.00000000	0.23100776	
0.00000000	0.37650602	0.31232046	0.33532980	0.00000000	0.28119723	
0.00000000	0.16265060	0.14594723	0.71716577	0.05995629	0.06152505	
0.00001418	0.22289157	0.05128979	0.43449784	0.10081118	0.04799577	
0.43261607	0.39759036	0.06898839	0.09043913	0.28730708	0.10341338	
0.00000709	0.56325301	0.08344243	0.11875220	0.23109339	0.00000000	
0.00000000	0.18975904	0.17135466	0.58287392	0.04510430	0.00000000	
0.56736975	0.64156627	0.03697303	0.10648272	0.42724151	0.00000000	
0.27658548	0.34036145	0.63803394	0.88693572	0.00000000	0.68273514	
0.42552377	0.54216867	0.52102620	0.93483512	0.00000000	0.00000000	
0.70212343	0.22590361	0.21224308	0.10210851	0.75530546	0.00000000	
0.00000709	0.73192771	0.07201912	0.10904941	0.24622023	0.00000000	
0.29077008	0.75602410	0.03641335	0.05627764	0.44659797	0.15570805	
0.00000000	0.43072289	0.10531753	0.10435707	0.05336962	0.12522725	
0.00001418	0.63855422	0.09483142	0.07054190	0.12803211	0.00000000	
0.00001418	0.36746988	0.09932999	0.10064803	0.25841798	0.27433945	
0.00002128	0.34939759	0.05671236	0.45621705	0.03117822	0.00000000	
0.00000709	0.34638554	0.11421171	0.68607635	0.00071096	0.00000000	
0.43261607	0.78313253	0.08364571	0.23872846	0.00000000	0.00000000	
0.00000709	0.49698795	0.07022392	0.60410149	0.00000000	0.16817823	
0.29077008	0.20481928	0.17133882	0.35887824	0.00000000	0.00000000	
0.00000000	0.41566265	0.13437872	0.41372576	0.00000000	0.29141152	
0.29786238	0.87349398	0.04931770	0.10089386	0.57228681	0.00000000	
0.00000000	0.26204819	0.06065389	0.88395692	0.19383959	0.00000000	
0.41843147	0.77409639	0.02323444	0.87232369	0.09431283	0.76328086	
0.00002128	0.28614458	0.13602081	0.25370199	0.00511974	0.00000000	
0.00000000	0.27710843	0.05970349	0.67166676	0.34268222	0.06620392	
0.00003546	0.50301205	0.52524493	0.99228548	0.00000000	0.58366660	
0.00000000	0.56325301	0.09770903	0.09636782	0.13730155	0.09969271	
0.00000000	0.16265060	0.17070258	0.99393395	0.01436141	0.00767932	
0.00000709	0.37951807	0.07200064	0.12092123	0.06876258	0.01625452	
0.00000000	0.34036145	0.09944615	0.10435707	0.18561524	0.17690631	
0.00002128	0.17469880	0.08282203	0.48997438	0.01150921	0.04384269	
0.00000000	0.34638554	0.05406444	0.71582820	0.22934254	0.00000000	
0.00001418	0.66265060	0.05489604	0.09317211	0.05234259	0.00000000	
0.00000000	0.83132530	0.04768882	0.16082414	0.19059741	0.00000000	
0.00000000	0.16566265	0.11672500	0.93493634	0.14154145	0.00000000	
0.00002128	0.36144578	0.08416051	0.11398034	0.26126749	0.20234601	
0.00000709	0.75000000	0.05333051	0.16544418	0.13176268	0.00000000	
0.00000000	0.34638554	0.15568622	0.10084325	0.22468783	0.22325619	
0.00000709	0.70481928	0.08631212	0.83394633	0.00000000	0.00308395	
0.00000709	0.59036145	0.05034731	0.53922582	0.07262455	0.00000000	
0.00000000	0.47590361	0.05469804	0.19749520	0.23380120	0.00000000	
0.00000000	0.43975904	0.12434142	0.88233015	0.00000000	0.00000000	
0.00000709	0.40662651	0.04982458	0.19983053	0.18119248	0.22410270	
0.00000000	0.78313253	0.04915666	0.12830316	0.16826489	0.16821220	
0.00000709	0.58132530	0.05608140	0.95347432	0.00207416	0.04707628	
0.00000000	0.25301205	0.21645654	0.37534840	0.00028798	0.00000000	
0.00001418	0.22891566	0.10267488	0.28394549	0.00744556	0.19651645	
0.00000709	0.18975904	0.09793871	0.23610393	0.04272823	0.19649576	
0.00002837	0.35843373	0.11382099	0.34443973	0.00085513	0.00000000	
0.00000000	0.27710843	0.14580995	0.20467469	0.00958975	0.00000000	
0.00001418	0.32530120	0.04765450	0.12225880	0.20550607	0.03080818	
0.00000000	0.13855422	0.13884033	0.66433544	0.07198303	0.05322022	
0.00000709	0.78012048	0.08124859	0.34565439	0.00000000	0.16171932	
0.00000000	0.22891566	0.27387668	0.42516378	0.01247100	0.00000000	
0.00000709	0.50000000	0.19006967	0.10064803	0.10155966	0.00000000	
0.00000000	0.74698795	0.06191846	0.11202098	0.20150356	0.00000000	
0.00000709	0.14457831	0.14771076	0.29826109	0.17598612	0.00000000	
0.00001418	0.53012048	0.05625036	0.51372526	0.00207416	0.11307500	
0.00000709	0.75000000	0.04613122	0.10502947	0.09298416	0.17887856	
0.00001418	0.25602410	0.15409165	0.35159753	0.00330679	0.00000000	
0.00001418	0.37951807	0.06889071	0.19985222	0.11547177	0.00000000	
0.00000709	0.17771084	0.06893295	0.14405032	0.14154145	0.00000000	
0.00000709	0.77409639	0.05254643	0.53922582	0.05910163	0.00000000	
0.00000709	0.59939759	0.05868973	0.15085384	0.01805288	0.09893307	
0.00000000	0.28915663	0.05985661	0.85936012	0.00469045	0.00330822	
0.00000709	0.15361446	0.08921349	0.33874241	0.24969477	0.00000000	
0.00001418	0.73192771	0.05436012	0.10347500	0.17256652	0.00000000	
0.00001418	0.41566265	0.05041859	0.10232542	0.25520743	0.00000000	
0.00000709	0.24698795	0.10137600	0.13765168	0.20415508	0.14346745	
0.00000709	0.13253012	0.16178463	0.65128511	0.10883929	0.00000000	
0.00001418	0.60542169	0.11920396	0.33430313	0.00000000	0.00000000	
0.00002128	0.43975904	0.05706348	0.12881650	0.25201824	0.00000000	
0.00000709	0.48192771	0.05349419	0.07329657	0.12803211	0.17360743	
0.00001418	0.16867470	0.13262840	0.18505220	0.16651792	0.06152505	
0.00002128	0.45481928	0.05584380	0.10347500	0.16282617	0.00000000	
0.00000000	0.16265060	0.15100813	0.59045106	0.02767903	0.18109456	
0.00000709	0.22891566	0.08724668	0.14280674	0.31568374	0.08796578	
0.00000709	0.39457831	0.05781853	0.78845454	0.03117822	0.00000000	
0.00000000	0.28614458	0.20241170	0.81503962	0.00000000	0.00324427	
0.00000000	0.74698795	0.07214848	0.10390881	0.15517075	0.12433287	
0.00000000	0.15060241	0.17637331	0.36286925	0.02767903	0.18109456	
0.00000000	0.22891566	0.30530596	0.74336042	0.00622025	0.00000000	
0.00000709	0.63855422	0.09807071	0.09884774	0.09950153	0.00000000	
0.00000000	0.63855422	0.09637847	0.10325810	0.13212469	0.00000000	
0.00001418	0.83132530	0.04798186	0.16161223	0.07004874	0.00517658	
0.00000000	0.32831325	0.14978580	0.12070433	0.30255233	0.00000000	
0.00001418	0.21084337	0.10408464	0.12553403	0.11329000	0.00000000	
0.00000000	0.29518072	0.14003098	0.22074720	0.00615852	0.20186587	
0.00002128	0.31626506	0.14839980	0.97406564	0.00000000	0.13080611	
0.00001418	0.59638554	0.36332803	0.99267591	0.00000000	0.53838483	
0.00002837	0.20783133	0.05901181	0.16191589	0.06281278	0.07012757	
0.00000000	0.81626506	0.05646420	0.17562416	0.18741462	0.00000000	
0.00002128	0.37048193	0.07934250	0.16396924	0.04901578	0.00000000	
0.00000000	0.79819277	0.05910157	0.17562416	0.34658380	0.00000000	
0.00001418	0.48192771	0.05759148	0.19774826	0.00000577	0.19322495	
0.00002128	0.15963855	0.10359096	0.55789393	0.12634337	0.00000000	
0.00000709	0.37650602	0.10483705	0.90558937	0.00000000	0.00000000	
0.00001418	0.22891566	0.25481055	0.42516378	0.01247100	0.00000000	
0.00000000	0.16265060	0.13004911	0.50354528	0.24318826	0.14773488	
0.00001418	0.50301205	0.13910434	0.14129565	0.01388018	0.00000000	
0.00001418	0.34939759	0.16239184	0.95947530	0.00000000	0.00000000	
0.00000709	0.84939759	0.06052717	0.25856062	0.00916650	0.00000000	
0.00000709	0.83132530	0.04644802	0.19306315	0.01099909	0.00000000	
0.00000709	0.44879518	0.04938634	0.07329657	0.18483744	0.07467377	
0.00000000	0.29819277	0.17700163	0.66561517	0.00720636	0.00000000	
0.00001418	0.31024096	0.04221873	0.14526497	0.33579139	0.00000000	
0.00000000	0.31024096	0.14900700	0.13658885	0.10881037	0.23637344	
0.00000709	0.64759036	0.05979853	0.11750862	0.05370970	0.26861773	
0.00000709	0.34337349	0.31368799	0.44018792	0.00000000	0.07872358	
0.00000709	0.26204819	0.20685747	0.49003945	0.00000000	0.00000000	
0.00000709	0.45481928	0.03647143	0.24984112	0.23055377	0.00000000	
0.00000709	0.17168675	0.12951055	0.13765168	0.12890075	0.06152505	
0.00002128	0.18373494	0.05631108	0.34591467	0.07257913	0.11963613	
0.00001418	0.68072289	0.07112944	0.08577572	0.09128008	0.29236440	
0.00000000	0.15963855	0.16355872	0.46286151	0.18634198	0.05170787	
0.00000709	0.16867470	0.12340949	0.48205743	0.09911623	0.27209094	
0.00000709	0.39156627	0.09950159	0.10064803	0.13203753	0.27433945	
0.00002128	0.37349398	0.08951973	0.11680730	0.13892022	0.20234601	
0.00001418	0.30722892	0.18330861	0.18721400	0.01597391	0.00000000	
0.00002128	0.55120482	0.67453732	0.99291450	0.00000000	0.74328515	
0.00000000	0.28012048	0.24140196	0.48498562	0.00000000	0.00000000	
0.00000000	0.42771084	0.07883562	0.15292165	0.37702382	0.04027685	
0.00000000	0.47891566	0.06162542	0.15292165	0.00000000	0.00000000	
0.00002128	0.64457831	0.09076581	0.11656148	0.08507542	0.19984340	
0.00001418	0.37951807	0.08859308	0.10338824	0.27544320	0.09802924	
0.00002128	0.36746988	0.09477862	0.10064803	0.29705130	0.27433945	
0.00002837	0.87349398	0.24819734	0.95623621	0.00000000	0.79033824	
0.00000000	0.59036145	0.05649852	0.26940577	0.04650149	0.00330822	
0.00000000	0.25602410	0.05917549	0.30758069	0.08936288	0.14262951	
0.00000000	0.25301205	0.06050341	0.16625395	0.25705340	0.09382593	
0.00000709	0.33132530	0.05239859	0.26658603	0.06956036	0.16075167	
0.00000000	0.36445783	0.05835973	0.91495958	0.02848574	0.00330822	
0.00000709	0.32831325	0.09140733	0.15417968	0.09036389	0.06647427	
0.00000709	0.43975904	0.05242235	0.13722510	0.24675985	0.11532409	
0.00001418	0.32530120	0.12810871	0.11758815	0.29367577	0.00000000	
0.00000000	0.48192771	0.04954474	0.16625395	0.12942406	0.00330822	
0.00002128	0.38554217	0.09550726	0.10064803	0.27696889	0.17630947	
0.00000000	0.20481928	0.09008733	0.23790423	0.05688841	0.00330822	
0.00001418	0.54819277	0.05819869	0.21807930	0.06118518	0.00000000	
0.00000000	0.74096386	0.06220886	0.13921338	0.17950491	0.11883069	
0.00000000	0.20481928	0.07843434	0.19931719	0.15207647	0.04494464	
0.00000000	0.72289157	0.08077866	0.11875943	0.23041984	0.00000000	
0.00000000	0.33433735	0.17190378	0.11758815	0.10338524	0.00000000	
0.00001418	0.55421687	0.14377187	0.10064803	0.11859672	0.00000000	
0.00001418	0.24397590	0.09416086	0.17508913	0.05597843	0.23589922	
0.00000000	0.29518072	0.15854799	0.11403095	0.35343193	0.12522725	
0.00000709	0.34638554	0.10364640	0.10565849	0.47966621	0.07738394	
0.00000000	0.32831325	0.09616990	0.15417968	0.08422057	0.19670998	
0.00000000	0.37951807	0.43192597	0.71535825	0.00000000	0.34214317	
0.00000000	0.66566265	0.08790404	0.10692376	0.13160545	0.00000000	
0.00000709	0.28915663	0.24632821	0.69109404	0.00000000	0.16159523	
0.00000000	0.64156627	0.20349146	0.72441756	0.00000000	0.00000000	
0.00000709	0.44879518	0.19388448	0.41457892	0.00000000	0.00000000	
0.00002837	0.39156627	0.85224146	0.98440468	0.00000000	0.25965475	
0.00000000	0.38253012	0.08953293	0.46190714	0.00091023	0.00000000	
0.00000000	0.40361446	0.08715956	0.75168949	0.00000000	0.00000000	
0.00000000	0.32831325	0.10221816	0.18095997	0.07227205	0.00000000	
0.00000000	0.38554217	0.13065631	0.18213848	0.00000000	0.00000000	
0.00001418	0.49397590	0.08469907	0.86261367	0.00000000	0.12976976	
0.00000709	0.41566265	0.14640131	0.12882373	0.09046677	0.00000000	
0.00000000	0.54819277	0.10626001	0.14277782	0.05494403	0.00000000	
0.00001418	0.30722892	0.14891988	0.14917646	0.08339542	0.00000000	
0.00001418	0.38554217	0.11656924	0.18866725	0.00234712	0.00000000	
0.00002128	0.45180723	0.10776217	0.12882373	0.07291319	0.00000000	
0.00000709	0.28915663	0.15150973	0.12882373	0.26130825	0.00000000	
0.00000709	0.40361446	0.08598212	0.73798123	0.00000000	0.00000000	
0.00000000	0.40361446	0.08202211	0.81848837	0.08077088	0.00000000	
0.00003546	0.34939759	0.75833378	0.97785421	0.00000000	0.08562554	
0.00002128	0.36746988	0.10327944	0.12882373	0.07101773	0.07344138	
