451000              3450                2743.63             482.647             2033.4              91.9474             
287000              3700                4072.39             761.006             1333.57             59.7788             
373000              3900                3493.27             886.708             962.606             354.489             
738000              3700                4340.82             931.577             136.905             0                   
463000              3400                4709.12             730.603             276                 67.8783             
653000              3250                2805.26             576.623             3328.76             10.5533             
360000              3300                4214.4              730.603             416.89              260.395             
556000              3000                4520                659.821             2647.69             198.93              
451000              4100                2843.54             514.879             2159.52             7.11872             
841000              3100                3138.04             540.501             2421.35             52.5586             
642000              3700                4306.01             753.235             168.511             0                   
547000              3250                3093.21             947.25              1096.77             107.991             
841000              3150                2444.21             919.624             2911.65             80.973              
659000              4700                3069.16             677.412             1416.86             7.60628             
567000              3100                3199.43             731.189             2765.11             0                   
554000              3500                2656.51             494.408             1062.39             97.2186             
652000              3400                2412.37             692.417             2534.15             63.6383             
729000              2950                4581.6              581.138             2990.4              2.32639             
745000              3550                2771.7              670.087             2389.21             0                   
384000              4000                3196.8              902.534             1440.83             7.60628             
928000              2950                4065.91             950.618             3947.64             217.825             
554000              3500                2540.63             491.085             1211.66             232.725             
480000              3700                3720.18             735.869             159.121             0.449636            
542000              3950                3405.36             573.235             1190.45             7.11872             
567000              3150                2964.59             525.341             2420.61             233.308             
567000              3200                3434.56             528.671             1389.87             277.398             
928000              2950                3992.7              922.461             4142.36             295.76              
731000              3400                3086.06             584.847             1165.84             0                   
652000              3050                4618.98             689.373             2131.81             1.1753              
455000              3300                2542.11             491.085             1750.41             149.119             
287000              4400                3798.53             916.151             553.282             32.1941             
834000              3100                4609.88             574.39              1468.15             0                   
287000              4000                4186.34             696.926             604.356             48.017              
748000              3650                2675.14             919.624             2094.97             2.09772             
360000              3150                3239.59             518.975             2617.43             71.6467             
731000              3100                4770.96             945.322             978.122             193.305             
841000              3150                3519.69             584.368             1749.24             0                   
638000              3100                4788.78             732.221             957.758             53.5107             
834000              3050                4375.28             471.232             2054.06             0                   
360000              3150                4057.41             628.727             1391.4              236.984             
731000              3100                4633.12             732.221             1049.49             193.234             
841000              3350                2757.66             540.501             2232.13             11.8676             
639000              3900                2805.33             482.647             2641.32             52.5432             
360000              3300                3730.05             509.262             2070.17             62.8563             
642000              2950                4486.67             629.083             3056.3              210.743             
567000              3150                2951.59             902.534             2447.12             115.976             
738000              3900                3997.04             888.428             272.683             0                   
834000              3000                4630.78             618.229             2348.57             120.98              
455000              3300                2749.4              685.123             1517.77             74.2843             
372000              4350                3512.56             720.342             771.9               64.8143             
360000              3150                4606.29             705.471             936.832             169.305             
556000              3000                4256.52             508.892             2960.4              26.1738             
928000              3200                3891.36             467.571             2882.51             0                   
287000              4200                3069.03             731.098             2106.7              4.38501             
554000              3500                2968.53             550.867             754.682             240.206             
451000              3650                2820.52             482.647             1866.55             249.925             
455000              3250                2612.91             587.562             2080.74             10.2274             
841000              3150                3379.94             540.501             1911.69             104.845             
364000              3500                3401.89             923.228             919.933             70.9711             
287000              3800                4084.28             886.708             818.411             0.385014            
653000              3050                3340.87             634.725             2997.8              171.654             
384000              3950                3290.7              755.313             360.608             198.501             
455000              3500                2871.19             494.408             864.297             178.396             
287000              3800                4324.02             735.869             595.29              0.385014            
287000              3700                3241.11             732.317             2030.4              0.385014            
567000              3050                3214.26             921.538             3365.46             189.468             
360000              3300                4409.73             778.508             265.133             120.762             
652000              3600                2411.97             540.501             2772.93             31.9992             
834000              3050                3955.14             464.721             2754.45             205.019             
841000              3150                2492.58             540.501             2869.79             133.644             
834000              3050                4778.73             926.091             1748.97             16.7182             
364000              3500                3082.65             550.984             1204.57             259.323             
556000              3400                3917.76             487.425             3218.14             66.8608             
748000              3650                2566.51             555.859             2203.6              14.3882             
928000              3250                4019.88             484.388             2495.27             10.6508             
632000              3050                3928.85             951.281             2521.82             0.960769            
360000              3150                3411.25             595.223             2381.32             198.965             
550000              3100                4336                955.874             1235.17             12.8543             
469000              4250                3285                731.098             710.093             0.385014            
453000              4250                3842.7              653.686             442.789             49.934              
364000              3800                3085.84             498.611             1947.62             16.783              
360000              3150                3407.74             853.98              2342.17             31.4698             
731000              3100                4413.67             627.158             1253.13             163.539             
287000              4400                3627.02             902.534             551.762             111.871             
287000              3800                4298.57             897.16              677.932             104.578             
463000              3950                2592.26             694                 3050.86             14.607              
287000              3850                3849.51             886.708             655.1               53.6581             
834000              3250                3822.86             467.571             2956.38             143.4               
360000              3150                3378.65             622.402             2478.5              12.8543             
632000              3400                3614.68             669.397             654.054             172.916             
554000              3500                2888.5              656.487             865.034             15.339              
548000              3700                2480.92             499.319             1590.34             206.376             
287000              3900                3298.73             886.708             1249.09             200.487             
653000              3100                2950.09             834.616             2844.74             0                   
364000              3650                3283.08             482.647             1444.76             118.04              
287000              3700                3375.62             664.865             1981.7              211.376             
567000              3150                2873.28             924.652             2424.44             14.1025             
360000              3100                4030.97             934.103             2285.25             23.9375             
632000              3250                3643.13             726.165             560.936             1.55969             
287000              3850                3976.71             744.286             556.493             244.323             
731000              3400                3407.7              560.254             974.593             174.843             
745000              3300                2497.15             540.501             3139.47             217.072             
287000              4200                2913.34             664.865             2220.16             78.8581             
451000              3450                3541.42             510.479             1149.07             0                   
568000              4400                3130.52             677.412             883.753             7.60628             
554000              3500                3175.04             623.942             540.12              235.211             
455000              3300                2659.75             494.408             1596.6              254.311             
287000              3950                3160.49             664.865             1828.26             171.531             
463000              3800                2509.32             694                 2605.44             110.486             
360000              3150                4607.68             642.302             948.395             24.0054             
745000              3200                2359.13             542.73              2652.91             34.038              
287000              3750                3674.45             696.926             1429.79             193.416             
834000              3050                3882.5              467.571             2834.83             68                  
457000              3150                4794.49             899.235             873.404             32.7718             
554000              3500                2857.26             704.068             849.46              175.507             
364000              3650                3814.7              560.362             883.569             41.9041             
287000              3850                3488.28             902.534             1100.11             7.60628             
463000              3800                2416.61             556                 2703.68             145.908             
643000              2950                4539.91             710.679             3232.93             8.73298             
643000              3050                4488.55             686.194             2291.54             347.776             
453000              3150                4252.26             613.894             1266.49             12.8543             
567000              3150                3145.63             886.708             2239.82             208.684             
451000              3100                3376.66             608.335             2348.45             264.071             
560000              4250                2638.61             608.374             1998.37             24.8397             
384000              3950                2969.12             730.175             653.809             226.064             
729000              2950                4145.67             643.123             3528.11             88.4697             
642000              2950                4609.18             550.126             2923.76             246.841             
287000              3850                4063.41             915.172             494.186             204.777             
642000              3700                4345.75             952.567             101.08              105.859             
834000              3450                4103.08             493.877             2430.18             0                   
738000              3000                3520.98             855.546             4019.51             155.71              
547000              3250                3108.67             947.25              1081.31             212.711             
360000              3200                3221.85             853.98              1940.03             147.952             
731000              3200                3455.45             606.353             966.124             0                   
360000              3350                3174.4              536.881             2161.11             217.113             
384000              3950                2822.44             664.865             809.082             251.094             
567000              3100                3102.12             731.189             2816.85             155.214             
729000              3000                4372.59             947.053             2755.67             58.4738             
547000              3250                3581.1              947.25              640.2               162.324             
360000              3350                3955.69             548.663             1233.88             102.023             
287000              4150                3514.71             672.596             726.524             179.985             
648000              3800                2721.89             547.544             1357.26             74.496              
453000              3150                3873.13             533.675             1589.47             152.049             
547000              3250                3751.28             947.25              586.448             0.960769            
734000              3300                4250.7              467.259             1843.41             56.9053             
360000              3150                4035.16             506.38              1504.36             12.8543             
469000              4250                3681.02             755.313             324.849             42.8919             
287000              3800                4143.47             691.239             766.983             244.323             
457000              3450                4193.21             627.897             461.981             116.941             
834000              3050                4152.67             481.121             2363.86             168.432             
554000              3500                3655.93             700.479             155.554             130.435             
287000              3900                3051.12             685.726             2174                108.026             
928000              3000                4970.97             917.062             2214.88             7.68936             
834000              3100                4620.61             900.729             1418.03             0                   
643000              2950                4083.52             690.454             3698.53             186.998             
547000              3250                3967.02             947.25              378.625             262.608             
729000              2950                4207.21             568.893             3385.62             169.055             
451000              3650                3826.69             597.895             769.4               238.738             
458000              3850                2981.81             899.235             1602.68             9.38374             
360000              3100                4498.75             757.83              1479.85             64.398              
632000              3200                3832.44             739.927             561.894             163.837             
729000              3100                3715.74             561.338             1972.42             245.32              
841000              3150                2442.5              540.501             2997.57             14.3882             
547000              3250                3721.26             673.939             555.413             252.328             
547000              3150                4094.07             953.444             1216.64             223.119             
731000              3200                3181.28             572.337             1229                128.05              
547000              3250                3079.49             947.25              1233.76             0                   
651000              3250                2773.31             919.624             1781.96             233.856             
834000              3300                4543.22             510.117             1514.38             0                   
360000              3300                4390.34             787.225             283.277             12.8543             
455000              3500                2764.4              550.867             958.61              37.2384             
480000              3950                3523.34             798.062             173.906             103.568             
729000              3000                4816.98             643.123             2460.3              79.8882             
360000              3350                4073.87             585.414             1105.8              221.054             
556000              3000                4026.73             508.892             3169.5              157.889             
360000              3200                4201.19             853.98              746.426             187.108             
928000              3000                4429.16             764.43              2740.44             26.0381             
287000              4100                3301.34             664.865             1268.08             95.2916             
567000              3100                2953.79             525.341             2933.67             124.198             
378000              4150                4091.88             727.96              712.662             0.385014            
287000              4050                2927.54             902.534             1784.8              93.6777             
641000              3600                2943.77             498.611             1982.75             8.87668             
453000              3350                4410.51             678.598             755.778             12.8543             
729000              3100                4047.01             619.538             1660.16             278.283             
552000              3150                4398.49             778.13              1135.58             100.891             
556000              3000                3834.41             643.123             3398.51             64.2024             
748000              3200                2516.54             584.368             2373.11             99.713              
384000              3700                3583.94             701.7               256.333             261.517             
843000              3000                3931.78             535.865             3652.48             0.734227            
653000              3050                3314.61             886.708             2954.45             75.1168             
453000              3150                3820.8              955.874             1471.67             127.984             
643000              2950                4099.96             580.728             3622.89             8.73298             
642000              2950                4598.49             554.374             2934.45             76.1342             
567000              3150                3348.68             731.189             2016.25             243.974             
641000              3500                3334.37             563.601             606.906             27.8051             
731000              3200                3511.77             609.759             912.872             210.118             
287000              4100                3671.59             664.865             833.36              7.60628             
360000              3350                4425.02             687.613             724.217             227.274             
360000              3500                3461.29             535.674             2159.72             12.8543             
453000              3200                4349.98             658.82              722.878             148.166             
