217000              6000                1100.35             306.231             1725.97             437.002             
227000              6800                1098.17             339.085             2208.7              0                   
217000              6700                1593.15             510.28              48.2528             62.3987             
307000              6700                1165.57             1751.14             398.365             0.587474            
332000              6400                878.61              1317.3              190.475             0                   
227000              5800                1067.59             276.762             3085.23             0                   
227000              5000                1228.42             431.318             2994.82             295.961             
316000              6400                1523.36             1456.46             125.953             0                   
316000              5400                1287.44             570.963             661.795             213.823             
227000              6000                830.762             242.366             3071                411.961             
227000              5800                877.889             184.818             3908.22             314.732             
217000              6700                1127.32             1832.99             518.465             12.0455             
310000              6400                1006.68             1371.05             2283.05             0                   
332000              6400                976.161             249.298             12.4242             0                   
332000              7000                850.205             1222.83             94.7119             0                   
217000              5200                1870.25             470.214             251.965             0                   
227000              5400                901.939             186.579             3908.7              795.067             
332000              6000                934.427             241.873             1695.01             0                   
227000              5000                830.401             1864.83             3208.87             411.961             
332000              5800                876.817             297.966             1138.46             0                   
316000              6100                1372.74             441.008             255.002             110.023             
227000              6400                840.452             238.087             2873.76             411.961             
316000              6000                1241.67             1737.19             356.336             0                   
217000              6700                1072.47             311.18              1725.97             437.002             
217000              5200                1761.95             467.97              552.66              284.855             
227000              6000                867.496             185.219             3923.28             0                   
217000              5800                1672.2              586.466             471.015             60.5982             
227000              5400                851.819             1973.13             3835.01             0                   
316000              5200                1612.73             432.405             323.993             0                   
217000              7100                1182.45             360.694             332.496             0                   
422000              5200                939.404             263.644             1003.39             51.6554             
227000              6000                890.449             232.32              3157.46             0                   
227000              5000                2615.68             614.487             2321                341.516             
227000              5400                1014.25             352.553             2957.74             411.961             
227000              5000                834.331             193.981             3344.78             567.363             
227000              6000                864.528             180.861             3914.41             475.276             
316000              5200                1632.47             600.962             101.52              149.682             
217000              6700                1230.95             1707.75             289.596             138.058             
332000              7700                957.762             260.524             10.7799             0                   
217000              5200                2110.75             584.536             21.2388             123.475             
227000              5000                832.187             1874.88             3224.43             251.418             
332000              6400                814.908             251.269             646.268             0                   
217000              6700                1449.08             1693.01             55.9972             291.506             
422000              5200                1274.82             380.007             588.774             108.048             
217000              5200                2216.02             653.303             0                   0                   
217000              6100                1262.73             1748.66             412.318             234.025             
227000              5400                852.394             236.015             3781.41             550.536             
422000              5400                1419.92             491.579             468.155             0                   
422000              5800                1083.24             288.618             598.972             190.912             
217000              5400                1154.64             320.915             1767.7              0                   
422000              5200                1089.35             277.978             724.437             0                   
217000              6700                1419.84             1707.75             103.316             0                   
227000              5000                916.549             252.391             2985.21             603.082             
227000              5000                1279.27             389.088             2637.37             114.956             
227000              6000                859.681             241.661             3780.51             166.704             
227000              5400                1103.74             470.431             2980.38             4.02359             
227000              5000                2619.55             803.133             2275.97             521.267             
227000              5000                854.283             1957.64             3785.91             185.704             
227000              5000                929.382             321.31              3177.38             19                  
422000              5200                995.012             268.331             855.691             159.704             
316000              6000                1386.24             1780.14             254.716             97.0673             
548000              5000                3275.87             755.852             2120.84             0                   
227000              5000                837.704             249.669             3208.87             251.418             
227000              5400                901.641             242.366             3000.12             648.42              
422000              5800                1021.79             316.916             779.53              0                   
227000              5000                1267.84             332.613             2698.14             329.483             
332000              5800                1474.62             561.598             106.928             0.418426            
227000              5400                814.148             242.366             3835.88             411.961             
227000              5000                939.971             228.636             3850.8              118.643             
422000              5400                908.671             251.699             1167.59             277.993             
217000              6100                1729.46             632.095             47.9883             62.3987             
217000              5200                1767.35             634.389             470.872             60.5982             
316000              6400                1480.91             1748.66             132.017             194.878             
332000              5800                1472.93             1481.68             106.928             0                   
317000              6100                1563.19             1917.68             280.871             0                   
316000              7100                1266.46             342.015             284.653             178.306             
217000              6000                1188.31             306.217             1586.13             182.338             
217000              6700                1073.47             311.18              1526.07             251.497             
548000              5000                3120.01             796.556             2387.06             0                   
217000              5800                2249.6              617.561             0                   0                   
548000              5000                3584.92             890.376             1875.52             53.9962             
217000              6500                1254.22             446.737             689.275             0                   
217000              5600                1406.99             429.325             1057.91             60.5982             
332000              7000                802.933             2357.61             1597.49             0                   
422000              5400                997.834             258.222             1179.59             0                   
227000              5000                1007.82             1957.64             3091.83             0                   
227000              6000                841.63              1864.83             2959.32             653.393             
217000              6100                1714.82             1717.89             52.7163             4.84338             
227000              5400                858.12              241.661             3787.12             0                   
217000              5600                2304.59             609.17              12.2196             0                   
227000              5000                823.088             242.366             3835.88             343.567             
227000              5000                822.703             193.981             3956.23             567.363             
316000              5200                1052.45             384.043             1001.98             0                   
227000              5000                2591.65             614.487             2404.18             90.1261             
217000              6100                1719.76             494.275             64.7522             233.966             
332000              6400                813.438             1567.37             657.778             127.098             
217000              6100                1547.56             1707.75             100.819             216.671             
217000              6700                1123.92             351.298             510.029             279.481             
217000              6100                1549.06             410.1               977.969             0                   
227000              5000                2572.74             587.871             2298.55             640.341             
227000              5400                853.41              183.485             3931.6              185.704             
316000              5800                1669.02             443.285             257.183             179.553             
548000              5000                2931.97             636.263             2393.69             0                   
227000              6000                1029.62             311.603             2723.16             549.808             
227000              5000                2567.94             620.801             2348.97             449.757             
217000              5200                1509.64             476.666             564.516             0                   
422000              5400                1397.27             521.348             335.535             174.768             
332000              7000                800.844             1222.83             555.914             82.4776             
548000              5000                3460.82             812.457             1941.19             13                  
227000              5000                1097.69             281.825             2925.8              411.961             
310000              6400                902.288             1383.69             2377.38             149.559             
227000              5400                1082.36             405.01              2815.48             648.42              
217000              6000                1198.17             325.886             1518.75             731.248             
217000              6700                1341.09             360.764             194.588             218.817             
227000              6000                1034.46             2378.67             2419.51             451.658             
227000              5000                1512.47             514.513             2558.04             4.02359             
217000              6100                1113.88             331.229             818.149             203.485             
548000              5000                2647.09             614.827             2741.36             0                   
227000              6000                893.619             231.967             3296.73             251.418             
217000              5600                1791.83             467.97              326.828             0                   
332000              7000                802.845             290.073             1598.68             0                   
548000              5000                3359.5              697.493             2286.28             671.224             
227000              5000                831.137             193.981             3947.8              817.663             
217000              6700                1133.23             1737.19             416.753             183.922             
316000              5400                1124.88             315.515             1268.84             340.804             
217000              6700                1189.4              337.556             712.562             593.617             
316000              5600                1474.23             453.998             548.504             423.112             
217000              5600                2094.46             584.536             28.6074             105.359             
227000              5800                1201.23             301.077             2676.23             0                   
227000              5400                873.967             200.566             3509.81             314.732             
422000              6000                905.41              247.402             1010.86             0                   
227000              6000                1012.56             1864.83             2842.07             295.961             
316000              6400                1147.02             421.553             800.689             43.7252             
307000              6100                1479.65             1713.1              179.034             38.7745             
227000              5000                860.887             186.692             3929.88             0                   
316000              5200                1777.73             482.232             0                   0                   
332000              6000                1000.99             289.642             842.534             347.76              
227000              5000                814.506             1874.88             3835.88             411.961             
316000              5800                1774.99             461.312             0                   0                   
332000              5400                1026.53             324.836             878.542             347.76              
217000              6700                1108.65             1699.74             762.053             437.002             
217000              6000                1253.85             376.23              1702.22             0                   
316000              5800                1123.27             420.913             840.381             169.873             
217000              5200                1462.73             414.28              898.485             115.934             
548000              5000                3248.4              843.179             2100.7              133.935             
227000              5800                1000.2              223.822             3102.63             567.363             
227000              5000                1229.27             545.881             2980.38             0                   
217000              6500                1212.14             324.328             1345.95             545.62              
217000              6700                1110.39             333.538             1337.95             177.767             
422000              6400                1065.32             231.016             2067.51             0                   
422000              5200                1511.88             444.196             368.969             0                   
422000              6400                1022.81             232.028             2635.11             0                   
217000              6100                1551.71             408.095             724.345             546.874             
217000              6700                1113.44             356.353             798.946             457.855             
422000              5200                1464.45             434.025             417.001             329.456             
217000              5600                1378.54             414.28              788.613             256.819             
217000              6700                1462.62             383.745             48.3851             144.824             
332000              6400                804.541             251.269             1688.9              0                   
316000              5400                1105.57             312.697             1270.91             135.873             
220000              6000                1055.88             1864.95             618.406             364.923             
322000              6400                919.558             2552.57             1907.02             1219.79             
217000              5400                1254.98             346.532             1151.28             0                   
332000              5800                992.045             319.892             300.028             0                   
316000              5200                1484.76             420.713             320.756             182.469             
227000              5400                888.027             231.053             3302.32             135.418             
217000              6500                1824.73             587.093             18.9092             0                   
217000              6100                1250.28             1737.19             413.296             0                   
217000              6700                1584.71             1694.37             48.2528             62.3987             
548000              5000                3142.92             736.34              2303.3              133.935             
316000              6700                1242.32             351.114             437.819             392.8               
217000              5200                1970.23             509.613             162.687             158.847             
422000              5400                1219.61             344.588             598.997             350.457             
227000              5000                1007.8              263.359             3348.08             0                   
332000              5800                1247.66             349.2               190.168             196.364             
332000              5400                908.084             265.487             1307.4              0                   
227000              5000                872.484             1957.64             3773.11             0                   
310000              6400                927.818             1430.42             2605.71             0                   
422000              5600                1294.11             343.612             606.325             0                   
220000              5800                1074.2              1619.5              538.047             0                   
227000              5400                974.27              1957.64             3101.8              123.008             
548000              5000                3691.46             913.893             1800.31             0                   
227000              5400                1286.55             283.109             2623.78             637.009             
217000              6500                1224.41             330.002             1255.93             327.815             
227000              5000                2519.32             650.116             2502.48             735.657             
310000              7400                958.767             1336.41             2733.96             0                   
227000              5400                890.861             1864.83             3159.74             160.543             
332000              7000                800.844             290.083             555.914             82.4776             
316000              5800                1119.58             282.69              1352.68             0                   
422000              6400                838.396             236.718             1424.31             0                   
316000              5200                1412.86             382.981             617.51              368.205             
217000              6700                1138.72             312.096             871.004             0                   
422000              5800                933.646             268.331             721.053             125.393             
217000              6500                1110.68             312.849             1789.66             0                   
307000              6700                1324.03             1747.09             235.277             0                   
217000              6700                1177.95             1699.74             800.517             0                   
227000              5400                877.422             1957.64             3161.68             319.29              
332000              7000                845.415             1342.52             219.189             161.095             
332000              6400                1034.31             1228.74             -5.11591e-13        0                   
332000              7000                887.008             236.455             94.7119             0                   
217000              6700                1345.64             364.207             182.504             0                   
