185000              5400                863.068             257.295             1480.24             78.5459             
300000              3800                1207.27             928.846             -1.98952e-13        0                   
412000              4400                748.005             1599.42             1060.31             189.167             
300000              3400                974.815             300.379             984.661             262.597             
297000              6100                702.087             1698.97             1049.33             32.1806             
300000              7100                1081                794.825             -8.52651e-14        27.4646             
185000              3400                1199.24             417.253             1068.73             108.241             
185000              4400                950.486             267.664             867.988             0                   
185000              3800                1267.1              750.096             1.39767             165.624             
300000              5200                821.675             225.445             1769.57             0                   
185000              5400                693.958             209.789             2113.27             116.606             
399000              3000                839.304             257.517             1313.86             0                   
427000              6400                690.904             269.115             831.507             0                   
300000              3400                1170.3              343.319             0                   0                   
185000              6400                775.366             284.509             662.476             0                   
185000              3800                770.548             269.004             2061.84             5.59117             
297000              5400                813.279             234.395             637.928             296.531             
185000              3400                1016.11             260.57              1361.84             143.155             
185000              3800                879.853             283.344             1.39767             0                   
516000              9700                1084.88             469.503             -1.42109e-14        0                   
399000              3000                971.096             336.889             1182.07             203.812             
300000              7100                1089.22             928.846             -1.42109e-13        152.114             
412000              5400                784.038             226.205             1783.67             406.156             
399000              7100                760.692             228.17              997.589             0                   
185000              3800                1096.26             715.64              1.39767             79.2194             
300000              3000                966.832             277.961             2014.06             0                   
205000              7100                1202.32             743.88              -5.68434e-14        0                   
399000              3000                1008.24             260.118             1009.06             276.005             
412000              3400                1077.75             962.082             7.53475             0                   
185000              3800                841.419             243.17              1886.79             70.7463             
412000              5800                757.111             210.766             1802.77             0                   
300000              3400                818.755             230.359             2145.56             0                   
185000              5400                1152.21             625.466             1.39767             0                   
309000              3000                1231.16             395.874             486.479             180.003             
297000              4400                769.184             505.042             1.39767             0                   
297000              6500                847.368             227.363             1531.8              0                   
300000              4400                794.863             238.445             283.864             1.79846             
399000              5400                1133.41             468.747             -1.42109e-14        0                   
185000              3800                1148.94             715.64              1.39767             0                   
300000              5800                795.741             214.351             1689.02             99.0114             
399000              4800                1238.07             468.747             -1.42109e-14        0                   
427000              5800                740.387             263.842             688.187             228.682             
185000              3400                946.947             270.234             1260.44             0                   
185000              3400                1218.38             406.32              1176.54             0                   
185000              6400                717.961             226.967             2049.85             133.784             
399000              3400                1205.26             1011.78             -1.42109e-13        112.506             
297000              5400                712.236             1698.97             1621.14             0                   
402000              7700                778.284             518.017             -1.42109e-14        0                   
396000              8700                953.395             471.27              -1.42109e-14        0                   
412000              5800                872.89              233.878             404.432             0.103155            
297000              4400                755.655             244.374             1094.61             0                   
185000              4400                851.715             258.309             1344.84             196.16              
300000              3000                965.975             302.217             1905.34             216.385             
402000              7000                745.846             242.609             0                   0                   
427000              5400                682.946             187.664             1785.86             392.061             
402000              5400                726.609             1698.97             1619.75             0                   
300000              3400                1100.44             322.752             18.2585             202.268             
297000              4000                739.636             243.17              2182.37             5.59117             
300000              3000                821.817             236.016             2120.3              262.597             
185000              4800                1216.4              625.547             1.39767             177.479             
297000              3800                860.668             244.374             517.57              372.849             
185000              3400                943.882             243.17              2132.49             262.777             
300000              6000                795.564             212.434             1932.98             262.597             
399000              3400                867.399             253.424             690.752             0                   
185000              5400                884.79              262.846             1893.62             0                   
396000              4400                922.954             657.414             -1.42109e-14        0                   
412000              3400                794.544             244.374             2042.4              0                   
399000              3000                934.145             299.938             1219.02             0                   
185000              6500                898.634             274.098             1644.85             0                   
185000              3400                1137.47             1183.09             413.379             0                   
185000              6700                688.198             1714.39             1164.19             0                   
297000              6700                723.653             1698.97             1017.84             376.779             
297000              6700                739.188             230.564             759.489             0                   
322000              7100                866.309             910.66              -5.68434e-14        0                   
399000              3400                1009.92             363.21              463.837             97.0589             
300000              3800                1095.68             322.802             0                   112.181             
312000              5800                740.313             216.988             1694.25             0                   
399000              3800                782.763             257.517             997.589             0                   
185000              6000                698.77              180.938             2109.19             0                   
427000              5800                726.61              265.682             758.261             193.287             
309000              3400                945.092             1286.98             690.752             69.7391             
185000              5400                948.96              660.749             1.39767             0                   
185000              3400                1160.38             464.421             1010.83             0                   
297000              6700                688.262             1698.97             1053.23             0                   
302000              5800                1045.23             606.35              1.39767             0                   
205000              6100                1186.65             1032.44             -5.68434e-14        0                   
300000              3400                1162.92             1018.91             -2.84217e-14        63.7716             
185000              3400                886.657             243.17              2148.16             142.874             
185000              4400                829.267             817.992             130.363             57.9916             
297000              6400                763.155             821.57              0                   0                   
399000              3400                1180.3              306.035             124.693             80.7208             
210000              3800                1265.81             1063.49             1.42109e-14         158.937             
309000              3000                1129.54             425.463             593.775             211.732             
412000              3400                1135.76             962.082             -1.13687e-13        112.181             
185000              6000                802.172             217.786             1400.26             118.643             
185000              6700                697.392             1714.39             1059.51             71.3865             
284000              6400                1018.1              804.141             -8.88178e-15        34.9747             
300000              6500                1046.09             1071.15             -1.42109e-13        65.0446             
399000              3400                1056.2              296.37              323.802             0                   
297000              6000                747.018             216.988             1768.32             167.037             
300000              3400                1019.71             990.448             140.347             54.9251             
309000              3400                994.676             1336.56             690.752             22.315              
284000              7700                991.615             661.894             0                   0                   
185000              4800                1323.37             667.721             1.39767             0                   
207000              6400                795.531             944.257             137.424             119.88              
427000              5800                666.317             178.602             1886.32             0                   
300000              6000                799.662             228.015             1480.76             262.597             
322000              3000                1033.17             311.851             850.556             0                   
300000              3000                915.534             266.971             2026.59             148.047             
300000              3000                1073.94             367.472             854.182             125.333             
185000              5800                851.982             255.607             1514.5              300.054             
427000              7000                742.607             241.342             733.9               0                   
205000              3400                1113.92             858.815             19.968              0                   
185000              3400                825.991             282.536             1524.13             5.59117             
297000              6400                789.667             236.771             137.424             0                   
185000              6700                836.941             221.066             928.445             0                   
297000              3800                784.13              1698.97             965.871             0                   
185000              5800                809.823             255.607             1556.66             161.248             
427000              5400                692.574             187.664             1737.61             451.182             
405000              6400                714.626             1710.71             825.246             0                   
185000              6000                766.12              1714.39             1157.51             0                   
412000              4000                922.723             282.16              492.174             433.136             
396000              7700                888.04              657.414             -1.42109e-14        0                   
300000              3400                1030.94             335.318             405.642             294.901             
297000              7700                720.498             1698.97             1028.21             0                   
300000              6100                1151.23             343.319             0                   0                   
185000              4800                1284.58             535.417             1.39767             329.736             
417000              4400                866.148             321.821             0                   0                   
402000              4400                783.557             518.017             -1.42109e-14        0                   
300000              3400                834.507             236.016             1478.2              262.597             
185000              6400                765.157             1714.39             666.866             0                   
185000              3800                834.24              244.659             2091.64             292.598             
185000              4800                1155.97             625.547             1.39767             259.814             
209000              5800                1692.14             445.718             0                   24.6932             
300000              3400                1104.64             960.628             0                   0                   
297000              4400                755.191             1720.9              1095.07             0                   
300000              3000                878.813             241.733             1668.09             262.597             
300000              3400                895.139             236.016             1603.36             150.934             
185000              6400                750.535             265.375             1712.78             0                   
297000              4000                750.976             280.769             1648.98             0                   
185000              3800                791.218             1714.39             924.761             0                   
185000              3800                847.388             282.536             233.004             5.59117             
185000              3400                942.755             288.515             1060.7              118.243             
300000              3400                1034.63             1183.09             322.373             0                   
185000              3800                788.782             286.261             929.363             0                   
297000              7100                873.445             908.267             -8.88178e-15        153.714             
427000              6000                851.542             228.639             1170.15             0                   
185000              6700                678.05              195.3               2010.55             0                   
399000              3800                777.992             1638.8              1002.36             0                   
205000              3400                1146.89             969.984             18.7654             39.4427             
297000              7700                726.844             241.109             38.9683             49.1156             
300000              3400                975.211             2120.53             1174.75             0                   
519000              5800                1414.52             511.579             -4.26326e-14        0                   
421000              3400                823.162             1599.42             953.829             0                   
300000              6500                892.971             230.665             1327.9              291.458             
300000              3000                1227.96             399.108             853.877             1.48928             
412000              4400                781.479             243.17              138.639             5.59117             
412000              3400                771.918             258.863             2260.17             62.6452             
205000              3400                1106.1              952.553             19.968              181.937             
185000              5200                788.046             218.46              2160.99             0                   
210000              4400                1075.72             426.512             1.39767             0                   
309000              3000                1152.35             427.907             570.965             0                   
412000              4000                772.604             243.17              1414.53             5.59117             
297000              6700                725.994             1701.07             1017.59             190.534             
300000              3400                1043.96             928.846             7.53475             106.485             
300000              3800                878.232             270.298             569.092             262.597             
300000              6500                1108.74             1151.32             -1.42109e-13        0                   
300000              7100                844.733             230.279             773.301             262.597             
297000              5400                791.734             236.771             705.417             0                   
412000              5200                880.175             229.384             1731.85             0                   
185000              6700                676.54              195.3               2107.55             71                  
185000              5400                972.749             262.677             1290.36             0                   
205000              6100                1194.54             426.512             0                   109.79              
317000              3800                865.72              282.662             23.0514             0                   
185000              3400                1265.34             1368.43             355.352             39.0256             
185000              6100                694.285             235.053             1062.62             32.1806             
309000              3000                1233.35             395.538             484.293             69.6091             
412000              3000                1068.86             346.005             784.072             0                   
209000              5200                1666.94             502.892             0.93733             1.26413             
396000              4400                1007.57             378.037             0                   0                   
185000              5400                760.67              233.312             2049.74             275.935             
297000              7700                742.792             512.166             0                   0                   
185000              3400                961.278             255.742             1988.17             170.455             
207000              6400                797.75              954.845             145.794             47.444              
297000              5800                796.24              236.222             378.027             296.531             
297000              8700                669.896             1698.97             1614                0                   
300000              4400                764.259             238.445             2065.06             144.618             
185000              6700                688.198             195.3               1164.19             0                   
309000              3000                1164.48             472.07              558.829             161.461             
185000              6100                733.49              221.081             2076.55             274.293             
297000              7100                786.748             230.564             0                   0                   
421000              3400                817.263             1599.42             959.728             122.037             
427000              5400                686.476             187.852             1317.23             0                   
185000              3800                849.316             760.458             96.1792             0                   
309000              3000                1230.83             395.538             486.815             249.612             
185000              3400                905.02              243.17              2153.97             5.59117             
297000              7700                726.844             505.042             38.9683             49.1156             
300000              3000                982.215             294.735             1079.59             0                   
300000              3400                1182.58             340.73              0                   112.181             
185000              3400                857.622             269.004             1989.48             5.59117             
