402000              3000                931.589             271.483             1663.85             104.643             
185000              6400                1368.71             1635.73             377.88              237.298             
185000              5400                902.453             262.505             1104.61             310.083             
185000              5800                977.6               413.766             769.426             42.828              
402000              5800                787.606             225.216             1118.22             0                   
185000              6400                1211.07             1635.73             530.667             6.44367             
297000              6700                604.373             242.257             34.9851             105.568             
185000              5800                868.646             1635.73             983.461             54.0711             
185000              5400                936.8               263.84              840.393             242.694             
402000              3400                739.589             230.5               1579.64             0                   
402000              5400                706.153             188.662             2668.51             0                   
185000              5800                1789.53             495.852             234.285             28.2557             
402000              3000                903.107             233.884             1869.37             30.3725             
185000              5200                1897.66             556.708             110.07              204.114             
185000              5200                1348.5              366.304             592.292             6.87055             
185000              5800                930.687             348.539             816.339             303.444             
185000              6400                1307.26             461.34              439.325             237.298             
185000              6000                1055.64             1635.73             690.949             146.39              
185000              5800                1262.92             384.678             498.832             176.781             
185000              6000                1345.07             1645.36             413.907             145.619             
185000              5400                958.219             1643.29             818.974             275.765             
402000              3000                888.704             251.59              1879.25             82.3725             
297000              3400                683.32              234.338             21.872              52.5968             
185000              5800                1252.81             1643.29             504.088             4.68154             
185000              5400                722.164             223.823             2650.05             251.976             
402000              3000                918.446             233.146             1720.28             193.174             
185000              6400                1307.72             1635.73             434.021             0                   
185000              5800                1106.52             470.45              640.502             324.12              
185000              5200                856.047             237.531             1407.69             93.9662             
185000              6400                1051.24             1635.73             695.342             459.652             
185000              6400                864.132             1635.73             883.685             211.592             
185000              5200                1248.19             393.322             664.39              0                   
185000              6000                818.204             237.908             923.532             283.605             
402000              3000                944.83              257.811             1657.37             543.009             
185000              6400                1226.23             435.072             520.354             115.928             
402000              6400                668.739             235.17              2057.74             58.2426             
402000              6000                759.415             230.716             1158.67             0                   
185000              6400                781.001             231.835             1087.26             0                   
185000              5400                910.089             1643.29             867.104             151.488             
185000              5800                735.09              223.823             2453.01             217.604             
185000              5200                1651.98             462.579             348.422             169.884             
185000              5400                1132.86             358.619             654.003             275.765             
185000              5800                1053.66             398.448             723.534             252.54              
185000              6000                780.507             1635.73             961.229             231.269             
185000              6400                1043.42             305.463             703.169             323.981             
402000              3000                1180.48             389.231             1465.93             50                  
402000              3000                969.328             294.068             1649.94             318.224             
402000              5400                724.879             202.038             2648.6              130.986             
402000              3000                858.321             254.522             1812.66             0                   
185000              6400                983.936             1635.73             757.8               377.366             
185000              6400                1406.1              455.22              355.645             70.6167             
402000              6500                655.557             210.222             1348.31             0                   
402000              3000                917.454             232.253             1892.03             321.381             
185000              5800                1537.61             523.336             315.571             51.5369             
185000              6400                1170.04             1635.73             571.695             80.0049             
185000              5800                1235.26             1643.29             526.49              159.916             
402000              3800                811.442             230.5               1020.11             0                   
402000              3000                886.554             251.59              1918.4              234.418             
185000              5800                1820.89             473.525             198.074             183.613             
185000              6000                1068.3              296.567             678.284             0                   
185000              6400                1176.92             385.617             598.553             234.031             
185000              6400                1492.86             456.251             295.027             139.961             
185000              5800                926.758             1643.29             830.143             235.464             
185000              6400                840.46              279.982             906.125             0                   
185000              6000                708.083             240.187             1265.97             54.0711             
185000              5200                839.009             258.381             1984.35             0                   
185000              5800                1788.57             468.638             235.247             119.972             
290000              6400                687.286             402.159             18.1511             0                   
185000              6000                1018.88             287.867             780.599             161.987             
185000              7100                1043.94             298.861             702.65              265.253             
185000              6400                838.77              283.878             907.816             410.024             
185000              6000                687.216             1635.73             1306.93             0                   
402000              6500                654.449             210.222             1446.38             105.568             
402000              7700                761.874             210.222             522.337             0                   
402000              5800                713.918             192.591             2310.16             0                   
402000              5400                798.15              206.452             2528.73             0                   
185000              6000                764.536             223.823             2417.42             0                   
297000              4100                675.665             231.981             97.4842             105.568             
402000              3000                1000.42             287.226             1502.8              0                   
185000              6000                920.978             233.928             1081.05             0                   
185000              6000                1211.44             1643.29             545.457             73.5612             
402000              3000                976.626             272.344             1618.81             52                  
185000              5200                1568.65             473.525             375.682             100.956             
185000              5800                751.381             1635.73             1060.23             0                   
402000              5800                644.569             193.383             2635.29             0                   
402000              3800                1170.31             848.639             -2.84217e-14        0                   
185000              6400                991.666             268.315             750.071             541.023             
402000              3000                938.15              267.779             1700.58             0                   
185000              6400                806.622             239.502             935.115             175.24              
185000              5800                1435.04             444.367             321.857             0                   
185000              6400                838.706             1635.73             903.031             122.284             
185000              6400                1086.74             329.13              659.849             531.259             
402000              3400                786.75              230.5               1345.43             0                   
185000              5200                985.206             281.383             965.344             0                   
185000              6400                1193.94             427.585             547.795             0                   
185000              5800                937.146             1645.64             812.237             303.444             
297000              7400                597.819             226.085             4.95737             30.6881             
185000              6400                1134.5              347.692             619.323             403.969             
185000              5800                885.014             242.029             964.012             111.186             
185000              6400                1277.63             379.039             464.109             73.5612             
185000              5400                806.227             228.731             1193.8              28.2265             
185000              5800                751.058             212.907             1511.07             28.2265             
185000              5800                1685.22             473.525             272.026             202.988             
185000              5800                750.049             258.965             2523.19             0                   
185000              5800                737.893             223.823             2430.44             54.0711             
402000              6500                641.963             210.222             2681.16             0                   
185000              6000                678.561             223.823             2650.05             0                   
185000              5200                984.746             332.196             1190.95             167.082             
402000              5400                776.632             209.285             1768.4              0                   
185000              6000                1091.66             318.888             670.092             411.643             
185000              5200                1457.04             436.265             476.638             158.643             
185000              5200                1731.42             473.525             265.009             28.2557             
185000              6400                1026.15             305.463             720.432             150.368             
185000              6000                1222.62             374.228             592.017             580.591             
185000              6000                1342.92             427.585             413.981             73.5612             
402000              5800                688.399             180.539             2462.64             0                   
185000              5400                1111.79             356.652             665.399             91.4692             
402000              4400                786.492             230.5               12.9945             0                   
185000              6500                1155.6              344.827             611.094             171.813             
185000              6000                1376.18             1643.29             385.574             73.5612             
185000              6000                1084.81             1643.29             676.944             0                   
185000              5200                1819.74             573.488             114.978             0                   
185000              5200                1096                352.349             903.856             0                   
185000              6000                718.968             216.753             2636.13             72.0784             
185000              6400                1391.82             490.067             365.56              231.816             
185000              6400                940.617             259.237             801.12              289.704             
185000              5200                851.462             264.602             1971.9              140.426             
402000              3000                976.232             342.293             1630.91             820.004             
185000              5800                988.769             1643.29             758.257             42.828              
185000              5400                1004.43             294.242             772.758             343.746             
185000              5200                880.748             245.482             1296.28             0                   
185000              5200                798.388             228.731             2010.25             94.1341             
185000              6400                806.622             1635.73             935.115             175.24              
185000              5800                836.024             209.941             2038.03             0                   
402000              3000                971.488             294.068             1647.78             213.581             
185000              5200                1618.83             600.565             343.105             0                   
185000              6400                1426.94             523.931             334.571             289.36              
185000              5800                1689.43             556.371             235.173             0                   
185000              5400                825.221             210.391             2174.49             64                  
185000              5800                1186.72             490.495             590.477             199.178             
297000              4100                640.201             238.143             97.4842             159.105             
185000              5400                979.926             297.944             797.267             105.404             
297000              3400                690.739             231.981             97.4842             105.568             
185000              6000                968.335             267.258             773.402             203.768             
402000              3800                776.939             230.5               1131.29             0                   
185000              5800                1264.08             374.642             576.145             2.16151             
185000              7100                1067.1              312.286             679.489             339.578             
307000              3800                888.726             230.5               2022.67             94.2494             
402000              3000                1171.16             339.67              1472.81             291.326             
185000              5400                1015.6              1643.29             761.589             343.746             
185000              5800                1898.07             549.465             122.925             0                   
185000              6000                687.216             233.239             1306.93             0                   
185000              5200                887.538             229.616             1832.9              0                   
185000              5200                763.235             228.731             2195.01             0                   
185000              6400                1359.46             1643.29             402.285             97.7537             
185000              5400                903.789             263.84              1054.67             151.488             
185000              6400                947.678             250.342             794.059             91.6405             
185000              5200                1928.37             573.488             68.0615             0                   
297000              4100                641.42              238.143             1.39767             53.537              
185000              5200                1773.43             539.702             208.041             73.7484             
185000              5400                782.551             203.331             2629.93             0                   
185000              5800                1602.11             563.622             246.549             165.575             
185000              5800                753.546             240.187             1060.23             0                   
185000              6400                901.268             1635.73             840.469             22.2415             
402000              3000                1250.73             420.889             1438.64             0                   
185000              5800                1040.69             1643.29             706.341             344.178             
185000              6400                983.429             260.078             758.307             451.691             
185000              6400                833.098             1635.73             913.487             464.095             
185000              6400                774.082             237.908             967.654             54.0711             
185000              6400                1541.47             441.696             357.697             178.437             
185000              5400                1089.47             324.081             687.72              203.695             
185000              5400                806.964             216.304             1402.75             0                   
185000              6400                856.068             283.878             890.517             624.885             
185000              5200                1637.5              466.624             415.589             0                   
402000              6500                708.117             196.924             1447.44             0                   
402000              6100                677.782             214.242             1853.13             0                   
297000              3400                681.495             234.411             0                   0                   
185000              5800                1681.09             430.035             337.877             59.9394             
185000              5400                1040.34             262.951             1157.9              0                   
185000              5200                1705.76             559.564             404.786             25.3986             
185000              6400                774.116             1635.73             967.621             0                   
185000              5400                1090.39             1643.29             686.801             170.624             
185000              5200                819.529             228.731             1989.11             165.485             
402000              3000                925.902             232.648             1883.58             407.725             
185000              6000                931.766             236.295             809.97              34.4698             
185000              6400                1078.81             381.069             677.648             0                   
297000              4100                684.639             230.917             120.511             202.212             
185000              5800                1144.04             330.742             940.664             0                   
185000              6400                1354.23             408.114             407.519             4.68154             
185000              6000                937.693             1635.73             804.043             0                   
185000              5800                1539.87             430.035             473.232             174.732             
185000              6400                815.039             1635.73             926.698             54.0711             
297000              6700                625.338             214.909             0.598246            0                   
402000              3000                1260.97             392.736             1489.58             38.8375             
185000              5200                1799.94             462.579             282.744             240.278             
185000              5800                1893.41             534.043             130.407             159.406             
185000              5200                1704.79             434.008             462.493             0                   
297000              4100                680.438             234.411             0                   0                   
185000              5200                1487.19             395.57              580.151             0                   
185000              5200                1846.31             559.564             308.356             0                   
