176000              8850                825.375             127.297             211.832             0                   
221000              6700                2002.7              237.152             1414.48             24                  
176000              8600                1087.26             121.003             539.667             0                   
267000              8900                817.263             505.457             1404.53             0                   
176000              7400                2177.66             717.613             71.287              138.194             
221000              6700                2014.77             459.181             1137.93             207.994             
267000              6700                1734.71             199.908             1307.84             100.232             
183000              8450                2638.89             554.66              -2.84217e-14        2.24256             
176000              7600                1218.26             133.028             798.819             92.8934             
221000              7950                1496.09             189.461             474.857             10.5832             
221000              6700                2374.16             238.396             815.022             194.549             
262000              6700                2117.24             457.42              1167.31             43.6775             
176000              7900                939.992             505.246             1384.84             0                   
359000              6600                3375.63             633.357             2003.49             0                   
176000              7600                1185.27             503.541             376.936             179.089             
221000              6700                2481.27             218.961             583.334             45.9435             
221000              7400                1542.19             566.714             172.047             48.6539             
221000              6700                2065.82             284.241             1252.59             158.644             
221000              7200                2145.86             178.169             1240.14             43.6775             
355000              8600                614.439             82.9858             879.451             17.0705             
176000              7400                2919                365.899             19.2876             0                   
176000              6900                2631.02             220.526             0                   208.806             
136000              7900                1583.57             548.478             592.18              15.7099             
176000              7800                1322.85             144.784             133.845             211.825             
176000              7600                1056.65             144.279             689.382             200.582             
353000              6800                2932.91             228.422             1676.31             0                   
176000              8000                777.178             133.643             152.738             170.601             
176000              6900                2908.16             299.131             0                   84.2313             
400000              6600                3263.55             285.423             1703.09             128.354             
221000              6700                2772.3              588.042             194.488             145.53              
308000              7800                708.467             84.6593             463.446             102.948             
221000              6700                2419.3              589.807             712.569             141.001             
221000              6700                2071.01             505.246             965.288             163.721             
176000              8300                1159.16             127.152             0                   210.196             
267000              7400                1025.52             102.113             1423.94             0                   
221000              7200                1521.2              597.944             456.3               4                   
176000              8850                906.955             127.297             28.6023             145.433             
267000              7600                815.298             86.3328             1213.96             127.909             
176000              7900                2286.25             209.815             353.467             3.46147             
308000              7800                765.353             95.1658             448.957             34.7267             
221000              7200                1610.92             168.998             1523.5              197.437             
176000              7400                2339.06             194.565             693.369             200.32              
267000              7600                822.047             526.314             1088.79             0                   
308000              8300                778.223             126.924             138.726             12.3516             
400000              6600                2835.62             247.572             1889.22             0                   
221000              8100                897.548             84.447              1277.24             62.6651             
221000              6700                2171.25             620.298             852.649             166.653             
308000              8300                663.249             82.9858             273.787             88.3241             
221000              7400                2285.46             216.242             12                  80.3963             
176000              7800                1530.35             191.546             19.5385             205.359             
221000              6900                1602.31             185.02              244.885             0                   
176000              9700                1386.42             365.93              -1.42109e-14        0                   
221000              7600                858.747             92.678              841.004             150                 
221000              7600                816.148             90.2391             1416.3              31.948              
176000              8850                804.192             132.494             395.408             55.4344             
176000              7800                1510.32             568.67              30.3361             114.683             
308000              8300                720.981             107.121             125.919             59.641              
136000              7900                1235.85             444.696             939.772             182.054             
176000              8550                1013.93             183.11              28.6023             54.6201             
267000              6700                1630                680.029             1555.42             210.367             
176000              6900                2940.44             677.151             -8.52651e-14        0                   
267000              8100                865.105             85.3317             1095.63             109.961             
176000              8000                876.477             142.739             50.5401             6.77937             
221000              7450                2111.72             191.797             50.5744             0                   
221000              6900                1566.31             505.246             244.885             0                   
221000              6700                2310.17             585.551             930.463             84.847              
221000              8100                804.084             90.1746             1675.25             178.128             
176000              7400                2384.44             205.878             198.309             99.399              
221000              6700                2239.13             271.722             875.59              138.189             
221000              7600                816.755             505.457             1372.88             117.909             
267000              8400                822.847             88.5193             1771.01             0                   
221000              6700                2005.04             530.203             1322.04             20                  
176000              8850                887.895             122.699             808.196             95.147              
221000              7400                1531.12             201.954             219.925             140.704             
221000              8650                837.118             85.3317             1067.91             127.909             
400000              6800                2920.56             228.422             1710.1              0                   
176000              7600                1261.56             213.365             547.529             0                   
267000              7600                822.312             85.7468             1138.3              20                  
267000              8900                1015.25             86.8509             1111.37             40.4403             
267000              7600                867.693             104.288             679.809             0                   
176000              6900                2924.87             597.259             -8.52651e-14        204.171             
221000              6700                1667.38             168.998             1486.86             197.437             
308000              8300                634.713             82.9858             287.459             0                   
176000              7600                1257.69             505.246             547.529             48.1485             
176000              7800                1309.79             568.67              63.5923             56.0625             
176000              9100                801.311             132.494             112.064             81.5644             
270000              6700                1960.39             545.342             1340.54             54.2326             
176000              7800                1357.54             550.776             50.2982             205.359             
221000              6700                2093.13             620.298             1238.72             69.1377             
176000              8850                1375.44             455.95              -1.42109e-14        0                   
176000              6900                2927.24             299.131             0                   0                   
176000              6900                2284.33             199.727             363.455             138.348             
221000              7900                2163.5              232.359             29.3491             48.6561             
316000              6700                1654.6              680.029             1474.6              206.367             
359000              8500                3783.24             365.523             -1.42109e-14        0                   
176000              7450                2589.27             218.311             29.6987             208.806             
221000              6900                1818.96             507.471             56.4398             68.7942             
221000              7200                1888.65             168.998             1288.82             197.99              
400000              6600                2973.95             228.422             1803.37             109.789             
221000              7400                1522.81             623.661             330.183             203.898             
176000              7600                1507.32             725.833             282.151             2.38478             
308000              7800                619.309             82.9858             500.944             0                   
221000              6700                2335.67             258.517             1150.02             20                  
221000              6700                2585.8              505.246             478.386             126.703             
308000              7800                1109.49             198.192             409.326             7.04059             
267000              8100                815.371             90.5975             1074.4              43.896              
176000              9100                772.193             132.494             156.673             191.479             
267000              7400                1233.1              163.542             1227.26             0                   
221000              7900                1518.43             201.954             170.42              120.704             
400000              6600                3006.27             228.057             1807.56             26.3017             
222000              6900                2518.75             551.714             4.22967             0                   
221000              8100                816.197             85.3317             1575.45             105.961             
355000              8100                613.873             489.042             877.416             17.0705             
221000              7400                1135.17             541.657             1116.39             14.3132             
136000              8900                1539.89             247.802             288.163             0                   
221000              7600                952.804             723.011             834.647             0                   
176000              7950                2379.95             206.145             257.552             191.25              
176000              7600                1063.29             509.786             678.586             208.187             
176000              7600                902.137             597.944             1307.42             113.961             
221000              8600                952.966             103.381             763.863             0                   
176000              8000                1091.85             195.054             9.59688             98.7109             
176000              7600                1392.11             171.592             311.659             60.3878             
270000              6700                1652.31             538.087             1492.25             197.437             
176000              6900                1994.75             624.835             120.717             0                   
176000              8300                1099.85             372.129             0                   0                   
176000              6900                2429.16             208.51              331.861             203.976             
267000              6700                1853.56             505.246             1064.51             87.302              
267000              6700                1830.21             424.487             1118.26             183.574             
267000              7600                826.775             698.676             1084.06             0                   
176000              7400                1970.13             682.046             106.143             0                   
221000              6700                2672.71             657.608             326.893             132.01              
176000              6900                2407.15             338.933             81.1606             64.9495             
176000              8000                912.419             198.192             28.6023             145.433             
262000              7400                1897.38             344.163             42.0292             0                   
221000              7200                1720.73             168.998             1317.4              143.955             
176000              7900                2892.31             311.463             29.9231             0                   
267000              6700                1761.86             680.029             1191.05             156.45              
400000              6600                2927.86             228.422             1844.47             77.8187             
176000              7450                2272.36             199.727             504.433             172.78              
176000              9100                776.431             132.494             291.831             145.084             
176000              7400                2617.59             219.55              21.1404             11.4529             
221000              6700                2651.68             588.042             527.734             39.8024             
176000              6900                2621.45             549.78              0                   208.806             
176000              7900                2366.62             209.815             293.29              57.3158             
176000              8850                1076.74             127.152             0                   0                   
267000              8100                814.135             599.852             1170.24             51.5015             
183000              9400                2889.9              554.66              -2.84217e-14        0                   
222000              7400                1560.45             680.029             361.67              0                   
176000              7900                1259.53             419.322             765.924             0                   
221000              6700                1669.91             551.897             1477.26             191.178             
308000              8850                894.212             118.179             123.448             12.3516             
221000              6700                2152.42             179.945             1131.16             118.481             
221000              6700                1792.06             231.923             1378.41             91.302              
223000              8100                1306.15             152.763             97.4459             0                   
176000              6900                1751.79             345.623             205.974             13                  
353000              6600                2961.69             659.587             1991.88             261.902             
221000              7400                1559.86             505.246             155.571             120.704             
176000              8550                773.367             133.643             291.372             187.671             
221000              6700                1705.95             205.356             1303.93             172.271             
136000              8300                977.256             414.01              97.2093             44.9192             
221000              7900                2282.38             249.963             8.82199             0                   
400000              6600                3486.4              295.281             1467.54             0                   
230000              9200                3066.52             695.277             -1.13687e-13        0                   
217000              7900                1225.53             409.828             772.678             0                   
267000              8100                819.771             797.264             1181.18             0                   
400000              6600                2981.55             421.531             1773.75             0                   
221000              7600                821.772             85.7468             1204.17             192.462             
267000              7600                789.886             698.676             1260.3              72.6651             
221000              7600                812.973             91.569              1465.81             127.909             
217000              8850                824.77              319.152             298.805             13.0278             
176000              7400                2810.87             597.259             -5.68434e-14        0                   
267000              6700                1828.32             199.908             1144.41             179.574             
176000              8100                1248.32             130.381             512.385             203.307             
355000              8300                633.211             489.042             273.106             0                   
221000              6700                2802.03             241.67              181.304             145.53              
136000              8200                1699.7              544.096             819.056             2.38478             
176000              8450                2782.33             586.179             -1.42109e-14        30.4408             
176000              9400                1197.5              455.95              -1.42109e-14        0                   
221000              8100                847.506             98.3322             816.755             38.6651             
176000              7900                2326.2              216.507             285.757             129.709             
355000              8300                702.545             489.042             121.702             52.72               
136000              8900                1419.97             499.828             310.101             0                   
267000              8600                1002.12             96.2392             853.185             7.73448             
267000              8200                816.245             698.236             1820.26             0                   
221000              6700                2603.27             228.042             446.38              151.332             
221000              6900                1551.96             186.573             380.779             155.06              
221000              6900                2141.45             190.525             47.2815             160.361             
221000              7200                1639.42             168.998             1486.86             91.302              
221000              7600                840.527             87.6158             913.755             0                   
221000              6700                1787.77             505.246             1285.17             112.449             
176000              7600                1163.53             185.963             575.793             159.451             
221000              7600                825.053             87.6158             1205.56             89.9613             
176000              8000                884.421             138.307             17.9151             200.053             
176000              6900                2224.53             505.246             54.778              0                   
355000              8100                612.659             82.9858             1343.85             0                   
308000              7800                859.324             156.742             430.477             102.948             
262000              6900                2129.26             393.814             34.894              0                   
176000              6900                2472.37             212.395             107.353             0                   
221000              6900                1831.48             223.966             38.5134             19.2453             
176000              6900                2935.53             597.259             -5.68434e-14        0                   
