176000              7500                1295.63             121.148             1747.33             160.719             
225000              6800                1621.49             786.767             1842.42             4                   
88000               7800                1041.67             127.297             758.404             16.5945             
173000              7600                1340.9              433.698             313.969             186.588             
317000              7000                1330.35             177.151             1584.76             160.1               
217000              7800                1177.57             121.325             283.441             0                   
217000              8850                797.925             126.588             208.074             17.0705             
270000              7200                1555.31             217.798             1506.37             30.1661             
126000              9150                1001.73             505.246             632.243             0                   
88000               9750                1236                121.513             1371.42             238.548             
176000              8850                888.262             161.888             33.6348             235.989             
126000              9450                1195.39             583.449             -1.42109e-14        0                   
176000              6800                1327.3              689.606             2265.66             4                   
217000              7800                892.123             119.266             329.611             101.01              
88000               8650                1258.92             124.065             608.471             0                   
88000               7800                1790.94             225.606             0                   35.72               
176000              7000                1410.11             501.956             1628.24             0                   
126000              9950                1117.67             133.449             22.372              134.515             
217000              9650                705.283             127.297             54.8255             192.89              
88000               7800                1011.85             132.494             847.807             145.856             
176000              6800                1422.37             505.606             1984.31             191.58              
222000              7000                1295.36             147.361             1795.98             119.44              
88000               9750                1327.63             121.513             853.008             235.323             
176000              7300                1127.75             615.788             9.01575             31.9477             
217000              8950                1077.92             122.731             278.385             239.517             
126000              8350                1032.12             505.246             85.6731             126.951             
176000              7000                1505.35             192.979             1475.16             234.61              
222000              7500                1228.87             125.557             1839.67             10                  
217000              8000                697.94              127.297             61.1693             0                   
176000              7000                1504.68             192.979             1475.84             196.456             
126000              8350                1559.71             605.657             -2.84217e-14        0                   
317000              7200                1427.97             181.909             1525.31             139.266             
179000              9100                830.369             130.397             20.2261             28.6579             
312000              7200                3096.99             655.269             546.704             95.7624             
126000              7800                1042.46             505.246             406.013             230.949             
176000              7000                1720.52             207.264             1339.21             0                   
217000              9100                701.738             130.397             56.7684             65.7933             
217000              8000                1056.87             142.687             0                   75.0055             
88000               7800                1344.83             140.238             5.22813             237.699             
176000              7000                1534.15             665.219             1540.14             42.4988             
126000              8650                1000.7              773.111             1002.21             87.8031             
217000              7600                941.157             505.246             492.015             15.2132             
176000              7000                1520.85             188.875             1547.78             0                   
176000              7000                1469.41             540.271             1472.43             46.1902             
88000               7800                1336.82             135.306             25.0024             0                   
176000              6800                1324.18             599.828             2242.2              113.653             
317000              7200                1673.66             245.815             1159.85             0                   
88000               9400                1216.83             127.297             43.4392             55.5083             
88000               9200                1251.57             121.513             1338.31             226.457             
312000              7200                3096.82             550.357             317.07              163.304             
138000              7300                1127                653.978             219.762             184.226             
126000              8950                1132.02             133.449             8.82199             211.538             
88000               8350                1018.12             127.297             387.298             3.72005             
88000               8850                1282.79             157.44              14.2224             0                   
176000              8050                1251.33             127.068             1808.31             74.8536             
167000              8650                1004.33             505.246             431.318             203.369             
222000              7000                1226.77             425.196             1830.62             40.1962             
176000              7500                1377.58             125.557             1589                0                   
88000               9350                1135.4              567.431             25.0699             0                   
272000              7200                1646.01             678.125             1281.55             26.4626             
88000               9350                1139.64             132.776             21.1015             0                   
176000              7000                1331.06             148.712             1721.22             54.1548             
88000               8850                1332.98             144.608             1.9429              145.835             
173000              7300                1506.6              683.121             20.3037             43.6228             
268000              7000                4153.33             647.241             18.2647             142.833             
172000              7600                1171.22             671.062             477.662             41.9477             
126000              9450                1190.75             133.449             0                   0                   
222000              7000                1318.5              127.068             1797.04             6                   
179000              9400                1119.55             184.868             0.806504            232.422             
312000              7200                2972.22             516.833             684.655             108.701             
88000               9200                1343.67             121.513             874.58              204.686             
88000               9200                1231.09             123.43              753.212             94.7112             
176000              8050                1352.66             121.148             1683.73             128.318             
88000               8350                1037.99             127.297             102.358             170.837             
312000              7200                3243.64             355.078             533.368             73.0689             
176000              7000                1422.62             352.057             1555.45             62.6539             
175000              7300                1549.55             673.014             0                   262.999             
176000              7300                989.202             127.297             41.9311             34.8565             
88000               8900                1014.19             127.297             349.343             87.8031             
176000              7500                1305.16             121.148             1840.79             95.2685             
217000              9450                1111.76             125.822             6.01297             145.262             
176000              8350                1114.04             497.483             13.8596             0                   
176000              7000                1391.68             121.148             1637.94             230.003             
126000              7800                1092.72             505.246             108.564             114.721             
312000              7200                2949.77             672.451             489.493             152.77              
126000              7600                1474.48             559.634             361.645             25.4721             
179000              9950                927.914             128.991             38.7855             0                   
88000               8850                1189.84             127.297             42.4021             227.503             
88000               9750                1235.2              121.783             1110.56             134.841             
167000              8100                1030.19             505.246             576.858             0                   
176000              8000                1237.17             127.068             1809.14             6                   
126000              7600                1212.34             574.251             376.508             83.4147             
126000              7800                1112.8              660.784             101.352             87.9836             
173000              7300                1487.34             683.121             20.3037             78.5759             
126000              8350                1015.78             505.246             89.8005             170.837             
167000              8100                1057.86             505.246             428.805             167.117             
217000              7800                884.437             119.266             422.517             158.488             
176000              8850                848.711             333.114             54.9413             51.8532             
217000              8550                713.19              127.297             54.8255             203.755             
88000               8350                1021.36             540.012             151.2               41.4609             
312000              7000                3003.59             272.34              1028.77             173.11              
312000              7200                3200.28             346.359             275.452             133.385             
317000              7000                4162.98             595.789             -2.84217e-14        189.052             
312000              7200                3018.11             253.215             637.254             276.155             
312000              7200                2884.17             261.103             419.186             156.266             
179000              9100                851.681             127.297             20.2261             176.527             
88000               9200                1240.48             121.783             1165.47             146.845             
138000              7600                1151.48             653.978             530.58              150.366             
137000              7600                2041.55             592.044             151.997             0                   
312000              7200                2977.88             265.455             607.807             74.1874             
138000              7600                1219.82             653.978             464.81              69.0949             
176000              7000                1285.47             695.15              1902.54             13.6056             
223000              7200                2153.99             208.863             1118.43             44.5769             
88000               7800                1135.56             605.657             23.4702             36.2515             
88000               9750                1329.77             121.513             1003.3              161.829             
176000              7850                914.224             131.666             221.965             223.261             
88000               8850                1250.94             127.297             41.8742             89.3405             
217000              9950                1080.82             122.731             277.166             0                   
88000               7800                1033.95             127.297             623.543             55.2716             
217000              9100                699.404             127.297             58.1582             224.89              
222000              7000                1242.82             127.068             1827.76             48.3613             
176000              8850                841.225             130.397             147.293             86.5111             
176000              6800                1456.59             633.357             1867.57             0                   
179000              9650                950.852             127.297             0                   152.74              
88000               7800                1011.83             137.748             824.126             191.912             
126000              8900                1093.74             583.449             20.0337             0                   
317000              7000                4097.67             440.898             25.87               0                   
176000              6800                1342.25             505.606             2016.41             6                   
176000              7800                985.298             127.297             330.79              0                   
126000              8650                980.311             773.111             1091.61             100.706             
312000              7200                2846.62             498.248             680.004             245.23              
138000              7600                1248.36             559.634             271.588             179.403             
138000              7600                1365.3              559.634             206.888             92.3406             
88000               7800                1032.24             127.297             758.404             100.421             
222000              7000                1433.01             466.427             1491.72             0                   
88000               7800                1032.3              127.297             655.538             238.316             
317000              7000                1324.14             177.151             1689.37             115.446             
88000               7800                1100.47             127.495             377.148             0                   
126000              8650                1005.02             505.246             437.01              181.781             
317000              7000                3977.11             336.019             128.006             0                   
126000              8650                1013.13             773.111             900.394             0                   
217000              8000                1025.66             142.582             0                   194.245             
217000              9100                779.801             126.924             44.6667             144.37              
223000              7200                2264.07             254.86              1086.45             0                   
176000              7000                1340.45             121.148             1738.78             183.096             
223000              7200                2030.59             192.537             1291.54             25.0935             
225000              6800                1583.67             602.767             1858.77             240.003             
167000              8650                987.709             505.246             480.16              41.4609             
179000              9650                951.505             126.924             0.47044             107.235             
176000              7850                990.831             574.278             41.2996             15.2132             
317000              7000                1462.11             180.305             1444.11             0                   
176000              7000                1394.77             121.148             1857.3              83.9051             
176000              7000                1326.88             125.557             1859.87             0                   
176000              6800                1332.03             505.606             2235.08             62.7697             
88000               7800                1798.19             260.637             0                   0                   
312000              7200                3224.12             677.212             530.599             66.5896             
223000              7200                2700.17             283.792             901.573             0                   
217000              8300                1093.77             277.968             0                   0                   
217000              7600                983.733             524.869             166.039             0                   
179000              8850                1119.89             184.868             0                   211.92              
176000              7550                1374.09             123.601             1702.16             39.0357             
88000               7800                1086.29             540.012             102.214             170.837             
168000              7600                1422.99             524.869             212.106             69.0089             
176000              7300                1244.33             564.336             1.9429              206.827             
175000              7600                1622.76             596.178             53.1899             0                   
126000              9400                1122.42             133.449             18.4189             125.014             
176000              7000                1702                180.508             1451.23             101.323             
318000              7000                1409.14             485.729             1523.47             0.900443            
317000              7200                1397.83             678.125             1411.6              4                   
88000               8600                1235.2              124.514             1061.06             0                   
217000              8350                817.819             123.37              485.025             78.3106             
88000               8350                1029.95             540.012             111.955             181.781             
217000              8350                808.743             119.266             583.809             0                   
217000              8300                1186.83             142.571             0                   0                   
217000              9100                825.385             198.192             32.8878             214.89              
217000              8850                1116.64             127.152             0                   0                   
217000              8550                691.815             127.297             122.693             36.13               
176000              6800                1328.31             599                 2174.05             0                   
167000              7800                973.865             524.869             166.039             0                   
88000               8350                990.505             140.364             639.121             146.762             
88000               8300                1767.48             205.013             0                   0                   
88000               8650                1289.2              123.43              673.01              53.1524             
137000              7800                1889.8              669.567             -1.42109e-14        0                   
312000              7200                3193.58             318.422             322.478             208.574             
270000              7200                1360.14             177.151             1592.84             30.1661             
176000              7000                1370.54             121.148             1638.84             122.831             
88000               10250               1273.75             121.513             1262.33             229.56              
88000               9200                1337.32             121.513             908.998             185.36              
222000              7000                1221.49             515.94              1823.5              0                   
176000              7300                1321.99             134.473             0                   0                   
176000              8850                891.219             333.114             33.0036             197.286             
176000              7300                1158.72             127.297             1.9429              89.7544             
88000               8650                1225.28             126.71              903.204             86.5704             
88000               7800                1160.53             183.779             16.8718             71.2685             
88000               8350                991.052             132.494             479.407             89.3208             
317000              7000                4107.49             336.019             0                   0                   
176000              7300                995.801             573.737             41.9311             0                   
88000               8350                1092.78             155.657             23.4702             36.2515             
88000               7800                1175.12             145.666             102.164             130.283             
88000               7800                1059.83             127.297             151.2               43.8865             
