178000              2950                4668.12             841.774             3152.68             420.828             
468000              2850                5154.56             740.44              2927.49             32.8503             
560000              4000                2283.9              577.265             4062.5              108.268             
197000              3150                2396.32             504.911             2456.58             384.81              
645000              3050                3553.13             638.071             2956.74             248.249             
635000              3650                3663.47             666.3               1373.47             0                   
355000              3050                4073.32             670.954             4657.19             311.884             
647000              2850                3616.74             581.213             5015.13             300.39              
178000              3700                3017.17             707.01              3099.08             184.24              
369000              4000                2885.18             510.768             1085.98             66.2756             
368000              3700                2479.59             462.457             2629.01             22.3339             
282000              3250                3551.45             953.799             1220.76             169.952             
561000              3550                3730.74             750.195             334.261             2.94379             
745000              3700                2788.19             445.307             2415.8              9.14047             
554000              3750                3143.95             777.501             2640.74             0.631753            
377000              3950                2470.15             949.826             1112.2              2.94379             
547000              2850                4438.48             633.869             4081.82             223.065             
469000              3850                2166.14             572.132             1746.58             247.339             
645000              3000                2887.66             746.56              3777.45             160.554             
646000              3600                2053.75             641.432             4753.04             67.2171             
548000              3150                3894.9              558.037             965.391             134.172             
178000              3900                4124.09             771.889             1903.71             373.504             
283000              3200                2630.14             462.457             2130.66             22.3339             
745000              3050                2911.27             460.832             3023.86             6.41511             
178000              3950                2852.97             896.673             4689.41             0                   
358000              3750                2884.63             842.534             6173.45             0                   
179000              3750                4012.37             737.802             73.9925             139.268             
269000              3400                4523.12             703.054             358.002             271.906             
178000              2900                4234.33             541.59              4099.73             254.693             
387000              3300                3631.33             670.304             378.076             304.506             
356000              3050                4883.08             896.673             1130.59             28.6226             
547000              3600                3508.01             564.535             4683.11             0                   
546000              3150                3954.54             632.616             5159.34             0.0881591           
659000              4100                2207.27             506.404             1961.52             6.15881             
449000              3750                3978.48             638.071             5396.56             0                   
569000              4200                2081.69             825                 4482.47             119.151             
470000              3500                2219.62             842.448             1553.72             203.863             
191000              3600                2713.53             948.888             805.442             151.737             
555000              2800                4453.17             835.726             4737.39             0                   
356000              2950                4953.07             826.591             2794.56             4.17365             
548000              3350                4201.18             634.998             404.294             179.777             
555000              3500                2364.69             525.601             1117.11             390.974             
178000              2950                3298.82             883.127             4448.94             222.594             
745000              3550                2220.69             462.805             3838.48             6.41511             
555000              3350                2060.78             504.929             1312.51             239.408             
561000              3600                2088.21             891.53              4322.62             96.5252             
265000              3000                5249.61             940.57              1744.17             54.7994             
561000              3750                2445.76             891.53              3077.54             29.3081             
194000              3750                2529.27             867.828             985.222             497.522             
197000              3200                2239.02             778.015             2263.89             370.557             
358000              3150                4439.32             634.998             382.444             89.7061             
272000              3200                3007.62             828.062             5870.16             0                   
178000              3550                4215.6              603.04              663.15              0                   
369000              3150                4309.81             564.535             4939.15             0                   
745000              4250                1974.11             686.209             4239.35             242.032             
558000              3150                2668.53             504.911             1986.42             303.667             
552000              3850                1953.98             510.314             3467.08             267.48              
559000              2950                2782.5              481.49              4316.15             40.2175             
264000              3500                4024.19             542.897             1118.57             117.814             
178000              2900                4673.01             541.59              3498.56             102.356             
732000              2950                3499.3              785.145             3660.69             15.8274             
275000              2900                4396.59             897.599             3262.94             0                   
474000              3200                3044.91             569.867             1438.52             380.613             
381000              3650                2021.21             700.015             3919.08             267.48              
561000              3100                2351.98             926.054             3300.01             6.41511             
376000              3900                2559.9              932.049             340.584             143.81              
178000              2900                3853.39             897.599             4100.18             49.752              
732000              2950                3314.75             471.271             3753.97             79.4167             
178000              2900                4813.53             672.811             3557.97             98.4231             
387000              4150                2173.33             883.85              1411.92             326.23              
554000              3300                2963.8              495.332             741.511             111.507             
178000              3700                4119.22             873.594             1901.56             386.353             
178000              3550                4480.05             896.673             515.594             129.917             
369000              2850                3947.96             564.495             4470.63             2.59641             
468000              3850                2793.61             604.247             727.096             0.253924            
266000              3700                4324.94             738.777             149.308             278.951             
288000              3750                2088.71             504.911             2805.72             242.032             
356000              2900                5276.02             723.039             3179.72             44.586              
178000              3750                3560.24             737.866             2048.37             419.898             
450000              3200                4328.45             693.627             337.03              311.363             
468000              4000                2314.94             506.404             1391.23             6.15881             
182000              3250                3167.84             926.013             1251.63             477.238             
197000              3050                2415.92             634.59              3731.28             340.865             
460000              2950                4029.95             445.307             3142.33             86.217              
646000              2900                4894.13             740.44              2620.87             28.1097             
646000              3800                2001.23             577.265             4556.23             1.63564             
459000              4200                2076.95             504.911             3282.09             242.032             
745000              3400                2366.35             638.071             4512.49             1.63564             
194000              3900                2652.06             865.871             1060.36             435.584             
645000              2950                2549.49             729.235             4574.99             0                   
745000              3950                1988.64             445.307             4944.3              1.63564             
376000              4250                2250.73             585.239             741.139             350.915             
646000              3800                1987.94             445.307             4570.1              67.2171             
746000              2850                3794.21             614.236             4591.67             200.429             
466000              4000                1992.88             686.162             3488.16             242.032             
178000              3400                3620.16             945.725             1417.45             600.874             
371000              3500                4265.46             950.004             228.26              350.556             
745000              4100                2107.44             483.948             3546.76             47.3368             
290000              3050                2294.23             710.071             3883.29             365.348             
745000              3150                2268.66             445.307             2906.04             111.046             
559000              3100                4322.61             490.989             3091.95             107.392             
291000              4150                2431.17             726.473             316.55              253.706             
460000              3350                3908.8              445.307             3111.85             33.3618             
561000              3900                2094.13             887.773             5164.55             8.97123             
178000              3100                4667.37             671.398             488.033             0                   
178000              3350                4087.63             541.59              3865.02             276.204             
646000              3250                2225.79             445.307             3698.78             189.033             
646000              4050                1955.92             686.162             3138.32             286.663             
291000              3950                2254.61             585.239             433.267             356.075             
546000              3900                2552.8              525.959             4207.57             0                   
460000              2850                4322.62             560.227             4130.96             135.685             
552000              3850                1972.5              686.162             3133.77             347.589             
559000              3750                3008.23             445.307             2147.15             28.9758             
646000              3900                2228.5              628.51              3450.2              127.916             
194000              4000                2405.87             867.828             1075.69             314.151             
179000              3850                3227.2              705.299             404.902             0                   
178000              3000                4427.95             921.07              2986.05             413.906             
178000              3050                4143.55             611.847             4686.52             254.693             
377000              3600                3499.47             716.957             40.1558             2.94379             
378000              3100                2653.12             940.865             3351.44             99.5893             
745000              3350                2399.63             838.771             2580.45             6.41511             
569000              3250                2902.08             807.035             1079.39             121.537             
565000              3150                3355.48             957.512             2014.85             59.2811             
389000              3100                2329.58             777.812             3017.13             396.761             
645000              3100                2522.73             638.071             5153.64             41.9106             
178000              3050                4650.43             737.866             1543.69             0                   
178000              3550                3841.67             934.683             3467.2              0                   
368000              3350                2301.79             432.547             2815.71             217.253             
376000              3950                2442.76             585.239             339.843             430.817             
464000              3250                2408.38             940.865             4004.83             47.9864             
659000              2850                4171.7              622.574             3757.99             21.2123             
645000              2950                2574.72             445.307             4469.36             0                   
645000              2900                3279.11             900.646             4137.2              6.8348              
555000              3700                1978.59             504.929             1464.7              166.509             
555000              2950                4807.41             794.001             2446.4              40.269              
197000              3250                2316.54             428.925             2060.16             227.915             
453000              3350                3106.73             732.116             517.76              5.91661             
646000              3000                5034.89             854.144             1764.23             1.77461             
178000              3050                4462.89             933.921             2260.45             203.306             
197000              3400                2410.22             428.925             2305.75             48.7576             
559000              3000                4940.38             854.144             1784.31             128.129             
178000              2900                4311.97             588.856             3858.21             0                   
178000              2900                3870.59             680.342             4359.86             385.485             
178000              2950                3991.9              882.322             3788.09             382.523             
191000              3350                3317.06             949.228             374.915             368.612             
197000              3800                2717.57             634.917             386.758             381.106             
178000              3850                3300.79             897.599             3212.63             0                   
197000              3200                2524.12             545.082             1594.81             299.953             
369000              3350                2429.31             958.671             1333.92             244.576             
355000              3750                3632.71             638.071             5755.64             0.213203            
191000              3300                2807.84             938.827             1360.16             88.5468             
266000              3800                3298.68             596.989             580.326             0                   
178000              2950                3260.31             957.679             3668.01             0                   
733000              3150                2713.08             937.448             2520.71             6.41511             
456000              2850                4830.39             635.333             3063.64             0                   
560000              3100                2351.69             738                 3200.25             303.935             
369000              3700                2236.04             892.112             2002.99             294.365             
178000              3950                2919.87             737.866             3769.37             0                   
376000              3350                2414.94             513.58              938.143             404.261             
178000              3050                2972.85             896.673             5219.76             80.8205             
197000              3550                2143.95             504.911             2994.04             283.734             
178000              2950                4684.46             938.001             2495.69             74.3371             
469000              4300                2303.81             870.205             2929.57             0.739362            
645000              3050                3856.49             808.361             2327.93             102.353             
365000              3550                4074.09             907                 251.485             115.078             
179000              3850                2681.69             583.11              934.89              33.5555             
358000              2900                2952.28             841.18              5042.79             167.617             
197000              3800                2532.07             532.684             518.495             182.86              
178000              3150                4594.72             703.054             286.831             154.211             
745000              3650                3397.18             660.402             2972.24             0                   
178000              3700                2881.35             896.673             5135.51             92.776              
277000              3400                2461.02             611.427             791.911             5.91661             
645000              3000                3502.56             445.307             3350.98             155.755             
178000              3100                3562.79             897.599             2104.46             485.229             
197000              3250                2782.96             428.925             1623                118.442             
178000              3100                4284.88             558.037             868.641             54.0437             
178000              2900                3037.32             707.01              4568.79             80.8205             
197000              3800                2352.87             543.621             729.329             370.114             
197000              3100                3045.48             804.761             2602.43             437.73              
197000              3350                3394.61             670.304             232.713             282.033             
547000              3000                3698.88             581.213             5171.74             251.144             
647000              2850                3832.16             581.213             4661.4              0.0881591           
732000              3250                3269.19             506.697             2884.2              6.41511             
291000              4300                2489.39             909.63              452.157             213.593             
646000              4100                1969.05             853.032             4762.03             148.867             
272000              3100                4668.09             693.627             417.6               173.785             
383000              3150                3074.66             526.198             1822.46             423.403             
179000              3750                3923.18             922.214             196.59              30.0358             
362000              2850                4234.97             897.599             4734.32             202.102             
475000              3600                2365.71             787.195             971.275             490.391             
560000              3600                3439.22             647.592             201.429             234.413             
358000              3050                3123.39             828.062             5682.94             0                   
368000              3850                2322.09             437.075             3063.02             149.209             
457000              3050                2842.38             828.062             5959.16             162.118             
178000              2900                4192.89             745.233             3910.89             399.345             
178000              3450                3035.13             737.866             5324.45             0                   
645000              4000                2292.41             686.209             5905.15             0                   
290000              3450                2043.03             686.162             2223.83             242.032             
278000              3700                4195.8              866.867             305.576             5.63329             
179000              3550                3895.59             866.867             293.258             74.7387             
