181000              3800                4507.46             677.351             483.529             94.6185             
469000              4150                2334.72             725.778             258.527             289.122             
835000              3100                5250.1              891.18              1293.72             33.405              
549000              3400                2522.48             398.775             1412.38             45.5097             
181000              3100                4880.46             899.097             1170.12             184.021             
272000              3550                1723.5              750.577             4416.78             261.603             
272000              3850                1575.19             750.577             3390.63             197.893             
543000              4550                3460.41             755.089             687.909             0                   
648000              3950                1346.87             750.577             3960.08             203.074             
645000              3000                5100.08             730.849             1777.21             90.2024             
745000              3600                1933.88             420.264             2926.28             1                   
370000              2750                4613.47             708.11              5440.06             0                   
545000              3950                4148.84             751.285             604.068             16.1059             
555000              3750                1612.17             338.275             3372.13             0                   
560000              3600                1402.2              891.638             4054.62             268.931             
732000              2800                3499.7              920.929             5648.75             166.37              
465000              3400                2863.37             700.333             195.584             238.811             
574000              3100                1825.72             953.92              3406.83             276.061             
471000              3100                2307.91             738.865             3505.51             336.945             
179000              3800                1927.73             461.942             1095.73             2.86244             
555000              4050                1473.71             825                 4738.18             152.563             
450000              3550                3978.74             579.725             1270.13             77.5364             
370000              3950                3219.1              918.126             268.687             86.5351             
648000              3850                1420.93             783.545             2643.77             320.506             
745000              2900                1761.91             891.638             5090.99             7.83095             
272000              3650                1543.13             394.173             3168.79             206.867             
266000              3650                4736.43             807.744             414.379             322.203             
648000              3800                1512.08             733.123             4727.06             0                   
272000              4150                2016.58             459.366             669.107             59.9256             
555000              4100                2440.37             599.612             422.503             2.86244             
560000              2800                3998.67             723.026             5571.76             202.052             
745000              3000                1707.58             686.209             4772.94             294.465             
187000              3800                1905.35             919.666             3962.28             244.3               
280000              3650                2618.19             945.279             1335.03             366.562             
181000              3350                3321.76             503.893             5161.51             101.106             
832000              2950                3065.2              754.589             3236.71             73.3188             
471000              3800                1730.29             354.784             3493.08             100.201             
745000              2950                1663.79             514.786             5056.11             5.04586             
372000              3050                3221.62             347.025             2331.7              0                   
181000              4100                3883.88             781.039             14.2292             158.807             
745000              3950                1500.95             628.083             4969.76             0                   
363000              3650                3427.83             511.064             5599.21             2.86859             
659000              3300                2089.58             500.852             1868.39             213.469             
642000              3550                3178.23             700.333             193.103             243.364             
732000              3000                4923.37             703.166             1919.36             0.579837            
647000              3100                3406.69             819.739             1733.52             0.829214            
181000              3150                4596.15             827.77              1262.6              423.04              
552000              2850                2599.02             870.542             6072.78             202.685             
390000              3650                2304.13             911.784             577.886             404.72              
358000              3450                1519.71             632.024             3076.96             252.843             
274000              3650                4250.4              896.662             345.542             345.347             
469000              3100                1891.94             664                 5627.04             0                   
171000              3400                3281.81             875.088             1569.4              558.131             
659000              3950                1517.33             891.638             3151.15             104.42              
181000              3100                4608.16             752.439             1794.11             258.61              
646000              3050                1413.15             730.036             4642.49             195.245             
564000              3800                1728.36             484.479             1267.63             296.155             
359000              4150                2305.69             506.848             441.599             5.87113             
648000              3600                1319.35             394.173             3625.7              218.893             
477000              3850                3242.49             956.479             518.69              1.93071             
546000              3050                4460.16             614.645             1908.26             138.92              
745000              2950                2240.89             957.808             4245.98             0                   
745000              2950                2136.59             354.811             3772.98             88.3188             
194000              3950                1855.44             867.768             1605.37             294.07              
659000              3200                1553.98             348.885             2781.66             183.412             
355000              3000                2643.43             887.32              4263.05             369.376             
280000              3050                4977.13             891.082             1763.76             150.296             
179000              4050                1791.37             459.366             1206.1              202.54              
272000              3650                4420.74             778.632             3445.92             0                   
732000              2800                5222.89             793.632             4344.1              139.802             
469000              2850                4848.6              850.69              4107.78             0                   
370000              2800                4476.85             948.745             4530.68             32.1652             
179000              3800                2317                590.417             692.683             2.86244             
659000              3950                1700.9              944.477             1687.78             338.991             
745000              2800                2200.86             841.8               6308.44             120.172             
279000              3450                1876.06             774.952             4431.63             0                   
272000              3650                1641.45             454.564             3075.82             103.876             
181000              3200                4193.81             579.725             831.952             42.0313             
179000              3800                2098.49             842.959             971.744             82.2442             
732000              4150                4321.18             714.353             1700.89             0                   
266000              4100                3653.74             785.751             120.738             280.551             
194000              4350                2335.6              921.234             677.621             215.322             
179000              3150                2573.9              552.08              2705.16             289.902             
372000              3100                2396.91             347.025             2816.69             140.644             
380000              3550                2276.62             534.8               606.764             276.875             
181000              3950                3946.32             723.026             4732.85             0                   
179000              3800                2165.21             449.865             856.655             281.883             
181000              4050                2900.61             673.423             135.453             183.898             
745000              3250                1734.37             423.272             4271.17             0                   
272000              3950                1899.58             508.77              776.412             304.262             
745000              3800                1457.88             468.299             4406.71             57.4452             
745000              2800                2028.29             853.008             6385.27             0                   
557000              2950                1841.62             326.341             5063.01             115.109             
272000              3650                1815.02             846.46              2623.28             368.42              
280000              3050                3801.24             955.675             3326.95             82.1886             
644000              3550                2921.99             596.571             575.835             136.147             
372000              2950                1881.8              710.755             5019.29             115.599             
372000              3550                2096.55             456.429             4688.49             0                   
272000              3600                4673.63             768.709             442.015             205.807             
280000              3300                4655.73             657.957             4353.72             0                   
647000              2800                5151.47             845.662             4447.34             47.0983             
550000              3050                3592.28             510.314             2010.74             0                   
469000              4150                2436.6              767.5               234.535             2.86244             
181000              2950                3667.79             503.893             4881.43             162.036             
181000              3200                3358.45             846.46              4955.31             2.86859             
566000              4550                1729.06             449.865             1733.81             164.083             
645000              2950                4166.29             614.645             3020.31             0                   
546000              2850                3986.63             950.4               4738.64             26.6416             
646000              2800                4032.47             664                 5380.4              61.1581             
745000              2950                3276.75             908.178             3239.73             147.546             
733000              2950                2733.07             477.633             3365.21             138.226             
732000              2850                5213.92             754.407             3852.28             30.4166             
460000              4100                1962.56             459.366             687.533             59.9256             
461000              2800                4607.01             506.752             4685.73             113.635             
646000              3700                2288.91             403.654             1832.42             0.253764            
659000              3250                2244.7              909.125             1831.64             487.405             
641000              3150                4902.98             614.645             2001.83             5.40207             
745000              4050                1449.83             862.61              6332.98             71.7748             
355000              3100                2708.73             899.182             2500.45             410.186             
661000              4100                1690.06             484.479             1645.18             281.719             
659000              3200                2042.7              710.071             2463.18             254.247             
645000              2800                2894.09             892.75              5701.37             0                   
378000              3650                1925.75             868.856             2742.65             0                   
181000              4050                2907                714.353             218.395             9.5713              
372000              3550                2025.44             326.341             4860.71             135.658             
179000              3250                3221.95             552.08              1098.64             242.07              
352000              3400                4272.48             619.208             688.499             126.216             
645000              2850                2130.21             957.808             6111.66             92.2647             
745000              3300                1494.13             525.601             3553.47             217.982             
280000              3450                2962.6              953.544             590.253             154.644             
266000              3700                3919.47             510.454             4714.91             1.93071             
179000              3250                2441.54             719.888             1718.2              285.037             
659000              3500                1581.86             929.852             2599.68             109.619             
370000              4000                2898.36             820.443             314.385             345.098             
363000              3950                1705.92             449.865             929.068             274.722             
558000              3350                4485.05             786.853             457.091             3.81788             
278000              3450                3474.93             738.928             5981.41             0.937876            
278000              2950                2520.82             855.496             5172.05             129.601             
181000              3150                3913.75             657.957             4739.62             264.262             
455000              2950                4802.01             614.645             2274.9              0                   
562000              3450                2788.08             956.137             812.076             34.9051             
181000              2950                3484.12             511.064             4970.8              2.86859             
745000              3500                1584.44             825                 6128.17             0.109797            
646000              2800                2162.28             870.272             6566.78             183.565             
365000              3250                4502.34             866.706             521.716             328.73              
372000              3050                3385.64             429.073             2135.78             87.9395             
181000              4200                2688.3              572.726             1353.54             0                   
181000              3500                4484.12             855.389             479.688             312.649             
181000              3650                4610.71             937.442             513.174             0                   
181000              3250                4047.02             954.362             506.359             324.648             
555000              4100                1567.29             825                 2208.05             353.822             
745000              3900                1531.91             781.769             3507.67             75.4904             
745000              2850                3752.03             791.246             4312.2              247.29              
187000              3650                1778.65             949.29              3303.04             235.596             
372000              2950                1925.98             338.275             4990.2              0                   
181000              3250                4341.52             947.514             2451.81             0                   
463000              3650                1690.13             891.638             4718.79             29.6556             
370000              2800                4245.07             503.559             5029.15             0                   
457000              3300                2115.89             958.619             3440.2              66.0299             
181000              3850                3559.97             943.254             138.141             130.236             
745000              3350                1470.95             710.071             5437.08             177.524             
546000              2800                4881.95             778.632             4510.59             137.707             
549000              3700                1668.4              946.885             2196.29             484.878             
181000              4000                4162.14             751.285             1739.83             0                   
278000              3600                3576.71             900.42              3198.8              222.94              
372000              3250                2539.73             403.654             1382.15             0.253764            
551000              4100                2694.2              628.402             160.838             187.187             
560000              3050                2220.84             347.025             3152.6              12.8392             
745000              3800                1458.13             326.341             4396.1              73.8785             
193000              3400                2971.08             628.173             509.705             289.194             
181000              2950                4263.05             624.75              4395.17             83.9187             
645000              3200                1968.1              957.808             4161.05             25.553              
461000              2900                4380.91             730.964             3941.35             259.668             
181000              3100                4816.97             880.608             1772.41             0                   
642000              4600                3439.62             755.089             1135.21             0                   
361000              2950                4496.46             952.868             2625.81             132.11              
469000              3150                4133.96             658.548             945.376             308.777             
471000              2950                1878.29             421.145             4994.71             85.0197             
465000              3350                4845.99             786.853             383.863             86.1976             
181000              2950                4000.92             557.824             4696.7              297.073             
469000              3150                3797.74             955.568             1279.73             360.776             
179000              3150                3133.45             905.518             2243.12             250.438             
278000              3250                3429.1              610.681             5963.8              47.5855             
378000              4150                2696.12             627.314             144.359             312.23              
469000              5350                1882.03             893.543             645.433             184.524             
732000              2900                5193.86             641.088             2913.92             94.5956             
370000              3400                4656.44             503.559             4405.44             0                   
370000              2800                4512.19             705.317             4713.47             231.719             
648000              3650                1512.05             326.341             4110.97             26.044              
560000              2800                4655.02             503.559             4701.32             0                   
181000              3100                4352.46             788.706             4324.31             14.2107             
568000              3300                1743.22             704                 2316.53             362.016             
278000              3650                3455.27             958.832             2652.68             86.8363             
659000              3900                3103.33             704                 318.719             4.37373             
278000              3600                2040.32             870.541             5295.7              182.368             
181000              3200                4612.7              714.353             566.931             1.20214             
471000              3250                2039.31             510.314             4283.91             312.332             
745000              3600                1859.23             767.997             3019.56             0                   
745000              2900                1804.51             686.162             5070.79             68.1781             
181000              3850                3804.7              772.99              51.527              2.06527             
