266000              3650                1573.84             510.314             2032                0                   
443000              3200                4859.24             895.039             1663.49             75.6758             
173000              3350                1807.72             936.58              1617.91             74.8614             
266000              2950                3717.18             472.837             5137.48             27.6345             
363000              3150                5266.75             701.596             1295.06             178.373             
173000              3900                1644.38             375.458             1786.1              0                   
547000              3050                4986.01             693.055             234.776             0                   
264000              5300                1744.79             917.949             1651.18             0                   
544000              3100                2364.37             955.934             3074.74             151.281             
366000              4250                2854.04             823.326             476.434             0.0977223           
173000              3100                3947.29             910.184             2473.76             204.359             
173000              4100                1500.19             890.108             3924.78             0                   
365000              4300                1483.89             880.073             4511.85             0                   
736000              3100                3871.67             572.862             1954.17             20.1903             
266000              2750                3939.52             937.977             5787.75             0                   
356000              3050                5171.44             846.287             686.634             16.7454             
542000              3200                2123.7              380.194             1985.29             101.296             
832000              4350                1422.32             664                 5143.73             0                   
173000              3300                4274.67             648.988             1364.89             267.721             
272000              5000                1564.07             900.207             1313.97             120.128             
263000              3100                4618.6              940.663             772.015             86.9286             
558000              3050                3826.83             442.383             2047.74             0                   
272000              5250                1628.65             935.388             1277.49             188.334             
372000              3800                1448.7              907.356             4038.05             67.7836             
351000              2700                4797.84             957.441             5105.81             0                   
466000              3800                2661.79             591.007             212.734             0                   
275000              3450                2828.37             807.885             394.835             221.407             
656000              3950                1410.81             907.356             4745.53             0                   
739000              4100                1461.01             635.083             3575.88             56.47               
173000              3350                1645.23             899.073             1708.68             171.071             
266000              2750                5201                919.552             4879.62             72.7443             
841000              3000                3119                754.671             3802.92             8.63961             
469000              5250                2511.61             884.219             327.978             16.9935             
178000              3600                3720.18             726.031             110.018             24.8285             
173000              3850                1515.93             610.799             2121.49             121.121             
173000              3500                3114.96             460.881             1018.82             81.2072             
549000              3200                5402.71             745.142             107.51              68.8646             
363000              3300                1676.26             380.194             1785.37             58.767              
645000              4050                1474.4              609.432             4366.18             0                   
755000              2950                2644.6              734.083             4587.32             0                   
542000              3250                1775.66             460.305             4322.78             56.6903             
832000              3200                4373.05             696.558             1104.92             0                   
173000              2800                3857.66             417.647             4513.7              0                   
351000              3100                3430.89             726.057             5781.46             0                   
173000              3350                4778.55             889.823             641.947             0                   
735000              3900                1397.25             664                 4001.97             108.928             
357000              3750                2042.06             398.503             1106.8              0                   
565000              3000                2439.84             429.323             4484.3              102.255             
832000              3850                1446.28             664                 5091.75             60.9456             
369000              4150                2097.47             749.116             733.953             91.5831             
562000              2950                2830.84             947.142             3932.72             96.0627             
547000              3250                4693.28             915.801             51.8093             173.097             
648000              4000                1522.87             511.904             3060.51             197.403             
459000              3250                4335.87             632.438             1510.63             231.073             
557000              4450                1454.32             907.356             5261.02             0                   
173000              2900                4884.76             612.188             2101                31.213              
173000              4100                3362.51             957.229             798.229             0                   
741000              3050                3447.86             732.93              2620.09             190.346             
173000              3150                3546.47             874.639             4156.97             156.98              
469000              4100                1477.26             745.185             2672.16             0                   
742000              3050                3524.79             442.383             2457.94             0                   
173000              2800                4083.81             398.187             4511.45             184.283             
448000              3250                2116.27             432.618             1896.68             185.413             
178000              4000                2536.82             628.807             721.211             220.04              
369000              5000                2861.96             871.485             187.445             41.7058             
442000              3000                4678.02             678.275             1874.07             217.779             
568000              3400                3728.57             850.588             8.18695             105.284             
735000              3150                2083.68             510.314             2614                0                   
178000              3400                3489.96             623.701             291.631             0                   
173000              2800                3531.83             560.623             5297.75             0                   
469000              3050                2853.64             429.694             2636.49             166.606             
178000              3600                3767.02             706.944             35.901              175.394             
266000              3650                1978.46             358.454             1654.32             129.995             
547000              3150                4795.18             923.897             47.1289             0                   
272000              5150                1767.54             946.649             1180.41             23.7544             
357000              2950                5393.76             808.552             1648.58             96.6037             
266000              2900                3929.15             666.851             3924.83             238.008             
647000              3400                4258.37             693.055             256.592             111.528             
272000              3300                4483.32             701.596             1233.4              238.474             
173000              3950                2032.93             467.156             1133.08             131.367             
173000              3350                1754.4              907.557             4325.64             30.8395             
745000              3100                2966.69             751.385             2466.26             184.75              
654000              3600                1563.26             654.905             2572.41             0                   
543000              4350                1506.24             653.707             3925.66             67.7836             
375000              3600                1910.39             951.731             905.889             0.106842            
270000              3300                1680.95             609.432             2368.25             227.096             
559000              3600                1435.61             907.356             4459.36             124.252             
451000              2850                3373.86             908.332             5236.11             61.5239             
635000              3150                2083.46             573.731             2595.5              115.006             
352000              3250                2154.63             886.019             4997.05             13.457              
841000              3050                2743.77             429.323             3186.82             0                   
369000              3500                3355.07             952.889             47.4602             124.202             
173000              4150                1512.34             912.385             1959.9              103.68              
361000              4050                2687.99             657.922             113.401             183.001             
448000              2800                5416.78             653.566             3117.77             45.8027             
563000              3850                1453.69             941.596             2857.11             0                   
275000              3900                2574.48             603.645             194.512             156.453             
173000              2800                4371.98             690.056             4263.17             0                   
472000              3200                3490.38             442.074             3210.9              0                   
656000              4250                1462.65             664                 5245.13             0                   
173000              4050                4459.81             770.119             544.587             14.733              
266000              2800                3684.37             664                 4857.88             0                   
374000              4050                2424.4              603.645             347.62              107.559             
173000              3450                1836.77             470.623             2403.8              187.702             
258000              2950                3853.8              786.916             3155.26             182.633             
173000              4200                4697.54             947.439             364.504             106.56              
464000              4150                1467.8              907.356             3951.36             0                   
459000              3800                1441.65             704                 3432.9              116.29              
266000              3500                1654.34             907.356             2612.95             113.087             
173000              3600                4812.34             957.902             313.523             278.887             
742000              3000                2998.41             605.166             4006.28             28.7497             
832000              4050                1409.21             664                 4292.48             90.5604             
646000              3600                3291.41             712.918             6.25208             0                   
173000              3250                2117.34             923.887             5191.13             0                   
468000              4300                1941.01             687.209             840.294             4.81392             
552000              3850                1848.43             603.645             1166.17             0                   
646000              3000                2750.92             429.694             3156.6              77.0373             
650000              3550                1516.27             664                 3773.27             140.632             
555000              3600                1891.1              856.4               1104.64             33.2752             
755000              3100                2878.27             446.878             2609.49             182.683             
542000              3050                1725.02             704                 4566.24             7.76853             
460000              3650                3660.35             725.234             56.4522             230.545             
266000              3000                4611.31             945.816             2026.67             0                   
275000              3900                2188.72             757.154             779.689             193.823             
461000              3850                1533.12             380.194             2494.45             106.277             
357000              3100                4499.78             940.669             609.217             238.137             
173000              3300                4823.7              907.493             1219.06             207.024             
750000              2950                2890.92             828.121             4212.36             60.4244             
173000              3250                1691.41             380.194             2547.79             121.897             
369000              4050                3319.06             931.153             28.1471             270.467             
468000              3100                3803.52             947.142             1997.49             161.198             
544000              3150                2373.8              543.095             2337.54             203.874             
173000              2900                4220.5              940.5               3265.99             245.323             
263000              3300                4670.05             943.94              720.885             320.166             
258000              3250                1889.57             871.785             5646.95             40.8909             
357000              2800                3706.27             464.415             5140.99             0                   
372000              3000                2645.7              738.398             4284.79             207.317             
542000              3200                1725.19             613.247             5053.77             47.1493             
372000              3150                3587.14             947.906             2181.69             55.6255             
173000              3650                1565.95             358.454             2076.88             48.7975             
357000              2950                5262.39             605.166             3263.35             0                   
746000              3350                4675.17             745.142             115.351             130.155             
742000              2900                3246.22             877.849             4826.3              0.0977223           
173000              3350                2330.08             434.355             1191.51             190.821             
746000              3300                4619.38             707.679             421.966             0                   
173000              3700                1798.97             780.546             1647.33             183.548             
448000              2800                4778.79             563.287             3414.99             0                   
173000              4100                2152.26             513.866             1278.23             0                   
173000              3200                4350.68             452.957             4006.92             49.2016             
739000              4100                1452.98             941.596             3177.28             0                   
173000              2800                4720.82             588.772             3751.34             71.3912             
272000              3200                3014.1              523.375             1633.89             161.593             
561000              3700                3569.02             636.782             271.464             115.323             
173000              2800                4495.47             398.187             4101.73             60.352              
469000              3500                3047.06             712.918             15.1669             81.5388             
555000              2950                2529.5              649.601             4842.8              159.859             
173000              3450                1585.43             670.142             3294.33             0                   
361000              3200                1815.88             609.432             2719.75             161.975             
173000              3100                4840.43             706.995             2312.61             143.19              
542000              3050                1744.88             385.129             4556.74             7.76853             
443000              3150                2002.72             925.241             3799.25             155.765             
272000              2800                5141                889.13              3117.28             0                   
173000              3300                4371.33             730.036             3814.38             21.29               
357000              2950                4221.87             402.362             4133.81             0                   
549000              3200                5144.63             637.634             639.031             58.2828             
272000              2900                4913.59             540.77              2574.23             111.461             
273000              3450                3303.78             454.979             1155.56             31.8528             
178000              3900                3193.48             669.104             369.303             280.115             
173000              3150                5220.86             786.968             1729.51             47.1294             
278000              3700                3265.25             939.896             201.621             240.727             
278000              3100                2932.36             893.32              3149.04             320.896             
173000              3950                1510.19             513.866             3098.28             0                   
545000              2900                4788.24             634.507             2692.1              74.0728             
451000              3100                1781.66             460.305             4301.13             131.074             
363000              2850                5451.92             796.183             2473.68             0                   
351000              2750                4033.68             886.795             6152.26             155.073             
173000              3800                4871                957.902             196.452             217.844             
732000              3350                4654.93             914.014             146.56              4.13395             
652000              3250                3104.3              855.496             1167.95             0.788954            
448000              3250                1825.69             391.178             1999.93             2.22168             
549000              3350                4410.21             637.634             359.739             186.375             
456000              3450                3799.44             858.367             24.3268             268.26              
733000              3350                4330.85             690.05              440.65              50.3336             
365000              3350                5256.05             908.671             113.479             94.496              
560000              4100                2913.16             657.956             1.11356             0                   
272000              3750                2388.81             490.502             812.351             53.7077             
173000              3350                2097.3              391.178             1400.18             0                   
547000              3300                4654.19             728.275             136.068             255                 
639000              2800                4586.11             651.422             3835.4              0                   
173000              2750                4792.47             895.731             5231.24             200.616             
173000              2850                4991.23             796.183             2678.09             0                   
173000              2950                3482.38             605.166             5658.26             42.5762             
733000              3000                3399.58             674.01              3256.54             61.235              
173000              3650                1776.46             358.454             1855.27             185.967             
173000              3150                3128.84             907.356             4216                0                   
173000              3550                1573.2              803.219             2656.16             0                   
178000              3950                2807.36             669.104             416.238             138.884             
173000              3950                1476.4              907.356             3132.13             113.569             
450000              3050                5130.34             707.679             320.941             104.954             
173000              3000                4930.71             701.596             1513.73             234.084             
