370000              3300                2195.66             521.213             2316.9              484.526             
463000              4300                2114                496.689             1274.88             308.777             
560000              2850                4034.92             873.18              5042.33             190.196             
284000              3800                2812.82             639.982             442.174             322.518             
731000              3100                4152.86             624.65              1762.06             258.73              
659000              4000                2014.8              567.62              1300.73             288.419             
731000              3000                3938.08             578.071             2745.97             165.31              
284000              3550                2057.46             884.454             1250.67             234.213             
731000              3250                3383.01             792.801             1435.65             134.243             
560000              3500                2000.89             541.013             2773.23             0                   
284000              3250                4030.04             806.782             1142.46             58.8083             
558000              3650                4527.53             836.041             117.273             81.7168             
560000              4000                1764.22             721.695             4211.11             496.184             
831000              2900                4067.39             551.979             3456.65             0                   
552000              3050                5022.9              772.014             1053.02             241.482             
369000              3800                2327.23             645.566             586.697             0                   
375000              3350                3728.3              669.041             794.246             501.856             
471000              3750                2317.17             938.71              764.987             307.931             
458000              4250                2139.07             624.498             867.628             643.823             
652000              3450                4405.16             947.165             153.595             195.869             
640000              2950                4327.12             455.145             2636.33             146.391             
375000              3600                1898.8              837.521             2057.56             655.713             
645000              3150                4591.64             733.685             531.049             7.99718             
469000              3800                2918.99             895.63              67.262              0                   
558000              3600                5040.59             845.52              60.1021             55.4072             
284000              3750                2235.43             850.741             1054                81.092              
551000              3000                4837.97             752.692             2034.37             10.8537             
732000              3600                4040.04             716.671             203.78              0                   
369000              3150                3741.69             892.634             2004.9              0                   
568000              3750                2476.56             580.154             561.898             327.535             
660000              4350                1806.62             626.209             3945.76             210.891             
284000              3300                3078.02             951.782             1374.16             425.697             
737000              2900                3418.22             861.038             4048.57             195.533             
284000              3200                2186.1              847.338             3278.57             308.259             
284000              3150                3122.64             768.655             3032.28             0                   
831000              3000                3058.87             690.066             3756.73             169.613             
469000              4200                3289.78             784.454             -1.27898e-13        206.915             
461000              3150                2467.68             572                 3445.62             0                   
828000              2950                2962.4              929.71              4030.88             567.498             
656000              3200                3686.16             890.179             1257.07             852.829             
284000              3650                1904.02             813.881             1790.34             424.413             
460000              2950                3932.73             745.672             3523.29             323.145             
546000              3050                3734.89             900.395             2664.63             586.274             
554000              3000                3608.06             478.571             3397.42             410.024             
562000              4100                2099.3              497.41              1309.41             5.12867             
455000              3200                2596.4              931.395             2400.85             156.621             
643000              2850                3528.31             800.979             4756.8              258.284             
562000              4100                2623.93             496.689             770.538             27.7135             
284000              3550                2002.02             788.954             1933.48             0                   
460000              3050                4355.35             891.805             1795.24             0                   
637000              2900                4657.68             688.256             3152.96             227.235             
731000              3050                4392.15             825.619             1435.87             0                   
375000              3950                1891.89             682.595             2640.81             339.167             
284000              3150                3443.11             706.708             2751.49             417.939             
831000              2950                3594.09             663.026             3548.57             386.809             
375000              3400                2038.55             527.436             1565.34             0                   
546000              2950                3834.37             955.214             3248.65             286.258             
554000              3200                3084.14             934.109             1827.77             233.642             
831000              3000                3000.73             774.187             3683.59             278.646             
284000              3400                1917.7              518.701             1717.42             274.966             
640000              3200                2894.22             840.79              2408.55             532.488             
284000              3300                3550.27             518.701             1116.51             301.782             
284000              3500                3389.03             518.701             1220.91             426.507             
461000              3100                4338.65             652.552             907.58              291.017             
460000              2950                4437.97             577.396             2608.3              0                   
461000              3700                1825.61             726.247             3245.54             563.651             
461000              3150                4676.38             674.614             325.274             206.607             
284000              4100                2640                820.815             626.432             383.424             
470000              3200                3734.94             876.329             2252.36             406.558             
383000              3650                1959.57             626.209             3354.57             0                   
560000              3850                1794.17             578.071             3707.03             274.925             
546000              2850                4435.7              874.282             4531.4              167.557             
284000              3450                2563.57             614.59              838.9               0                   
284000              3200                2819.15             930.816             2743.86             513.666             
284000              3150                2368.72             780.415             3847.01             437.222             
644000              3050                4002.06             663.026             1664.15             447.102             
640000              2950                3219.31             455.145             3865.21             230.54              
643000              3050                3458.6              861.038             2499.65             670.952             
831000              3100                3703.62             610.954             3639.87             53.0016             
372000              4450                2317.12             497.41              1344.91             5.12867             
460000              2950                3968.24             514.145             3003.51             38.5516             
732000              3400                3940.54             651.763             269.974             0                   
560000              3500                1875.06             721.695             3050.73             528.24              
469000              3950                2935.07             652.916             59.4689             383.018             
372000              4150                2093.51             569.516             1037.53             296.784             
284000              3300                4119.17             838.149             713.963             251.763             
469000              4100                3145.23             773.727             149.377             0                   
284000              3750                2682.1              534.19              711.536             243.577             
369000              3150                2477.72             764.181             4019.6              519.386             
474000              3850                1789.2              747.663             3856.84             365.877             
284000              3300                3763.27             670.306             802.602             0                   
560000              3850                1755.06             721.695             3899.48             563.651             
461000              3200                3756.59             574.2               688.883             184.397             
560000              2850                3993.97             910.206             5347.78             441.872             
660000              3800                1813.78             747.663             3388.58             515.826             
272000              3800                3665.98             895.137             1354.96             13.1884             
554000              3100                4439.91             663.026             937.548             0                   
640000              3100                3311                959.143             2037.84             62.6886             
928000              2950                3495.45             663.026             3363.8              335.357             
645000              2900                3394.23             907.722             4511.1              298.244             
461000              3350                2107.58             730.575             1775.97             0.173357            
640000              3150                3871.21             455.145             3284.11             283.527             
284000              3950                1909.08             742.402             2640.91             274.925             
284000              3200                2329.6              553.123             3238.57             464.599             
371000              3800                2268.78             922.206             584.795             257.915             
475000              4000                1920.97             850.741             1743.35             117.74              
560000              3300                2188.21             706.722             2369.21             0                   
554000              2950                3445.95             455.145             3726.06             284.239             
369000              3550                3588.09             958.592             262.169             247.158             
731000              3150                3842.55             764.098             1571.82             393.343             
828000              2900                3581.82             663.026             3948.58             34.9116             
546000              2900                3519.82             833.654             4505.63             401.021             
473000              3450                4237.72             858.082             76.1139             232.566             
544000              3000                4571.17             873.245             2120.95             181.613             
284000              3300                3170.84             923.462             1613.64             0                   
637000              3050                4076.55             669.636             3796.37             13.6318             
463000              4150                2305.86             497.41              1019.04             71.3783             
475000              4000                1888.2              878.902             1779.73             261.611             
284000              3300                2072.45             724.154             2692.74             0                   
637000              2900                4855.87             678.928             2653.98             0                   
640000              3250                3119                465.241             3402.24             360.657             
745000              4200                1907.7              758.712             5105.36             0                   
645000              2850                3701.42             869.991             5052.67             157.229             
284000              3300                3509.25             527.436             989.087             2.40722             
637000              2900                4121.99             496.902             3567.68             38.5516             
284000              3250                4220.43             726.813             942.467             232.281             
284000              3450                3103.93             673.582             422.125             107.811             
461000              3250                3989.64             653.336             280.439             479.202             
640000              3200                3523.1              955.595             1202.83             208.129             
459000              3750                4008.4              952.089             13.6614             253.753             
474000              4050                1793.48             721.695             3826.59             206.509             
546000              2900                3819.56             949.684             4290.63             403.802             
828000              2900                4088.06             760.02              3242.03             0.659163            
375000              5100                1970.14             884.078             1509.51             374.621             
928000              2900                3774.32             739.878             3366                10                  
640000              3400                3900.25             455.145             2828.78             59.878              
547000              3350                4237.08             716.671             154.574             0                   
640000              3000                3238.39             455.145             3419.06             74.6276             
369000              3800                2508.9              527.436             378.924             87.1343             
284000              3200                3880.65             669.041             1985.39             680.85              
284000              3150                2858.49             756.955             3614.6              512.89              
474000              3900                1787.03             519.422             3268.51             230.443             
384000              4200                2938.85             672.802             69.147              0                   
284000              3750                2032.21             529.959             1248.02             117.74              
546000              3150                2798.34             827.877             3176.76             142.184             
372000              4300                2787.65             504.681             718.574             5.12867             
647000              3600                3743.01             615.209             544.16              13.1576             
469000              4050                3233.46             840.929             -7.10543e-14        400.068             
732000              3600                3800.02             647.631             395.646             159.708             
372000              4250                2153.72             610.554             839.035             501.145             
544000              2900                4957.04             745.672             2840.49             177.445             
375000              3250                4342.36             904.336             923.122             336.319             
554000              3250                3163.91             509.287             3477.07             434.297             
737000              2900                3401.12             821.257             4423.95             503.509             
375000              3750                1872.85             518.701             2682.2              274.925             
731000              3150                2889.63             711.979             2522.05             435.299             
637000              3050                3855.79             632.633             4432.71             139.092             
459000              3850                3562.14             811.806             116.491             536.004             
660000              4150                1848.38             747.663             4046.46             161.084             
558000              3750                3938.75             896.377             14.5443             185.678             
469000              3650                3211.91             527.436             1183.98             2.40722             
731000              3200                2855.61             797.729             2333.42             327.402             
647000              2850                4613.82             879.585             4276.43             168.347             
460000              2950                4771.58             727.103             2599.09             215.815             
559000              4350                1819.42             747.663             4265.05             145.805             
369000              3250                2440.8              934.837             2090.49             376.48              
284000              3350                3038.71             526.714             3079.31             131.667             
560000              3750                1929.97             644                 4050.22             54.2753             
560000              3800                1908.59             578.071             3576.13             0                   
471000              3950                3362.99             648.476             99.3845             0                   
731000              3000                2924.1              663.026             3973.05             432.757             
455000              3650                2782.06             845.27              500.701             413.4               
384000              3950                3207.21             647.265             0                   148.764             
284000              3250                2089.37             822.828             2952.21             612.893             
546000              2950                3837.46             851.038             3555                469.515             
369000              3300                3142.21             768.211             1559.01             563.267             
284000              3200                2554.92             939.939             2720.71             207.361             
284000              3250                3966.46             669.041             1592.74             399.535             
284000              3200                2154.38             518.701             3466.07             314.296             
546000              3150                2255.59             527.436             3575.46             118.931             
469000              4050                2743.37             569.36              199.547             0                   
369000              4100                3112.04             955.2               69.827              197.581             
737000              2950                3464.12             861.038             3288.02             467.012             
284000              3150                2866.72             851.983             3461.46             402.072             
284000              3200                4011.22             802.94              1956.77             537.289             
284000              3750                2156.48             651.713             1193.01             312.417             
375000              3800                1903.13             670.437             3642.36             199.033             
554000              2950                3929.63             455.145             3169.23             20.9789             
284000              3250                3287.2              851.765             1959.89             579.61              
284000              3150                3003.22             527.436             3202.16             0                   
645000              4100                1842.06             677.866             4622.4              131.282             
284000              3350                2364.77             872.472             1965.17             0                   
731000              3200                2990.57             771.923             2200.6              543.916             
369000              3400                2390.12             926.597             1461.43             13.4077             
731000              2950                3318.93             611.311             3727.15             0                   
640000              3350                4112.9              515.798             2666.02             12.9682             
731000              3050                4219.03             884.588             1963.14             86.8754             
284000              3150                3310.11             526.714             2881.34             292.647             
284000              3550                1980.45             527.436             2250.54             0                   
284000              3300                1952.53             526.714             2841.88             199.033             
