564000              3150                4625.18             659.854             686.217             366.183             
564000              3150                3733.42             604.542             1521.78             2.78334             
834000              3250                4423.06             498.014             1824.99             0                   
650000              3050                4099.78             463.044             2010.4              3.19262             
541000              3700                3417.09             509.761             811.691             238.87              
564000              3150                3029.72             442.851             2225.26             2.78334             
749000              3100                3780.07             488.044             1458.34             344.255             
735000              3450                2847.68             651.204             3212.89             0                   
843000              3300                2696.86             661.259             2740.04             465.956             
735000              3300                2861.73             442.851             2879.49             2.78334             
650000              3450                2809.27             651.204             2929.38             66.4286             
564000              3250                4364.39             648.437             1574.76             0                   
658000              3100                4298.94             535.843             1519.69             130.296             
650000              3300                3877.9              492.317             1974.1              3.19262             
749000              3500                2772.37             651.204             2567.52             177.724             
640000              3600                3726.39             770.484             977.187             150.99              
735000              3200                2867.28             651.204             3594.22             0                   
663000              3050                3440.99             495.259             2779.59             3.19262             
749000              3250                2745.61             404.437             2952.34             450.639             
564000              3250                2939.83             648.437             3448.92             0                   
564000              3500                2831.57             442.851             2698.34             2.78334             
564000              3050                3592.72             442.851             2797.23             477.026             
834000              3050                3272.09             400.378             2938.74             486.233             
749000              3350                2915.66             577.091             2388.91             323.98              
738000              3050                3652.68             759.431             2319.02             320.27              
541000              3600                3613.04             566.077             1069.74             334.739             
834000              3000                4340.33             829.995             2913.34             13.457              
564000              3250                3095.54             456.231             3092.73             0                   
541000              3700                3756.15             562.828             473.252             0.231298            
541000              3700                3033.8              551.874             1334.58             170.459             
541000              3700                3285.8              505.209             953.068             463.003             
834000              3050                2992.92             423.186             3229.23             209.656             
541000              3700                3242.49             673.403             984.933             11.0246             
541000              3700                3004.48             560.629             1209.27             494.923             
541000              3700                3514.84             509.761             713.941             408.892             
640000              3600                3897.65             784.538             852.646             250.129             
564000              3050                4092.5              504.111             2015.68             285.067             
834000              3050                4008.95             595.385             2267.43             0                   
749000              3150                2740.58             661.259             2544.94             465.956             
640000              3600                3631.73             700.187             1061.31             89.2994             
735000              3050                3116.12             473.284             3038.47             310.847             
541000              3700                3819.87             612.094             397.153             444.322             
652000              3050                3009.73             759.431             2868.93             412.472             
541000              3700                3022.48             617.029             1318.02             346.737             
564000              3150                4360.09             560.409             859.646             295.83              
749000              3100                3861.19             581.921             1343.44             115.979             
749000              3450                2706.4              407.953             2705.47             338.821             
541000              3700                3640.83             625.698             598.037             181.272             
749000              3350                2898.24             845.232             2341.33             231.143             
749000              3100                2770.37             404.437             2609.97             465.956             
564000              3150                3871.03             659.854             1384.17             220.786             
650000              3050                3730.35             442.851             2376.2              51.4202             
834000              3050                4475.34             450.934             1845.09             255.254             
541000              3700                4372.54             718.539             8.24941             0.231298            
731000              3550                3690.48             788.949             1229.04             62.2822             
749000              3100                4397.07             597.817             942.841             0                   
749000              3150                3391.44             410.426             1799.51             409.07              
735000              3100                3451.31             700.81              2346.89             0                   
749000              3100                4357.69             573.46              987.046             220.269             
564000              3300                2833.49             442.851             2745.78             202.503             
738000              3150                2854.74             892.284             2738.08             552.963             
640000              3600                3537.59             566.077             1148.72             404.49              
834000              3250                2810.58             626.209             3450.67             0                   
541000              3600                3838.56             746.631             601.636             303.074             
749000              3150                3184.22             409.142             2066.84             501.672             
564000              3050                4512.86             648.437             1587.83             0                   
564000              3050                3636.36             447.271             2665.28             346.405             
834000              3000                4150.6              836.53              3196.59             0                   
843000              3600                2688.59             404.437             2938.19             465.956             
735000              3000                3631.82             892.141             3341.56             538.976             
541000              3700                3522.85             635.604             708.149             0.231298            
564000              3050                3324.98             535.843             2880.36             3.19262             
834000              3000                3879.67             845.055             3448.09             13.457              
731000              3550                4154.5              800.987             777.057             156.403             
541000              3700                3129.79             619.266             1219.39             88.8691             
749000              3150                3529.6              544.307             1661.35             428.023             
731000              3550                3898.68             788.949             972.857             40.8267             
640000              3600                4178.32             605.895             504.687             150.99              
541000              3700                4457.72             728.943             0                   131.964             
564000              3050                3567.78             448.304             2623.96             195.191             
731000              3550                3645.99             766.202             1238.08             225.162             
749000              3100                3048.16             496.933             2241.74             374.435             
749000              3100                3916.71             545.386             1290.7              495.472             
834000              3000                4415.49             743.768             2493.01             0                   
735000              3250                2796.49             595.385             3641.05             16.831              
541000              3700                4254.62             751.001             4.8168              69.5019             
564000              3100                2894.32             684.024             3013.21             0                   
658000              3350                2963.15             451.704             2399.49             0                   
658000              3150                2939.33             442.851             2336.24             80.4027             
834000              3050                3976.45             443.419             2309.88             77.3673             
564000              3050                3950.45             535.843             2453.59             421.051             
564000              3050                3731.55             661.598             2585.6              453.998             
834000              3250                3037.52             400.378             3101.86             512.566             
640000              3600                3742.81             746.631             607.027             322.12              
650000              3250                2800.99             538.934             3239.86             100.544             
738000              3050                2962.15             759.431             3005.05             443.294             
564000              3150                4063.17             659.854             1156.57             391.131             
564000              3350                2871.57             648.437             2520.28             38.8733             
649000              3050                2923.19             648.437             3278.4              38.8733             
749000              3100                3705.67             585.649             1650.43             312.334             
640000              3550                4169.92             782.977             935.554             46.7312             
541000              3700                4042.93             619.491             187.314             113.414             
640000              3600                3517.45             679.32              1153.88             467.642             
564000              3100                2836.64             442.851             3106.05             260.166             
928000              3050                2936.87             400.378             3345.35             476.034             
749000              3100                3590.27             475.176             1801.9              187.383             
640000              3650                4029.55             912.784             665.193             125.809             
564000              3450                3190.78             442.851             3012.16             0                   
564000              3050                4042.04             648.437             2034.35             52.6129             
564000              3450                3634.32             467.036             2657.9              0                   
834000              3000                4077.76             780.835             2835.64             373.365             
738000              3100                2917.09             829.107             2324.82             448.516             
640000              3600                4337.01             784.538             402.415             18.367              
738000              3050                3338.03             759.431             2636.05             332.704             
749000              3100                3926.55             529.525             1278.07             0                   
541000              3700                3292.59             562.828             916.613             0.231298            
738000              3050                3006.86             759.431             2851.92             275.902             
541000              3700                2935.9              505.209             1369.31             397.432             
564000              3050                4459.18             504.111             1618.87             206.576             
564000              3300                3837.69             470.434             2039.8              3.19262             
735000              3250                2812.36             464.634             3254.09             57.8432             
834000              3250                4132.39             444.178             2156.52             0                   
834000              3050                4465.23             462.352             1821.1              112.452             
834000              3250                4249.33             443.419             1986.78             44.143              
749000              3150                2937.83             577.091             2322.96             261.298             
735000              3050                3459.87             535.843             2664.03             109.898             
749000              3100                2799.47             423.391             2500.44             201.482             
564000              3150                4440.77             552.363             880.543             157.349             
749000              3500                2702.95             404.437             2690.78             465.956             
564000              3250                4249.43             504.111             1596.43             134.945             
749000              3150                2753.69             407.953             2475.19             338.821             
834000              3050                4286.48             442.851             2129.29             178.126             
564000              3150                3151.6              504.099             2124.79             184.067             
541000              3700                3193.4              604.503             980.414             473.478             
749000              3100                4114.03             576.166             1096.75             427.597             
541000              3700                4462.36             718.539             0                   363.098             
749000              3350                2984.58             404.437             2275.75             317.717             
834000              3000                4024.05             826.215             3263.78             181.837             
834000              3000                3905.05             805.579             3357.04             49.5469             
564000              3300                4346.02             543.526             1458.12             199.013             
640000              3600                4303.47             784.538             506.801             122.328             
640000              3600                4488.18             700.882             357.635             271.699             
735000              3050                2868.59             442.851             3245.25             0                   
564000              3100                3327.84             707.61              2408.98             51.3517             
749000              3550                2781.89             626.209             3698.41             0                   
650000              3300                2946.77             651.204             2815.92             0                   
731000              3550                3437.78             766.202             1405.34             328.379             
564000              3100                2882.57             586.273             3060.12             260.166             
564000              3150                2919.75             442.851             2456.24             137.53              
564000              3150                4466.14             610.598             862.617             46.7978             
735000              3050                3163.1              651.204             2887.65             0                   
834000              3250                2955.07             400.378             3230.25             248.141             
564000              3100                3376.51             457.595             2525.33             451.152             
541000              3600                3977.43             605.895             646.602             308.198             
564000              3050                3505.4              648.437             2630.14             0                   
564000              3100                3680.57             442.851             2112.15             3.19262             
735000              3450                3253.63             442.851             2790.85             0                   
564000              3050                2950.23             442.851             3243.33             0                   
749000              3350                2858.25             423.391             2416.87             171.482             
564000              3050                2925.6              510.184             3382.72             104.153             
834000              3050                3138.36             412.038             3158.13             332.326             
564000              3150                3545.86             524.013             1709.34             141.477             
738000              3100                3346.76             801.253             2177.5              460.081             
735000              3050                3745.36             535.843             2455.24             0                   
541000              3700                3924.48             709.138             284.732             0.231298            
834000              3000                3079.21             845.232             3541.64             452.235             
640000              3600                3985.87             561.069             784.122             198.707             
541000              3700                4114.34             709.138             93.5111             211.674             
749000              3350                3013.97             447.482             2261.49             441.959             
749000              3500                2743.13             442.041             2593.98             246.262             
564000              3300                4269.85             502.88              1539.29             0                   
658000              3150                4247.3              548.843             982.045             239.765             
658000              3450                2827.75             442.851             2848.74             63.8002             
834000              3000                3812.64             829.045             3149.15             147.55              
834000              3000                3122.59             651.204             3531.03             2.78334             
564000              3100                4466.37             648.437             1365.38             202.934             
640000              3600                3477.16             598.277             1199.39             234.595             
663000              3600                2792.04             626.209             3653.08             36.0899             
640000              3600                4067.11             603.377             701.077             427.672             
541000              3700                3473.08             693.567             729.087             348.455             
738000              3050                3360.43             686.542             2540.98             450.672             
834000              3050                2951.67             408.106             3270.47             414.319             
650000              3450                2875.55             495.239             3356.19             0                   
749000              3100                3565.73             452.642             1679.42             495.7               
541000              3700                3117.15             663.674             1060.72             264.6               
749000              3150                4076.5              579.947             1068.08             0                   
834000              3050                4409.84             444.178             1876.49             0                   
735000              3050                2850.86             442.851             3273.6              170.667             
640000              3600                3888.61             560.629             898.58              493.136             
541000              3700                3211.73             518.762             1057.17             102.76              
834000              3200                2943.91             400.378             3372.64             476.034             
749000              3300                2704.26             651.204             2679.41             401.503             
834000              3250                3199.93             400.378             3066.39             320.37              
541000              3700                2894.7              505.209             1474.15             495.866             
541000              3700                4155.22             633.94              108.756             0.231298            
564000              3150                4322.11             659.854             897.625             416.87              
564000              3250                2927.11             566.005             3375.42             66.2096             
564000              3150                4550.76             659.854             760.641             255.632             
749000              3450                2750.28             651.204             2659.03             338.821             
564000              3050                4464                502.88              1636.7              0                   
