300000              6000                861.239             1329.08             107.629             0                   
185000              4000                1237.86             1238.97             336.811             0                   
185000              5800                772.689             259.951             1299.36             13.4374             
185000              6700                1095.82             1520.73             59.9362             0.246565            
300000              3000                795.416             248.001             1500.65             0                   
210000              6100                1211.93             328.218             76.5094             26                  
185000              5200                725.299             214.644             1719.78             0                   
185000              5200                936.765             310.802             444.621             31.8593             
185000              6400                793.954             222.308             916.043             0                   
185000              3400                1242.7              1238.97             148.18              35.1974             
300000              6700                870.844             267.431             103.894             3.84103             
185000              5200                798.937             216.49              1646.88             35.8511             
210000              4000                1016.24             1391.58             208.715             6.47408             
210000              6100                919.697             272.246             575.521             0                   
300000              4400                922.181             267.214             127.134             26                  
300000              6100                810.922             240.386             770.754             0                   
300000              5200                801.789             209.96              2130.55             26                  
300000              3400                801.78              242.634             2030.41             26                  
300000              5800                770.564             211.236             2012.9              31.5656             
210000              6700                1026.28             1587.78             85.0781             2.51198             
300000              3000                958.335             325.73              172.92              9.52113             
300000              5200                778.692             212.339             1765.26             35.5296             
210000              4400                1017.41             898.399             142.941             0                   
185000              6400                1088.25             1689.98             28.6092             17.9593             
210000              3400                995.068             294.437             311.718             24.4217             
300000              6000                916.853             250.269             176.892             13.1387             
300000              3000                908.314             309.517             670.539             0                   
210000              3000                1257.18             368.764             242.969             0.288356            
185000              3400                1036.77             1385.12             800.467             0                   
185000              5200                856.447             236.364             914.638             17.8242             
210000              7400                1038.15             1677.99             39.79               0                   
210000              4400                1004.93             807.837             207.848             19.4806             
185000              3800                1300.8              1294.87             145.987             0                   
300000              3000                793.247             245.832             1512.62             26                  
300000              3000                1062.57             354.02              90.2792             34.464              
300000              3000                918.307             261.835             635.38              9.58808             
210000              6700                1110.15             370.394             0                   27.895              
185000              3400                1144.09             345.223             547.219             20.5469             
185000              6200                778.268             259.951             1207.4              24.3246             
185000              6000                933.191             1520.73             222.566             5.5969              
185000              5800                1020.14             269.766             520.788             1.45025             
210000              3000                1070.26             301.898             621.338             34.266              
300000              3400                807.189             245.832             386.598             26                  
185000              6000                821.556             264.722             432.037             26                  
300000              5200                781.961             212.339             1761.99             0                   
185000              5200                1232.12             1696.69             1.71766             0                   
300000              3000                1157.1              415.878             0.156717            21.0576             
210000              3400                875.783             267.123             1497.97             0                   
185000              4000                1268.31             401.487             123.272             30.5022             
210000              3000                983.504             306.041             685.202             5.48157             
300000              4000                826.048             274.489             146.842             28.2453             
300000              5400                892.077             239.502             552.632             0                   
210000              3000                971.762             271.228             2347.19             0                   
210000              4400                1177.36             470.386             0                   0                   
210000              3000                1352.48             410.756             9.5979              33.6825             
185000              5800                916.106             278.855             330.226             34.2354             
185000              6400                966.858             338.221             153.067             21.8387             
210000              6700                1088.1              370.394             17.4241             11.5088             
185000              3800                1071.33             1238.97             503.335             0                   
185000              6400                1101.4              1689.98             16.8324             31.1131             
185000              5200                821.294             223.234             1028.87             0                   
300000              5800                776.11              209.843             1097.17             35.5296             
210000              3400                1122.04             339.069             14.0314             0.752605            
185000              6400                795.616             222.308             729.603             15.9932             
210000              3000                941.549             272.411             1307.07             0                   
300000              3000                1205.6              358.672             141.702             0                   
300000              3000                1033.49             271.02              608.62              21.501              
185000              3800                982.214             1284.82             920.092             0                   
185000              3400                1421.97             528.963             0                   11.2666             
210000              7400                1023.33             399.41              85.0781             0                   
405000              7700                826.334             713.48              0                   0                   
185000              5200                1346.73             420.501             0.829729            8.05971             
185000              5200                829.743             223.923             936.913             24.3246             
300000              3400                802.907             244.804             2018.61             0                   
300000              7700                820.096             256.213             271.93              0                   
185000              5200                1149.57             364.893             56.4383             20.7605             
185000              3800                1383.72             393.851             70.6182             18.5622             
300000              6100                809.541             240.524             784.609             13.1387             
185000              3400                990.484             331.319             1020.65             0                   
210000              6700                1114.72             370.394             0                   0                   
300000              4000                847.865             243.34              1197.37             0                   
185000              5800                886.491             269.766             638.957             17.8242             
185000              6400                1171                488.588             11.2438             15.9892             
210000              4400                964.96              323.921             304.923             7.2708              
300000              5400                748.745             220.026             1211.31             0                   
300000              7100                816.549             264.435             66.8956             0                   
185000              5200                1250.96             515.17              1.71766             0                   
300000              5400                845.747             220.026             1044.19             35.5296             
210000              4000                1111.4              368.5               1.05913             28.7195             
300000              3000                965.089             314.544             211.923             24.8705             
185000              6400                746.774             243.852             292.745             0                   
210000              3800                1386.18             622.304             0                   0                   
185000              5600                740.33              226.724             1614.49             24.3246             
185000              6400                1159.74             471.99              6.03269             31.1131             
300000              4000                856.513             1215.87             116.377             38.6354             
405000              4400                788.262             915.545             261.278             0                   
185000              3400                1471.16             438.908             44.7794             0                   
210000              3000                1367.37             424.334             2.28922             0                   
185000              6500                1348.39             388.678             106.903             0                   
210000              4400                944.358             313.753             407.714             0                   
405000              5000                844.426             915.545             131.72              0                   
185000              3400                1393.51             1238.97             20.3169             0                   
185000              6400                1102.68             1596.34             18.7114             24.1654             
210000              4000                989.218             325.896             304.894             30.0617             
185000              5200                1183.42             428.638             9.70294             26.7234             
185000              4000                1433.51             464.871             0                   30.5022             
185000              6400                964.689             1689.98             152.168             8.79232             
300000              7700                1409.7              1649.94             -2.84217e-014       0                   
185000              4000                1426.41             475.27              16.8054             0                   
185000              6400                739.158             215.302             1710.72             0                   
300000              6100                845.729             290.354             5.61274             0                   
300000              6100                808.753             240.386             782.716             26                  
285000              5000                1194.79             251.893             3125.91             36.7323             
185000              3400                1213.02             1294.87             461.365             0                   
185000              5200                1083.51             428.638             142.162             1.94713             
432000              7400                2119.57             1091.35             -2.84217e-014       0                   
185000              5800                1102.88             421.595             17.7274             35.3427             
300000              6000                1004.16             290.766             75.6052             0                   
210000              3400                934.401             265.824             841.645             21.8355             
185000              3800                1018.66             314.51              768.431             0                   
185000              3400                1221.24             436.033             517.969             0                   
185000              6400                1124.51             1693.08             11.2438             13.2785             
300000              4000                829.952             1219.78             146.842             0                   
185000              5600                776.845             205.287             2209.19             0                   
185000              3400                1224.73             373.922             298.748             35.1974             
210000              3400                1044.08             345.237             80.4476             14.8258             
210000              3400                872.009             267.142             1501.75             33.0772             
185000              6400                1087.94             482.659             30.697              5.5969              
300000              3800                1039.29             300.629             26.6174             0                   
185000              3400                1171.02             1238.97             403.646             35.1974             
300000              4000                914.189             931.476             0                   0                   
210000              3400                945.109             265.824             737.106             11.2252             
185000              3400                1348.92             1238.97             123.562             11.2666             
300000              4000                863.451             1215.87             109.262             45.7507             
185000              3400                1235.71             451.657             383.474             30.5022             
185000              3400                994.018             1466.91             1017.11             0                   
300000              3400                908.337             316.73              10.3242             17.5054             
185000              5800                758.824             217.858             1413.53             0                   
185000              4000                1310.28             1238.97             81.5636             8.31206             
185000              6400                920.506             1689.91             198.804             0                   
185000              6400                875.479             315.716             267.553             8.79232             
210000              3000                1034                265.823             1085.83             11.2252             
300000              6700                794.392             1219.4              81.3693             26                  
185000              5800                1004.95             402.714             113.133             10.7042             
300000              3400                809.358             248.001             374.635             0                   
300000              6000                846.867             244.294             321.667             18.5497             
300000              3400                1009.14             300.629             0                   28.2453             
285000              5000                1187.9              264.768             2622.61             0                   
300000              6000                770.543             226.229             1084.92             0                   
210000              5700                1311.97             394.511             8.80567             0                   
300000              6700                795.624             266.748             81.3693             26                  
300000              6100                853.751             283.198             11.9625             26                  
185000              3400                1241.3              1294.87             205.71              20.5469             
300000              3400                863.808             1244.24             143.924             31.8593             
300000              4400                800.714             259.496             162.34              0                   
210000              3000                1078.17             317.708             371.459             28.6473             
300000              5400                773.416             218.181             1509.88             26                  
185000              6000                1086.86             1520.73             66.3402             0                   
300000              3000                1139.03             430.676             45.2235             13.4064             
300000              4000                860.416             304.954             116.377             10.3901             
300000              4000                842.203             241.555             1203.04             26                  
300000              3000                911.837             300.629             1272.97             0                   
185000              3400                1072.54             367.381             542.56              30.5022             
300000              3000                838.79              259.484             1310.4              35.2462             
405000              3400                852.695             1332.9              240.823             0                   
210000              6000                1187.13             380.843             0                   16.0533             
185000              5800                1313.7              410.858             0                   23.5887             
185000              5400                871.567             282.338             450.711             0                   
185000              6400                1007.2              396.522             120.4               27.6534             
185000              6400                791.785             222.308             733.434             24.3246             
185000              3400                1467.71             1304.89             0                   7.85751             
210000              3400                955.643             1607.78             408.743             0                   
290000              3800                863.336             1177.36             706.139             26                  
210000              3000                1324.89             402.002             35.1436             27.3339             
185000              6400                734.689             1596.34             477.276             0                   
185000              5200                805.314             220.986             1009.38             35.8511             
300000              5400                870.324             224.449             1003.07             13.1387             
300000              5200                784.908             212.339             1759.05             23.9809             
300000              3000                877.694             240.899             2039                0                   
185000              3400                1141.91             343.047             674.23              11.2666             
210000              3000                1340.08             410.756             18.8901             14.2003             
300000              3400                848.946             272.627             246.676             35.2462             
185000              5200                734.941             223.988             1622.43             13.4374             
185000              6400                934.801             1597.11             184.317             31.7735             
185000              6400                1090.67             1409.64             28.6006             12.3508             
185000              3400                1397.74             528.963             20.5015             35.1974             
285000              5000                1246.16             263.116             3062.1              0                   
210000              3000                1162.67             335.799             178.119             8.70183             
185000              3800                1327.76             1238.97             59.1923             22.7634             
185000              5600                775.443             212.623             2209.58             13.4374             
185000              3400                1362.68             423.1               43.2108             21.5597             
185000              3800                1463.2              471.047             32.0503             12.4683             
300000              6400                839.827             1219.4              84.7225             0                   
300000              3000                1366.71             411.221             0                   0                   
210000              7400                1109.05             465.635             0                   0                   
185000              6100                1247.87             391.399             39.4312             30.5022             
210000              7400                1021.05             1587.78             87.5581             2.51198             
300000              3000                994.583             337.295             136.672             2.71377             
185000              6400                886.69              1596.34             231.748             5.5969              
185000              3400                1055.03             349.874             559.366             0                   
