172000              4400                1121.73             501.236             356.673             0.508743            
172000              2250                1448.96             464.553             595.876             147.523             
172000              2500                2025.76             470.784             282.475             265.666             
172000              3000                1289.87             319.915             1239.53             0.116763            
172000              3500                1347.73             377.535             408.849             195.596             
369000              3250                945.726             328.623             1313.68             79.803              
172000              2250                1187.77             265.98              826.152             34.9211             
172000              2500                1594.27             350.441             589.848             0                   
365000              4200                1835.7              514.402             -8.52651e-14        2.51712             
172000              3100                1239.63             415.778             189.658             165.716             
172000              4000                1467.92             423.903             301.801             34.9211             
172000              3600                1351.56             452.211             3.85513             300.496             
268000              2850                1147.09             482.426             11.6974             114.487             
172000              4400                1114.41             491.209             201.952             78.2065             
172000              3600                1267.03             462.159             0                   164.181             
172000              2250                1129.03             492.286             1386.66             0                   
268000              4400                1283.33             442.747             46.0455             0                   
269000              2750                1060.15             321.217             1160.47             9.39988             
172000              3000                1106.85             299.626             1078.42             114.446             
369000              3000                954.471             563.659             1147.94             67.2445             
269000              2800                1548.43             577.511             0.00943078          8.94627             
369000              3000                1134.63             259.475             1040.61             164.45              
172000              2250                1965.77             638.602             1.26878             121.7               
172000              4400                1200.12             452.343             64.9252             8.9077              
172000              3250                1687.41             496.117             127.196             109.62              
369000              4000                1182.34             321.886             552.715             65.4189             
172000              2750                1066.72             227.021             1363.95             0                   
269000              3800                1319.19             347.808             659.773             52.1735             
172000              3600                1198                464.639             15.6716             0                   
272000              3450                1008.61             656.597             1965.49             31.4172             
371000              2550                1838.83             614.767             77.5884             47.2072             
369000              3000                1020.69             503.807             1128.93             205.669             
371000              2550                1764.64             537.304             114.681             15.6908             
368000              3950                1056.55             556.77              1089.58             31.8053             
172000              2500                1078.35             227.021             1352.31             0                   
369000              3050                1291.9              380.321             631.137             307.879             
172000              2250                2142.03             638.602             1.09892             296.301             
368000              3750                1112.12             578.077             921.303             62.0246             
172000              2250                1746.22             549.107             231.84              120.644             
268000              3100                1309.64             445.744             3.40653             160.107             
368000              3250                1081.81             591.029             1096.75             198.278             
172000              3000                1366.43             501.855             1050.16             0                   
465000              4150                938.803             416.657             1838.99             32.4013             
369000              3500                1511.08             317.084             627.586             0                   
172000              3000                2116.53             466.072             275.925             0                   
371000              2550                1982.82             610.654             0                   327.758             
172000              2250                1138.78             242.121             1382.72             61.2396             
172000              2250                1876.27             587.964             90.7631             83.7171             
269000              3050                1108.46             436.493             796.002             255.889             
172000              2250                1245.07             262.285             744.655             139.173             
172000              2500                1245.36             250.001             1166.37             43.035              
172000              2250                1728.56             614.481             435.133             0                   
284000              3050                1282.97             457.615             527.401             79.5132             
280000              3600                1592.28             840.155             -3.01981e-14        3.55966             
172000              2750                1071.67             506.749             1347.36             0                   
172000              2500                2228.08             521.126             236.299             0                   
172000              3250                2222.95             629.973             -8.2423e-13         0                   
365000              3300                1151.01             459.489             172.981             8.237               
172000              2250                2144.72             529.181             179.14              164.546             
371000              2550                1490                413.071             458.418             135.763             
172000              3000                1015.9              440.908             1382.11             31.4172             
365000              3550                1138.11             510.939             298.668             90.9142             
369000              2500                1156.72             428.52              1259.87             0                   
268000              4150                1187.75             513.588             0                   50.9285             
172000              4150                1223.41             547.501             2.65375             12.2514             
172000              2500                1607.72             594.165             364.443             140.934             
371000              2550                1684.32             528.674             192.692             167.142             
369000              3000                1176.23             270.027             884.636             0                   
369000              2500                1085.14             229.595             1270.14             95.0962             
465000              3700                933.265             470.841             1496.01             92.3696             
268000              3300                1837.51             641.098             -3.01981e-14        0                   
369000              2500                1075.01             488.435             1319.5              159.214             
172000              3250                1090.23             411.422             1236.3              60.1354             
172000              2850                1131.74             478.311             43.0665             111.694             
268000              4150                1102.46             485.819             46.2932             104.755             
369000              3500                985.402             498.638             1094.53             126.907             
369000              3500                1005.87             286.977             999.901             186.077             
465000              2950                1001.54             372.694             1393.82             0                   
172000              2750                1101.87             669.776             1280.81             50.6238             
272000              3550                1308.49             483.709             229.123             73.3236             
465000              3700                1052.56             468.672             1244.99             0                   
369000              2750                1074.76             446.105             1131.8              38.4134             
369000              3750                1067.18             402.563             811.369             61.8197             
269000              2550                1604.8              482.994             270.036             0                   
365000              2800                1887.77             645.298             -3.01981e-14        0                   
172000              4150                1147.29             497.933             0                   107.612             
369000              2750                1007.01             232.063             1234.02             137.823             
369000              3000                1134.97             544.597             988.376             0                   
369000              3000                997.804             239.806             1323.22             0                   
172000              2250                1395.12             287.171             674.083             0                   
172000              2250                1644.95             473.014             333.016             47.0415             
172000              2250                1289.35             392.926             1226.34             0                   
172000              3250                1829.2              448.359             257.55              0                   
269000              2800                1549.14             406.644             375.158             107.823             
365000              3550                1563.02             566.271             -5.86198e-14        1.31496             
172000              3600                1124.21             404.803             453.277             129.603             
371000              2550                1829.22             559.271             51.7289             201.227             
268000              3600                1134.46             406.022             445.467             129.279             
369000              3750                1071.26             309.584             874.996             159.387             
369000              3250                951.553             408.549             1313.88             0                   
269000              3550                1103.15             391.202             775.836             113.934             
172000              2500                1339.48             337.054             770.928             114.449             
172000              3000                2262.25             466.072             235.164             164.546             
369000              2750                1095.39             229.936             1094.23             24.6931             
269000              3500                1243.53             412.33              679.66              0                   
369000              3500                998.241             549.972             1072.38             0                   
172000              3000                2376.42             618.804             -8.2423e-13         23.8223             
268000              4400                1136.51             386.768             244.717             36.3612             
272000              3000                1195.89             286.787             1024.12             0                   
268000              4150                1177.23             458.006             24.1096             214.279             
172000              3250                1103.57             669.776             1226.38             0                   
172000              3000                1028.19             669.776             1351.42             64.612              
368000              3300                1279.26             373.331             506.992             72.2498             
465000              2500                989.641             365.343             1378.17             49.2262             
172000              2500                2489.53             618.804             -7.10543e-13        180.222             
369000              3750                1082.38             292.715             909.153             0                   
269000              2750                1956.69             638.602             0.907849            228.503             
172000              2750                1642.23             542.581             305.088             183.575             
172000              3500                1616.18             395.091             480.974             0                   
172000              2500                1976.22             638.602             4.19251             37.9831             
172000              2500                1875.97             473.808             215.196             173.625             
172000              3250                1332.56             669.776             956.681             0                   
369000              3500                1147.23             447.275             735.926             120.26              
172000              3000                1664.98             395.77              450.369             218.329             
268000              3550                1155.06             510.939             117.993             0                   
172000              2750                1274.19             268.239             734.609             3.25046             
465000              3700                946.814             416.657             1599.45             0                   
371000              2550                1869.38             584.121             25.1309             273.466             
269000              3050                1345.67             388.185             312.46              0                   
172000              3550                1538.39             479.512             1.45899             44.5557             
369000              3250                1344.86             385.541             616.092             0                   
172000              2750                1061.87             261.075             1349.32             102.927             
172000              3600                1139.68             389.299             362.692             23.9882             
369000              3250                1091.39             447.275             943.844             225.628             
369000              3250                984.885             299.666             1340.9              272.295             
369000              3500                1025.46             286.977             1143.97             8.19021             
269000              3050                1129.09             351.364             798.748             235.051             
286000              2550                1856.62             552.825             130.996             231.339             
272000              2800                1110.57             444.393             754.997             64.267              
172000              4600                1261.42             507.646             -1.42109e-14        60.1958             
172000              2750                1531.73             376.82              560.284             203.212             
172000              3000                1017.66             261.075             1393.53             47.0655             
172000              3000                1036.41             669.776             1374.78             0                   
172000              2250                2115.49             698.982             0.0137157           212.285             
268000              4400                1153.83             452.193             124.11              36.3612             
369000              3750                1125.02             346.352             756.424             146.409             
172000              3000                1595.83             364.069             492.167             86.7245             
172000              2750                2340.56             531.456             116.982             151.346             
368000              2800                1608.03             575.546             29.4065             96.9437             
172000              2250                2050.51             550.328             210.367             0                   
172000              2850                1240.09             537.979             5.74389             12.2514             
172000              2250                1285.46             462.364             727.449             168.901             
371000              2550                1812.72             597.519             37.4131             134.432             
172000              2250                1324.5              502.942             1201.84             31.5945             
172000              3250                1253.59             349.323             707.546             34.9211             
172000              2750                1591.54             594.165             359.81              279.759             
172000              2500                2114.33             638.602             0.312466            173.595             
269000              2750                1041.79             447.275             1172.91             109.986             
465000              3700                938.28              476.283             1406.98             200.306             
172000              2250                1923.14             704.495             156.214             8.82214             
369000              2500                1002.02             300.689             1393.82             0                   
269000              2550                1244.23             469.526             697.123             182.988             
369000              2500                1030.98             546.462             1369.3              48.7628             
261000              2500                2122.48             634.363             0                   70.9585             
369000              2800                1147.21             367.987             766.662             191.518             
268000              4150                1213.74             497.933             -7.10543e-15        150.469             
172000              2850                1373.72             462.614             57.303              261.759             
268000              3100                1336.44             525.507             0.468792            0                   
172000              2250                1937.69             638.602             59.3167             187.911             
268000              3750                1633.98             481.904             -5.68434e-14        132.639             
369000              3500                1002.95             567.23              905.382             134.524             
172000              3100                1290.73             447.293             70.3274             294.823             
369000              3250                1105.32             256.617             914.969             123.677             
172000              2500                1389.84             494.364             1107.73             0                   
172000              2250                1353.47             381.166             637.972             85.9736             
172000              4400                1095.47             485.819             219.847             159.942             
269000              4000                2056.12             592.805             -2.84217e-14        0                   
261000              2950                1580.13             439.864             441.472             129.55              
172000              3750                2162.1              543.34              -4.68958e-13        0                   
172000              2750                2028.3              652.717             196.799             0                   
172000              2250                1170.09             534.275             945.845             25.0382             
172000              2750                2215.73             552.789             85.9216             105.642             
369000              2750                1162.59             345.114             1015.14             136.034             
371000              2550                1631.9              516.639             244.973             240.299             
172000              2500                1216.89             253.226             810.894             74.0388             
365000              3300                1804.29             551.98              -8.70415e-14        0                   
172000              2750                2171.35             556.901             87.9021             252.841             
172000              3250                1065.98             231.068             1363.95             0                   
369000              2500                1023.8              232.448             1392.54             48.7628             
172000              2750                1400.02             324.244             648.252             145.107             
172000              3750                1114.21             410.78              1113.55             9.43186             
172000              3000                2384.11             611.768             -7.67386e-13        82.036              
369000              3000                1001.35             249.727             1314.31             95.0962             
369000              3500                995.564             583.175             1087.9              230.98              
172000              2250                1204.37             251.499             1300.31             0                   
172000              2500                1807.7              432.038             398.371             0.873939            
264000              3550                1520.4              481.62              83.33               39.9508             
172000              2250                2286.35             631.386             -8.66862e-13        0                   
172000              2250                1174.54             505.23              1371.03             125.602             
172000              3000                1100.58             343.996             1310.61             0                   
