177000              2750                1550.11             612.495             1679.26             0.182521            
177000              2250                2988.56             762.958             126.132             101.786             
177000              2250                2308.89             600.983             912.122             0                   
177000              2250                1896.09             381.554             1335.66             60.169              
185000              2500                3005.27             725.476             0.276255            89.9819             
185000              2500                1526.23             494.417             1080.19             0                   
177000              2750                3057.18             809.592             15.8863             25.1259             
185000              3700                1701.23             292.876             1457.16             95.3767             
272000              3700                2619.26             626.807             118.147             0.49339             
185000              2750                1294.51             607.083             1811.67             36.4578             
185000              3250                1513.63             569.807             1007.53             18.2345             
177000              2750                1425.81             350.747             1800.39             105.035             
276000              3700                2906.57             743.907             5.34082             0                   
277000              4000                2332.96             580.347             125.571             19.9931             
177000              3200                3283.4              638.292             127.333             19.0408             
185000              2750                2737.9              581.028             335.385             106.193             
177000              3000                2282.88             579.959             171.086             0                   
185000              2750                2058.15             595.644             486.747             180.083             
185000              3200                1304.14             607.083             2118.41             0                   
177000              3400                3477.57             760.558             -2.06057e-13        27.7725             
185000              2750                1308.92             399.97              1797.26             0                   
177000              2750                2085.76             507.59              480.337             0                   
177000              2500                1568.12             538.705             1299.66             29.6345             
276000              3900                2731.79             535.705             342.355             67.3549             
185000              3050                2106.55             656.226             26.9146             96.0584             
177000              2500                3079.53             691.82              53.6326             0                   
185000              2500                1864.57             403.93              747.797             41.3326             
185000              2750                1282.73             258.23              1796.19             67.5883             
185000              2250                2280.18             535.119             840.863             105.722             
185000              3250                1300.65             442.147             1772.9              23.3341             
277000              3000                1770.59             485.041             750.21              164.156             
177000              3450                1823.46             473.83              1050.27             148.138             
276000              3750                2538                692.444             6.53294             15.8989             
172000              3200                2164.94             426.811             1363.77             140.413             
185000              3500                1305.56             415.593             1620.49             91.9439             
177000              2950                1793.16             309.524             1797.99             106.598             
185000              3750                1652.64             529.888             528.775             143.056             
185000              4050                2121.99             602.55              68.6487             66.8398             
185000              2500                2122.95             567.03              466.67              124.696             
185000              3000                2996.79             677.676             0                   106.852             
177000              3000                1886.89             634.224             1013.7              100.899             
276000              3000                2363.36             560.647             179.349             74.2041             
185000              3000                1340.13             289.801             1703.66             22.2195             
177000              3250                1616.06             345.06              1398.49             38.717              
177000              2750                1951.11             553.448             661.603             192.446             
185000              2500                1717.49             350.076             894.881             0                   
185000              3550                2077.95             635.632             52.6706             32.4733             
185000              2800                1682.29             491.366             527.083             79.2019             
177000              3450                2840.31             556.754             193.95              0                   
177000              2250                1948.25             505.968             1345.57             0                   
177000              2700                3405.69             618.657             240.641             0.182521            
177000              3500                1671.76             500.264             779.463             170.894             
177000              3500                2108.62             538.961             451.919             6.48483             
185000              2250                3051.28             676.451             0                   106.852             
185000              2500                1355.58             445.352             1229.64             133.78              
362000              3450                1879.04             456.157             611.801             69.3017             
185000              2500                1278.89             288.906             1812.87             106.406             
185000              3050                1399.71             502.883             808.882             131.643             
185000              2500                1345.18             292.153             1755.76             0                   
185000              3800                1835.3              513.316             293.027             104.367             
367000              4000                2374.43             606.165             15.3382             103.589             
177000              3450                2082.13             483.024             793.503             74.93               
185000              2750                1551.57             329.489             1016.76             46.0333             
177000              2250                2045.36             443.58              1253.49             13.1574             
172000              3650                2272.42             959.17              2454.77             0                   
185000              2950                1552.16             269.955             1812.68             0                   
177000              2250                2868.37             581.046             289.705             35.9874             
185000              3000                1276.58             405.407             1802.35             89.8079             
177000              2500                2131.86             658.214             756.64              69.5617             
185000              2250                2773.39             581.028             232.34              107.458             
185000              3450                1366.95             470.406             1610.54             41.3441             
177000              2250                2828.83             763.082             285.863             47.3786             
272000              3550                1987.88             553.295             143.907             149.386             
177000              2500                2422.44             647.711             426.112             137.952             
177000              2750                1680.06             430.566             1198.18             149.815             
177000              3000                2217.72             535.074             270.821             183.067             
172000              3400                2377.06             921.735             1585.6              30.1028             
172000              3900                2172.48             860.541             2490.41             28.6545             
172000              3650                2166.46             936.772             2539.58             90.6551             
277000              2750                2115.02             559.282             477.462             91.1329             
177000              2500                2524.99             600.983             775.461             21.6568             
177000              2700                1838.26             317.209             1812.57             70.0887             
172000              3650                2178.3              986.125             2066.66             34.1529             
185000              2500                1428.42             492.613             1174.83             148.363             
185000              3700                1662.55             292.876             1495.83             46.8914             
185000              3550                2092.34             574.255             51.4853             103.169             
185000              4200                1565.75             381.412             960.796             30.2669             
185000              3800                1411.15             415.528             728.145             65.378              
185000              3750                1436.29             381.412             1005.96             96.0204             
273000              3000                1672.75             498.357             839.284             128.755             
177000              3000                1846.66             491.533             630.861             137.672             
185000              2250                2994.14             661.946             8.11167             0                   
177000              3500                2497.21             725.661             2.23221             32.7645             
277000              2750                1920.45             553.448             658.161             203.227             
177000              2250                3075.26             635.872             165.776             68.9024             
185000              3500                1358.91             399.97              1601.71             0                   
177000              2750                1554.98             479.29              1657.29             86.8856             
172000              2950                2237.05             916.301             1316.45             57.8808             
284000              3250                2610.61             670.567             3.40151             66.6486             
177000              3450                2845.28             702.886             122.924             69.2805             
177000              3200                3347.55             740.546             31.7362             58.73               
185000              3300                1583.48             429.737             579.253             99.0076             
185000              4050                2227.51             635.116             16.8135             104.264             
172000              3400                2178.96             916.031             2282.98             45.2938             
177000              4000                2438.99             580.347             101.527             72.1504             
177000              2500                2485.23             504.484             539.151             82.3375             
177000              3000                2017.96             678.419             452.882             104.364             
177000              4000                2464.96             628.187             21.3514             3.74438             
185000              2500                1296.87             266.543             1809.32             46.1034             
177000              3450                3339.11             715.643             24.721              0                   
177000              3950                3047.53             725.661             7.29144             0                   
185000              3000                1310.7              607.083             1768.23             111.189             
172000              3650                2222.01             665.216             1821.83             20.2703             
273000              3450                1956.54             499.957             590.168             69.3017             
282000              2950                1319.41             504.883             1480                89.5835             
185000              4000                1393.6              492.579             767.351             97.185              
177000              2500                3021.79             733.83              197.642             26.9241             
185000              4050                2017.55             586.213             151.664             33.6564             
185000              3750                1516.35             384.581             946.206             12.2374             
177000              2500                1959.6              595.381             1183.74             0                   
172000              3900                2153.76             860.541             2509.13             73.9146             
185000              4000                1388.04             502.883             978.821             48.7997             
370000              3450                2613.98             596.57              118.125             16.4924             
177000              2500                1508.45             358.482             1787.99             15.0486             
177000              2500                2788.97             763.082             335.488             103.654             
185000              3250                1349.46             315.502             1219.15             98.9491             
185000              2250                2299.71             535.119             760.46              35.1315             
277000              3200                2894.63             616.89              84.457              0.38788             
177000              2950                3384.21             760.558             -1.91847e-13        0                   
264000              4450                2510.68             580.347             125.197             12.3111             
277000              2750                1945.07             554.619             611.971             141.864             
177000              2700                1860.41             318.496             1790.42             0                   
185000              3000                1345.81             607.083             1697.99             0                   
185000              2250                2625.74             545.395             414.799             56.0976             
177000              2250                1767.6              379.128             1470.39             0                   
369000              3400                1297.55             428.472             1756.53             55.5823             
172000              3400                2192.9              860.541             2457.53             77.1587             
185000              2750                2703.25             626.565             392.471             0.38788             
185000              3800                1625.38             495.309             512.23              39.944              
274000              3450                2427.84             535.705             348.758             63.2607             
264000              2750                2715.5              604.25              51.2298             77.5935             
185000              3550                1426.79             490.045             688.039             29.6752             
185000              2500                1442.29             301.449             1126.05             73.4935             
185000              2250                3059.82             727.67              0.203217            48.1036             
282000              2950                1287.15             428.472             1645.67             102.603             
185000              3500                1566.84             327.974             1019.32             0                   
364000              3450                2143.2              556.754             343.704             0                   
185000              3450                1287.87             607.083             2107.43             57.4861             
272000              3550                2050.25             574.255             54.4328             101.571             
177000              2500                1744.01             583.58              1123.78             123.921             
282000              3450                1357.61             502.883             1439.8              0                   
177000              2750                2384.65             705.819             191.339             161.148             
177000              2750                2521.42             709.974             36.6995             0                   
177000              2750                2203.35             612.558             367.551             208.73              
185000              2500                1321.16             294.809             1278.39             100.871             
172000              2950                2207.04             955.945             1463.06             76.1857             
185000              3250                1329.75             467.514             1220.38             156.88              
273000              3500                1525.51             465.453             938.415             105.142             
177000              2250                1726.97             442.966             1510.18             53.2469             
185000              3250                2670.41             626.807             9.06836             0.49339             
177000              2750                3144.59             691.236             2.46512             83.3717             
185000              3000                2955.13             711.71              11.899              0                   
185000              3550                1445.6              497.559             656.711             162.512             
272000              3050                1991.13             606.165             84.7471             157.005             
177000              2500                2267.91             657.464             590.741             218.011             
277000              3750                2492.1              590.154             102.595             42.5981             
177000              2500                1451.39             324.949             1774.81             76.3612             
177000              2750                2342.39             721.749             234.858             50.1803             
185000              3550                1689.19             462.145             439.143             103.867             
172000              3650                2092.29             860.541             2566.05             85.1566             
172000              3400                2047.33             981.276             2000.98             131.386             
177000              3750                1597.99             495.984             848.957             142.839             
177000              2250                1787.24             366.297             1503.95             101.975             
177000              3950                1637.2              495.984             1086.05             76.6991             
273000              3000                2207.37             556.754             211.035             0                   
185000              2750                1381.18             318.48              1187.16             0                   
177000              3000                1626.36             481.108             1605.39             0.182521            
172000              2950                2328.55             971.838             1590.4              42.008              
177000              2250                2033.42             453.238             1198.33             102.988             
177000              3750                1634.24             553.514             792.384             173.828             
277000              2750                1942.63             536.898             647.706             55.3562             
177000              3500                2714.54             626.185             0.461563            93.1602             
177000              2500                1675.77             515.109             1192.01             182.28              
273000              3450                2041.27             473.47              574.186             47.3351             
185000              3000                1837.19             387.908             825.908             0                   
185000              2800                1959.19             560.971             189.503             49.647              
177000              2250                3171.31             766.165             61.4708             83.3717             
177000              2950                3348.04             695.094             0                   35.4821             
185000              2500                1635.57             333.059             978.864             106.846             
177000              3750                2529.59             590.154             89.7754             0                   
177000              2500                2567.73             524.101             420.524             0                   
177000              3250                1961.08             605.029             631.76              0                   
264000              3500                2747.07             615.908             4.82136             39.9361             
277000              2750                2193.86             536.007             365.926             0                   
267000              3200                2872.97             702.886             2.65605             65.7549             
185000              3500                1792.92             543.811             792.31              1.79399             
185000              2250                2800.92             608.109             207.118             0                   
177000              3000                2331.56             535.705             226.478             84.722              
177000              3500                2328.48             675.55              137.176             0                   
177000              3500                2351.97             655.967             96.6782             101.892             
