309000              8100                1667.92             818.458             -5.68434e-14        0                   
210000              5800                1371.71             510.016             1902.2              0                   
225000              3000                1364.99             435.367             1256.67             107.904             
210000              4000                1163.58             3235.47             1817.32             208.813             
294000              6000                894.313             1858.94             1412.41             0.377513            
195000              6700                998.843             3045.97             1187.76             310.486             
210000              5200                892.352             276.063             2329.66             0                   
225000              3000                1901.27             598.918             712.724             0                   
340000              3400                1766.77             1495.38             -3.97904e-13        0                   
315000              7700                809.194             263.689             67.4422             90.1279             
225000              6100                1199.99             345.364             762.627             91.5459             
210000              7100                1194.13             529.709             214.003             0                   
210000              6500                1873.49             893.007             -3.97904e-13        109.342             
225000              3400                1194.47             346.442             2444.79             0                   
225000              7100                842.504             752.333             319.083             75.5355             
225000              3400                1509.56             434.498             297.836             0                   
315000              7700                741.08              238.695             151.889             0                   
337000              5400                1197.47             240.74              3505.63             0                   
195000              6700                809.47              1980.51             1605.26             70                  
210000              7100                1001.71             359.858             430.4               91.2993             
315000              3400                915.492             331.811             0                   106.068             
225000              3000                1627.54             539.607             1377.96             102.288             
195000              3800                1238.91             3285.74             2849.21             281.646             
315000              6000                719.619             1684.25             1412.41             0.377513            
225000              3000                1937.69             524.039             760.181             121.576             
210000              5400                1057.14             2411.09             1634.21             184.916             
307000              6000                790.328             1754.96             1412.41             157.95              
210000              5200                955.15              245.732             2203.44             112.047             
322000              6400                1585.29             1098.48             -5.68434e-14        0                   
210000              6500                953.455             332.268             2162.14             13.3912             
210000              6000                1024.2              1970.39             1399.29             70                  
225000              3800                1136.47             1505.44             918.485             0                   
427000              7700                702.249             1580.44             1412.41             0                   
410000              9100                707.63              303.995             247.973             30                  
210000              6700                788.3               247.466             2799.41             0                   
225000              3400                1883.61             1607.87             -5.68434e-13        133.607             
210000              5200                1117.96             329.486             1999.37             30                  
210000              4000                1016.09             2963.14             1540.2              425.414             
210000              7100                1611.6              868.627             -3.41061e-13        0                   
225000              3400                1168.9              3162.21             1259.78             336.401             
225000              3400                1327.87             1505.44             477.932             63.5459             
315000              7700                707.987             236.014             2723.42             30                  
225000              3000                1724.39             505.69              997.215             37.6023             
202000              5800                1642.21             2963.14             1437.9              184.378             
225000              3400                1474.08             1665.11             459.052             1.12165             
195000              4000                1134.39             3307.92             991.491             215.091             
210000              5000                1282.75             3364.09             6043.79             171.628             
315000              5800                987.952             272.851             1276.94             92.0367             
195000              6700                1107                1223.89             491.917             30                  
307000              6000                813.391             1778.02             1412.41             36.8437             
225000              7400                1286.26             393.601             3.48883             21.6962             
307000              7700                777.436             1601.22             1788.55             30                  
195000              6700                956.511             2963.14             1195.87             411.538             
210000              4000                1069.52             3137.33             2027.64             269.764             
294000              6700                779.932             1758.12             1412.41             0                   
307000              7700                794.481             1530.22             1412.41             0                   
210000              7100                1497.17             543.313             24.1042             43.8631             
305000              6500                1450.06             1153.9              81.3967             30                  
315000              6000                792.218             1430.55             1097.77             0.377513            
210000              5800                1336.5              545.154             1513.07             112.379             
225000              3800                1588.48             1516.18             201.108             32.8605             
315000              4000                854.969             298.48              96.7141             37.7847             
325000              8100                1698.21             853.176             -3.97904e-13        20.2331             
195000              8700                953.565             1481.39             1841.85             0                   
210000              6100                1217.46             2168.35             1182.81             177.014             
337000              5400                1193.25             246.063             4382.62             0                   
427000              7700                699.569             1580.44             1415.09             264.825             
225000              3000                1223.38             349.765             2374.13             24                  
210000              5800                1914.37             641.57              1377.68             0                   
210000              7100                808.762             828.204             603.089             30                  
195000              5400                1086.51             2590.38             1834.66             207.799             
315000              6700                714.576             204.807             1412.41             0                   
210000              5800                1823.55             661.876             1084.66             112.875             
210000              5800                1683.16             669.782             24.2178             104.044             
195000              3800                1045.15             3227.33             2798.52             320.036             
195000              4000                1091.69             3227.33             1430.66             356.591             
210000              5800                1055.63             291.433             1969.25             98.4451             
225000              3000                2074.29             588.105             548.007             92.2305             
195000              6700                920.824             1899.01             1412.41             0                   
522000              9700                801.097             263.689             67.4422             90.1279             
192000              7400                3968.84             3148.19             4858.95             189.783             
315000              6700                703.377             1684.25             1415.09             30                  
315000              6700                731.228             280.612             60.541              82.8389             
307000              6700                762.771             1743.64             1415.09             65.9527             
225000              3000                1171.46             349.765             2660.18             98.3342             
225000              3800                1619.75             509.762             164.453             49.3067             
225000              7400                1346.91             1029.02             0.277128            0                   
195000              7700                875.895             1472.38             2348.78             64.1836             
210000              6700                898.609             241.552             1950.55             75.6619             
195000              4000                1039.52             2963.14             2209.48             215.091             
225000              3400                1645.2              1517.1              180.939             123.228             
210000              7100                1458.29             542.586             56.9932             112.306             
225000              5800                1103.13             239.158             4830.38             0                   
225000              6700                1387.7              407.898             0.277128            0                   
410000              10100               749.557             238.013             148.678             0                   
309000              8100                1741.52             826.397             -1.13687e-13        45.2928             
202000              5200                1872.1              2063.5              528.057             100.366             
210000              6000                1845.49             680.16              1333.07             64.1295             
315000              6400                759.206             1015.9              811.796             30.3775             
210000              5200                1818.41             628.113             1419.83             0                   
195000              7000                842.773             1481.54             1708.53             0.377513            
225000              3400                1043.1              359.93              1537.21             24                  
210000              6000                845.579             244.011             2661.51             30                  
315000              8100                722.866             415.555             247.973             30                  
522000              9700                734.271             238.695             148.678             0                   
195000              6700                985.549             2963.14             1169.61             376.439             
210000              5400                912.437             255.231             2442.13             74.4363             
315000              4000                949.695             328.49              0                   0                   
195000              4400                1031.13             3154.6              2811.22             234.783             
195000              6100                1078.03             3099.12             1105.96             309.16              
315000              9100                756.748             235.332             151.358             30                  
210000              5600                1392.88             523.985             1692.5              54                  
210000              6400                1547.12             586.039             24.1042             112.306             
315000              3400                912.416             331.377             0.0465462           42.6983             
210000              6000                973.456             1970.39             1369.95             154.081             
315000              9700                724.733             284.524             248.504             0                   
225000              3800                1793.87             792.322             6.87512             0                   
225000              3000                2228.9              719.284             413.263             0                   
210000              6500                1676.43             621.615             0                   0                   
195000              7700                817.582             2107.66             2149.35             0                   
210000              7100                797.599             259.994             630.972             0                   
225000              3000                1642.7              526.262             1363.16             0                   
195000              3800                1150.8              3180.35             2867.92             234.783             
195000              6500                1020.28             1360.68             773.211             146.534             
210000              3400                1079.44             3227.33             1819.47             234.696             
315000              8700                724.772             290.985             148.832             0                   
522000              10100               740.909             235.332             151.358             30                  
225000              3800                1500.29             536.252             305.082             112.118             
225000              3800                1326.54             517.684             475.31              63.5459             
315000              6700                879.149             340.887             28.9327             0                   
195000              6000                812.755             1977.37             1612.4              100.378             
225000              3000                2234.96             897.746             407.196             63.8424             
202000              5800                2276.18             2963.14             443.48              171.65              
210000              4000                1181.44             3137.33             1528.84             341.913             
225000              3400                1872.39             1600.99             -3.97904e-13        0                   
410000              8700                732.497             334.299             148.678             0                   
202000              5800                1987.79             2096.06             452.437             145.685             
315000              3400                815.865             308.05              63.5892             0                   
324000              7400                1558.2              1221.62             -1.7053e-13         0                   
225000              3000                2233.32             689.002             381.448             112.738             
225000              3400                1271.32             349.933             557.679             110.887             
202000              7500                2299.95             2074.82             386.588             61.4269             
225000              6000                1016.18             1573.23             879.976             3.32778             
225000              3800                1136.93             350.44              912.061             77.6259             
195000              4000                1097.2              2963.14             1667.87             328.023             
315000              6000                818.858             245.255             1097.77             0                   
195000              6700                945.045             2963.14             1276.18             502.234             
210000              6700                799.779             244.011             2787.93             67.8114             
210000              6700                1211.21             388.358             313.752             111.207             
315000              5400                896.141             235.332             1589.67             108.942             
315000              6700                703.036             1683.91             1415.09             262.369             
195000              4000                1050.81             2963.14             1250.49             400.579             
315000              5400                952.59              254.034             2590.24             0                   
217000              6200                1822.5              2095.7              951.973             80.4608             
195000              7700                850.147             1474.16             2431.58             169.215             
195000              8700                911.632             1471.84             2822.1              24.0488             
427000              9100                885.826             274.786             0                   0                   
315000              6000                757.889             198.103             2706.15             0                   
210000              6100                1638.64             552.861             1529.56             0                   
195000              6700                1047.92             1365.42             764.896             70                  
210000              4000                1045.05             2963.14             1678.86             277.68              
315000              6000                719.279             1683.91             1412.41             232.747             
225000              5400                1099.35             239.158             4830.38             35.8102             
195000              6400                1036.46             3099.12             1487.15             321.438             
202000              5400                1831.18             2063.5              610.916             226.537             
309000              7100                1323.25             866.742             123.418             0                   
195000              8000                961.573             1480.77             2789.41             12.3993             
195000              6100                1121.77             3099.12             1088.18             383.369             
202000              5800                2338.8              2203.06             321.131             60                  
202000              6400                2356.19             2963.14             262.316             176.827             
195000              7400                984.704             2963.14             1028.82             262.409             
410000              9700                737.559             236.014             151.358             30                  
294000              6000                992.135             1889.24             1264.77             86.1528             
225000              3400                1214.75             349.933             587.091             32.5535             
210000              7700                1034.58             945.575             575.759             29.0925             
225000              6000                1027.19             314.871             802.792             0                   
195000              6700                938.81              3227.33             1319.7              263.168             
225000              3400                1176.51             3162.21             1237.21             270                 
225000              3800                1199.89             1596.37             692.884             91.5459             
210000              6400                955.758             1307.43             760.859             121.918             
225000              5800                1464.62             345.204             1567.73             0                   
210000              5200                1334.7              416.832             1782.62             107.711             
315000              7100                824.768             235.332             151.358             30                  
315000              5400                870.815             257.92              1450.49             0                   
225000              4000                1092.16             365.754             1334.82             0                   
195000              6700                887.399             1977.37             1444.07             100                 
225000              3400                1189.09             1616.68             724.003             63.5459             
210000              6000                1180.36             2210.78             1345.78             124.252             
195000              4000                1101.03             2963.14             1942.97             182.303             
195000              3800                1028.89             3227.33             2921.63             263.72              
195000              7700                839.425             1481.54             1502.97             25.5963             
225000              3400                1208.49             1521.17             609.085             0                   
225000              3400                1901.76             1532.72             -3.41061e-13        106.831             
315000              6000                725.458             197.378             1415.09             30.3775             
210000              6700                1116.43             1032.77             388.783             0                   
195000              7700                1007.02             1391.11             1431.51             0                   
210000              6700                870.018             251.057             570.49              96.0859             
225000              3000                1184.09             349.933             1460.37             0                   
210000              7100                797.488             1011.59             814.471             0                   
225000              3400                1804.12             641.748             0                   0                   
