143000              3160                2059.99             155.511             1086.44             0                   
143000              3320                1918.39             144.284             1009.98             0                   
103000              2870                2951.51             141.804             892.827             0.653355            
103000              3330                2677.82             139.733             719.553             0.799877            
122000              2680                2033.24             116.601             1338.5              0                   
143000              2730                1808                112.147             1297.89             1                   
192000              2560                3910.93             186.657             307.199             0                   
79000               2920                2091.86             155.401             1172.12             0                   
103000              2660                3412.58             162.388             179.651             0.303798            
99000               2800                1852.61             103.897             1311.46             1.08801             
79000               3320                2452.75             150.168             684.112             0.902181            
122000              3390                1732.15             94.9937             1296.07             0                   
79000               2840                1853.74             122.042             1401.81             0                   
122000              3580                1752.82             125.612             1259.18             0                   
79000               3600                2266.46             159.175             512.346             0.207278            
103000              3410                3436.38             159.515             89.5212             0                   
123000              3150                1709.31             120.881             996.904             0.135944            
103000              3480                2885.05             159.124             314.262             1.18765             
79000               2970                2005.15             97.4044             1271.25             0.0880075           
103000              3530                3146.62             148.026             133.601             0                   
122000              2720                2180.01             101.195             1150.36             0.0832611           
79000               3370                3092.56             168.527             122.195             0.439089            
143000              2680                1817.26             128.296             1291.95             0.75261             
79000               3090                1818.65             103.87              1368.51             1.08801             
103000              2660                3073.93             183.542             977.093             0                   
122000              3440                1722.09             120.18              1347.51             0                   
79000               2800                2155.81             161.185             1216.33             1.08801             
103000              3410                3023.27             150.839             226.795             0.135944            
79000               3310                2186.49             99.9028             980.401             0.0962962           
103000              2770                2975.82             177.372             502.755             0                   
79000               3530                3250.11             169.943             105.056             1.01437             
104000              2790                2643.49             185.38              1007.67             0                   
79000               3810                1528.14             121.11              947.867             0.359983            
122000              2720                2327.78             175.98              1079.64             0.717732            
143000              2760                1858.36             135.283             1273.72             0.570949            
124000              3210                2560.1              140.769             848.658             0.799877            
122000              2680                1875.72             167.623             1289.82             0                   
79000               3630                1826.43             104.571             723.215             0.933009            
79000               2880                2341.98             170.516             1084.36             0                   
147000              2970                2758.21             174.009             629.011             0                   
122000              2750                1849.45             136.22              1499.28             0                   
123000              3360                3624.12             141.847             669.507             1.19002             
100000              2880                1799.08             150.342             1413.08             0                   
124000              3150                3300.41             154.114             262.836             1.10986             
79000               3690                1576.99             103.282             953.952             0.359983            
143000              3220                2164.86             125.275             941.244             0                   
79000               3690                1687.27             156.65              796.022             0.0827625           
124000              3090                3470.25             154.114             239.359             0.388402            
143000              2650                2068.67             131.828             1168.09             0                   
172000              2620                3734.37             189.342             405.826             0.219058            
143000              3170                2064.24             94.9937             1005.19             0                   
103000              2910                2523.01             179.53              794.269             0                   
79000               3600                1962.82             132.953             671.111             0.933009            
79000               3180                1660.55             142.256             1255.7              0.456577            
79000               2850                2329.83             146.717             1076.18             2.85372             
143000              3080                2769.31             160.706             668.716             0                   
172000              2610                3590.25             182.893             597.136             0                   
79000               3270                3340.09             179.054             161.557             0                   
79000               3450                1878.37             115.769             1274.08             0.850247            
99000               3500                1773.09             94.9937             1384.34             0.850247            
79000               3370                2179.58             140.68              1002.41             0.0082887           
143000              3090                2030.46             94.9937             1047.65             0.75261             
79000               3560                3086.38             153.723             208.528             0                   
79000               3150                2735.76             168.135             505.908             0                   
120000              3160                2779.41             162.717             683.745             0.75261             
103000              2730                2889.12             169.154             1018.3              1                   
103000              3280                3117                167.756             115.88              0.857405            
83000               2670                2834.21             150.971             1315.47             0                   
103000              3600                2882.58             167.756             196.321             0                   
103000              3070                3442.09             153.305             158.901             1.11638             
122000              2640                2779.8              154.263             1392.36             0                   
79000               3350                1568.88             154.263             1018.16             0.0827625           
103000              2690                2389.65             147.925             1279.84             0.930359            
172000              2680                3674.76             160.493             519.837             0                   
122000              2860                2425.27             129.966             1043.38             0.416408            
141000              2650                3075.63             176.03              381.596             0                   
103000              2620                2463.59             169.464             1402.46             0                   
143000              3320                1816.37             99.0669             1075.95             0.585694            
122000              2780                2285.38             181.816             1040.93             0.124515            
79000               3440                1949.24             105.557             701.723             0.207278            
123000              3360                3670                146.121             608.667             0                   
143000              3060                2225.22             153.751             963.367             0.75261             
79000               3770                1656.29             127.806             816.793             0.835372            
79000               3770                1706.77             131.212             788.253             0.0827625           
143000              2650                1812.35             108.309             1294.17             0                   
79000               3330                2767.83             153.264             659.935             0                   
99000               2980                1795.98             112                 1438.05             0                   
189000              2560                3861.28             209.288             342.688             0.646323            
79000               3050                1947.03             148.522             693.047             1.05752             
103000              3150                3536.45             174.196             134.461             0                   
123000              3250                3600.96             142.296             631.328             0                   
128000              2670                3744.41             189.071             171.018             0.901092            
127000              2690                3453.94             201.269             163.816             2.63472             
79000               2900                2599.57             143.101             992.622             0.870062            
79000               3230                3156.66             156.58              197.405             0                   
79000               3220                2081.44             169.602             631.152             1.05752             
103000              2670                3745.01             189.071             171.018             0.901092            
103000              2990                3529.54             157.209             360.044             0                   
99000               3440                1774.79             94.9937             1381.97             0                   
79000               2900                3122.3              179.335             308.162             0                   
79000               3630                1534.21             109.472             1107.3              0.0827625           
123000              3140                1925.56             161.18              956.702             0                   
122000              3280                2241.99             110.29              976.721             0                   
172000              2640                4063.55             160.493             362.718             1.70318             
146000              2690                3492.44             201.269             159.496             2.63472             
124000              2690                3084.65             176.03              298.254             0.690705            
103000              3310                2685.14             129.966             916.504             0                   
99000               3150                1795.48             99.502              1377.56             1.08801             
100000              2790                1900.33             141.511             1355.29             1.08801             
79000               3800                2098.2              159.175             539.649             0.959888            
103000              2670                3838.09             182.282             174.538             0                   
122000              3050                1826.76             154.263             1184.59             0.888553            
147000              3250                2962.86             160.706             560.822             0                   
172000              2650                3833.4              163.703             352.165             0.647959            
79000               3050                1862.87             117.152             732.153             1.05752             
120000              2810                3824.08             189.071             157.492             0.901092            
147000              2580                3537.63             186.657             590.687             0                   
128000              2870                2667.2              175.507             788.423             0                   
102000              2690                1968.96             119.325             1303.4              0                   
102000              3510                2311.95             159.175             506.329             0.959888            
79000               3620                2640.71             176.117             626.182             0                   
102000              3780                2047.68             158.815             689.993             0.207278            
103000              3550                3409.88             160.691             87.7836             1.0085              
103000              2770                2893.35             148.232             597.072             1.2054              
103000              2660                2914.34             142.812             1107.67             1.01492             
122000              3340                1923.23             98.921              1055.35             1.01307             
79000               3600                1530.38             154.263             1129.34             0.359983            
103000              2650                2360.89             180.18              1454.52             0.124515            
103000              2690                3180.99             176.03              221.142             0                   
79000               3660                1686.7              156.65              790.172             0.835372            
79000               3620                3158.46             164.754             118.266             0.842204            
79000               3640                1832.15             96.4017             1289.07             0                   
79000               3650                1636.87             127.287             1293.88             0                   
172000              2590                3889.73             160.493             369.107             0                   
79000               3490                2013.7              163.091             660.686             1.05752             
79000               2750                2541.59             149.111             1182.8              0.740963            
79000               2960                2944.21             168.135             414.133             1                   
123000              3100                1707.01             147.402             1361.89             0                   
103000              2620                2998.21             130.876             1132.63             0                   
79000               3490                1959.67             105.557             687.548             1.05752             
79000               3230                2872.69             168.135             418.047             0.653355            
79000               2790                2643.7              152.525             976.571             0.179357            
122000              3050                2423.08             103.964             1105.02             0                   
100000              3630                1524.8              150.342             1113.28             0.359983            
79000               2870                3184.37             179.335             291.146             1.0238              
143000              3170                2269.55             168.384             902.724             0                   
103000              2630                2408.37             147.925             1299.43             0.124515            
103000              3830                3003.36             152.577             220.765             0                   
103000              3230                2683.46             185.715             652.856             0                   
100000              3620                1699.93             156.65              853.942             0.835372            
172000              2560                3895.79             186.657             325.484             0                   
122000              3030                1836.43             100.702             1106.94             1.01307             
102000              3540                2114.78             159.175             608.765             0.207278            
124000              2660                3055.76             162.388             309.098             0                   
122000              3580                1833.17             98.921              1118.78             1.01307             
79000               3220                2104.24             99.8937             1045.12             0.797303            
103000              2940                2429.1              160.837             914.49              1                   
79000               3550                2324.8              162.467             434.51              0.959888            
103000              3460                2400.24             162.717             810.25              0                   
79000               3830                2098.77             159.175             545.498             0.207278            
79000               3110                1990.92             121.627             1221.1              0                   
79000               3580                1811.87             97.7588             1361.78             0.585694            
152000              2900                2799.47             210.347             754.459             0.75261             
79000               3700                3159.01             165.108             110.611             0.0832611           
122000              2690                1969.51             101.195             1299.03             1.0238              
103000              2900                3369.2              153.542             443.534             0                   
122000              2750                2179.38             109.215             1155.63             0.733734            
79000               3390                1629.21             142.256             1342.37             0                   
122000              3560                1892.77             99.7067             1128.47             0                   
79000               2790                2322.37             125.79              1161.79             0                   
79000               3710                1848.23             106.485             754.871             0.207278            
128000              3580                3267.75             157.648             133.402             0                   
103000              3440                3415.73             176.801             87.7836             1.0085              
143000              3430                1838.6              105.838             1038.34             0                   
79000               3010                2726.94             171.078             963.421             0                   
147000              2760                3746.54             193.711             157.676             2.98417             
79000               3310                1577.84             115.987             909.23              0.0827625           
122000              3260                2602.11             156.419             654.059             1.23241             
103000              3080                2529.54             128.435             853.932             0.219544            
103000              2720                3415.5              164.968             166.66              1.06432             
103000              2700                2938.52             181.455             639.558             1.2054              
103000              3540                2299.59             177.093             540.989             0.959888            
172000              2620                3849.43             186.657             319.733             0.647959            
147000              2580                3762.03             186.657             476.995             0                   
172000              2590                3764.16             164.053             435.462             0.289311            
79000               2900                2172.18             129.966             1082.31             1.08801             
79000               3320                1849.22             105.557             808.19              1.05752             
143000              2990                1777.87             154.263             1369.22             0                   
192000              2640                4042.3              160.493             362.718             0                   
79000               2800                1929.82             127.193             1273.58             1.08801             
79000               2900                2027.76             99.1919             1150.11             1.08801             
124000              2750                3341.61             162.388             192.044             1.03177             
122000              2690                3461.49             161.083             162.34              0                   
103000              2620                2784.15             125.019             1265.31             0                   
79000               3860                1646.08             105.557             876.37              0.0827625           
168000              2640                1961.24             148.708             1293.3              0                   
143000              3060                1755.57             94.9937             1260.19             0                   
124000              2880                3275.5              176.03              192.068             0                   
83000               2650                3048.51             131.548             1073.05             0                   
83000               2650                2923.37             177.497             1179.05             0                   
