65000               3010                3215.66             186.399             196.618             3.45546             
107000              3330                3347.67             211.96              169.095             4.98788             
167000              3060                3806.98             160.865             217.135             0.27722             
105000              3650                1653.9              122.042             1183.22             3.87095             
125000              2650                3419.42             158.307             734.26              2.02542             
105000              2730                1857.89             118.783             1080.05             3.8896              
150000              3300                3696.04             188.655             125.836             0.523967            
65000               3260                1916.22             162.574             961.307             0                   
150000              2810                3812.13             167.136             144.679             2.28318             
150000              3160                3722.87             161.306             179.963             1.4989              
125000              2690                1865.54             141.099             1121.5              0                   
105000              2710                2871.41             124.358             955.917             0                   
143000              2820                3706.42             155.066             439.759             2.86869             
61000               2710                2053.67             151.22              1094.85             2.8107              
65000               3330                1699.63             104.779             1087.57             4.02734             
84000               2710                3140.8              174.343             534.531             0                   
61000               2620                2744.62             168.473             787.659             3.17889             
143000              2590                3835.3              157.681             363.066             2.86869             
143000              2620                3781.3              157.681             367.256             1.20158             
65000               3730                1678.62             127.023             899.629             0.416408            
65000               3340                2229.94             105.657             724.266             0                   
65000               3490                1885.89             151.903             710.876             0.416408            
84000               3240                2446.22             131.221             295.441             3.99458             
123000              3400                2285.24             139.807             482.143             0                   
192000              3350                3870.14             177.093             123.141             1.58997             
65000               3650                2021.96             114.184             643.014             2.62283             
65000               3600                1839.28             112.21              750.912             3.8224              
104000              3180                1678.65             104.779             1237.59             0                   
90000               3400                2510.29             190.406             219.712             3.76709             
125000              2620                3783.89             165.516             529.719             0.0950231           
147000              3480                2382.54             146.015             428.307             0                   
108000              2830                1779.17             146.466             990.284             0.416408            
65000               3530                2370.47             126.908             552.312             3.6133              
65000               3470                2474.87             146.15              316.335             0                   
123000              2730                3599.31             188.144             313.137             4.70083             
150000              2810                3831.65             167.136             145.663             0.27722             
65000               3580                1736.65             104.779             1051.85             0.135944            
134000              3330                3262.46             210.347             145.323             3.94351             
65000               3450                1716.3              137.245             859.823             1.62296             
130000              2700                3533.17             190.264             334.209             3.41558             
89000               3000                3410.55             210.347             210.026             3.45546             
86000               3380                1683.41             104.779             1188.57             3.67185             
125000              2700                3832.18             175.379             345.013             0.177786            
65000               3280                2415.58             120.887             607.64              1.48752             
105000              2820                1700.56             144.296             1167.95             1.80625             
84000               2780                2201.27             151.421             744.643             0                   
84000               2890                2734.64             168.145             245.397             4.13714             
150000              3530                3562.74             161.306             158.72              0.27722             
65000               3560                1753.88             114.341             939.068             5.17544             
65000               3400                2395.16             152.013             273.743             5.44246             
168000              2590                3729.02             183.229             402.334             2.01907             
61000               2970                2623.96             127.811             652.152             0                   
84000               3340                2728.38             172.483             184.489             0                   
143000              2590                3695.91             175.379             422.306             0.177786            
150000              3010                3790.69             174.514             132.08              3.63471             
61000               2710                2612.76             160.956             591.551             1.75668             
105000              3860                1672.43             105.657             1050.76             3.87095             
84000               2780                2148.94             104.779             772.804             0                   
65000               3540                2939.56             166.779             181.625             0.609347            
105000              2730                3445.45             168.659             365.874             4.70083             
65000               3250                2638.94             176.768             426.489             0                   
143000              2740                2818.99             161.186             486.791             0                   
65000               2810                1941.89             133.291             913.915             2.03559             
65000               3680                1612.49             127.917             1102.24             3.04653             
83000               3450                3406.94             186.15              201.912             0.00766815          
101000              2830                1928.58             104.779             951.204             0                   
65000               3400                3032.45             159.451             170.535             3.94784             
84000               3430                2490.92             130.013             358.76              3.99458             
84000               2940                1736.38             105.136             1013.86             3.67185             
150000              2900                3834.23             165.123             141.752             4.1396              
107000              3560                3139.23             172.985             166.153             3.2847              
84000               3410                2362.71             171.938             562.578             0                   
104000              3540                2433.16             149.215             369.707             1.9353              
174000              2900                3800.24             161.129             175.701             4.1396              
61000               2740                3098.74             177.243             368.103             4.11905             
86000               3670                1608.5              147.402             1194.27             3.04653             
86000               3750                1650.07             127.023             1013.53             3.46184             
65000               3310                1848.78             135.429             1023.94             0                   
65000               3440                1686.53             104.779             1100.67             2.44031             
150000              2640                3997.5              185.38              346.286             0.177786            
86000               3460                1771.56             104.779             911.174             0.416408            
150000              3350                3805.52             159.672             129.034             0.523967            
105000              2810                3546.34             179.255             301.964             4.70083             
105000              3830                1664.37             105.657             1066.78             2.65985             
86000               3310                1986.02             105.078             756.438             2.62283             
84000               2760                3073.84             137.402             665.961             0                   
125000              2620                3649.61             174.259             549.923             2.8344              
125000              2650                3631                158.803             665.002             0.177786            
84000               3370                1935.8              128.296             768.323             0.416408            
126000              3530                3017.61             172.483             139.081             0                   
65000               3090                2635.65             167.086             482.204             3.56426             
84000               2740                2496.65             120.654             734.549             3.07982             
150000              3310                3541.6              161.306             175.272             3.27722             
61000               2660                2929.09             177.243             435.077             2.25969             
84000               3080                1677.66             127.917             1097.3              2.02579             
105000              2710                3112.15             133.463             534.496             0                   
105000              2730                2062.19             161.186             884.757             1.12877             
89000               3540                3023.43             166.779             162.494             5.22988             
61000               2660                3061.93             162.077             394.188             3.77122             
61000               3120                2182.07             110.675             1210.74             1.57519             
84000               3180                1673.68             117.003             1101.92             0                   
105000              2850                2553.85             167.709             494.396             0.88689             
61000               3210                2302.26             173.431             998.185             0                   
61000               3230                2369.28             176.014             986.478             3                   
125000              2950                2958.42             132.572             553.802             2.26093             
84000               2860                2687.01             170.367             256.668             0                   
108000              3530                2609.57             185.38              222.923             3.76709             
84000               3180                2803.69             181.226             183.742             3.65863             
61000               3230                2271.95             109.355             1056.02             3                   
90000               3480                3179.79             180.069             137.2               3.94351             
105000              3190                3078.29             131.991             608.217             0.0293864           
65000               3160                3077.09             184.246             338.368             0.00766815          
61000               3050                2026.41             151.22              992.912             4.62475             
148000              2750                2757.77             161.186             427.918             3.78186             
129000              2750                3665.42             201.269             286.928             6.05031             
65000               3650                1967.43             114.184             687.507             0.416408            
84000               2810                2021.01             104.779             821.803             3.12614             
65000               2810                2020.1              162.574             875.825             2.03559             
150000              3470                3546.29             166.334             137.045             2.34362             
150000              2900                3834.76             186.401             137.329             0.27722             
105000              2730                1822.5              118.783             1102.04             2.13292             
105000              3280                1680.03             112.519             1055.63             3.65141             
174000              2900                3832.89             201.269             128.111             6.26943             
61000               2760                2082.15             115.595             1210.36             0                   
126000              3310                2345.58             150.194             448.495             0                   
65000               3380                2047.01             105.634             638.456             2.62283             
105000              2700                1806.36             128.784             1079.57             0                   
102000              3510                2264.15             132.572             675.198             0                   
105000              2730                2273.69             132.572             689.31              2.36032             
104000              2880                1680.33             104.779             1186.12             0                   
65000               3700                1696.02             137.245             884.581             3.46184             
82000               3120                2217.81             109.355             1095.91             0                   
61000               2740                2156.02             115.595             1075.15             3                   
84000               3330                1758.72             121.811             1069.25             2.7441              
105000              3680                1619.69             105.657             1178.14             3.87095             
65000               3290                3048.45             151.576             246.875             0.702405            
61000               2710                2315.25             119.461             1037.02             0                   
149000              2800                2831.65             171                 471.218             2.19483             
65000               3510                2354.49             143.295             325.247             4.13334             
105000              3530                1678.52             105.657             1099.33             1.2111              
65000               3110                3301.73             180.493             218.609             1.21877             
150000              3200                3793.34             188.655             123.719             2.55316             
61000               2820                2746.28             171.489             558.712             0                   
84000               2920                2812.47             182.527             220.41              2.14314             
61000               2820                2593.24             141.985             905.553             0                   
86000               2710                2849.54             191.454             541.532             0                   
61000               2800                2562.13             120.654             705.9               1.37925             
65000               3000                3118.24             158.511             235.332             2.64354             
84000               3010                2545.08             133.254             415.825             0.925052            
125000              2590                3838.01             183.229             348.14              2.01907             
84000               3660                2585.55             134.805             291.231             2.76305             
84000               3720                2266.31             154.156             559.632             2.35534             
84000               2830                1698.69             137                 1091.05             0                   
61000               2650                2507.22             159.183             858.256             3.6121              
83000               3260                3102.88             158.119             219.99              0.00766815          
65000               3110                2434.56             122.947             618.123             4.25058             
143000              2670                3772.27             155.066             512.85              3.95789             
107000              3000                3419.82             210.347             197.041             3.45546             
65000               3670                2976.99             166.779             167.725             3.2847              
105000              2820                3088.12             145.404             502.68              4.30341             
122000              2720                2071.77             141.099             961.634             1.12877             
102000              3630                2215.91             150.194             441.888             0                   
129000              2720                2705.92             172.985             511.708             0                   
125000              2590                3839.37             172.814             368.962             4.26454             
84000               2710                2239.78             161.186             994.721             3.28318             
127000              3390                3256.8              170.632             117.931             3.94351             
105000              2730                2517.72             161.186             503.848             3.78186             
107000              3550                2679.35             153.051             286.161             0                   
65000               3320                2032.85             160.609             658.714             3.50972             
84000               3580                2643.34             135.111             288.066             0                   
150000              3280                3723.65             188.655             127.25              4.18677             
65000               3300                1706.37             104.779             1186.55             0                   
105000              3710                1624.01             144.296             1201.98             2.65985             
150000              2660                3699.94             185.599             332.487             3.78039             
61000               2670                2078.49             160.205             1194.03             0                   
65000               3680                1830.65             104.779             759.537             1.64795             
61000               3060                1917.37             151.22              1210.76             0                   
65000               2910                1797.74             111.039             1091.88             1                   
84000               2860                2148.75             104.779             771.653             2.18034             
128000              3300                3628.66             159.672             135.017             0.523967            
65000               3170                1991.47             137.402             713.789             3.62283             
65000               3760                1828.75             135.554             740.169             2.45481             
65000               3350                3281.7              186.15              189.291             0.18492             
143000              2640                3524.77             183.229             626.403             0.373747            
82000               2640                2500                134.47              1018.21             0                   
89000               3670                3029.55             201.269             154.079             5.91942             
90000               3130                3468.17             180.493             208.814             0.00766815          
84000               2950                2634.68             145.251             379.155             4.13376             
105000              3150                3133.84             131.991             476.053             1.53712             
126000              3420                2940.41             171.006             143.661             2.33198             
65000               3490                3234.8              186.15              211.707             1.66118             
105000              2860                3013.91             133.409             514.691             3.55656             
61000               2800                2561.58             120.573             716.441             4.00131             
61000               2720                2835.82             162.077             481.223             6.62008             
149000              2610                3992.23             183.229             343.295             2.01907             
61000               3070                1952.65             151.22              1073.86             1.0238              
65000               3480                2430.31             152.013             250.692             2.38997             
82000               2650                2859.37             162.077             523.265             3.77122             
65000               3650                1644.12             144.296             1165.8              2.74261             
61000               2620                2637.57             134.47              853.571             0                   
