102000              2630                2029.82             146.422             1280.36             0.219544            
104000              2750                3424.66             153.858             433.064             3.44191             
160000              2640                3074.18             142.483             694.381             0                   
104000              2940                2943.04             137.384             879.05              3.56008             
160000              3130                2613.06             125.629             652.392             1                   
83000               2640                1974.52             97.3978             1182.41             3.0684              
83000               2810                2366.25             147.232             355.849             1.73497             
102000              3400                1937.53             110.242             1030.39             0                   
83000               2790                3516.66             181.49              291.272             3.44191             
83000               3510                2646.81             141.873             219.058             0                   
102000              3590                1676.02             133.706             1018.14             2.34406             
121000              3700                2672.62             135.496             474.77              0                   
121000              3530                2845.44             125.832             481.429             0                   
102000              3250                1660.74             137                 1390.28             0                   
140000              3610                2622.04             126.52              554.744             0                   
104000              2700                3230.82             179.293             472.352             3.44191             
104000              2890                2636.46             156.275             248.648             0.690705            
83000               2660                2268.7              138.405             922.487             2.21963             
83000               2600                2498.79             166.492             868.376             1.475               
83000               3480                1856.75             95.078              946.381             3.36657             
83000               3380                2081.07             161.348             896.958             0                   
102000              2680                1934.23             95.4018             1459.09             0.219544            
65000               3470                2783.44             163.713             284.648             1.61483             
185000              2780                4017.88             174.199             253.997             0                   
65000               3710                2346.18             162.197             591.95              3.38759             
83000               2860                2646.41             147.271             240.863             0                   
83000               2740                2037.42             100.873             1134.92             0.219544            
102000              3700                1862.01             162.197             829.399             0                   
140000              2790                2276.52             174.29              850.306             6.30413             
83000               2570                2636.19             171.475             1301.41             1.70318             
160000              2670                3179.41             162.197             639.216             0                   
83000               3310                2623.08             119.994             528.335             3.20883             
83000               2630                2103.55             95.4018             1159.42             1.82112             
83000               3380                1957.63             96.9759             955.457             0                   
83000               2770                1763.38             126.005             1384.19             3.21954             
83000               3240                1762.73             94.1622             1384.92             0                   
83000               3520                1676.01             113.27              1383.55             2.4076              
104000              3070                3689.79             176.894             195.587             0                   
160000              2790                3731.4              174.199             391.307             0                   
123000              3370                2170.75             162.197             534.035             0                   
83000               2570                2789.72             152.735             1234.32             0                   
104000              3270                2647.04             157.555             197.703             3.24811             
83000               2620                1963.33             122.042             1470.08             0.219544            
83000               2720                2860.92             188.547             765.697             2.46539             
83000               3110                1808.87             104.441             1237.05             3.2693              
160000              2700                2400.5              178.606             986.588             0                   
83000               3300                2036.88             94.7391             1084.04             1.84195             
83000               3270                1967.81             135.505             1255.43             3                   
102000              2660                1939.03             104.415             1306.66             0.93959             
83000               3570                2673.83             173.206             192.757             0                   
121000              2750                3798.72             181.49              298.789             1.80351             
83000               2600                2597.27             140.174             1383.43             0                   
102000              3460                2201.91             162.197             496.77              0.585694            
104000              2810                2381.08             147.232             334.371             0                   
83000               2570                2699.02             176.466             1221.43             2.82315             
83000               2970                2701.72             170.649             231.98              0                   
83000               3640                1830.76             133.731             983.954             2.49109             
102000              3400                2174.35             155.276             502.487             2.92975             
185000              2750                4012.16             174.199             254.747             1.90255             
83000               3480                1959.32             170.546             900.685             3.36657             
83000               3430                1677.21             112.811             1459.9              0                   
141000              2700                3014.72             137.832             744.064             0                   
83000               3210                2720.02             159.451             175.927             3.24811             
83000               2910                2077.47             104.919             1043.36             1.14703             
83000               3840                1855.67             162.197             839.789             1.23155             
83000               3730                2184.91             162.197             539.908             0                   
83000               3100                2737.88             163.713             191.697             2.00662             
102000              3500                1791.79             95.078              1043.74             3.36657             
104000              2730                3234.96             178.888             676.381             0                   
83000               3620                2662.08             150.071             214.401             0.850364            
141000              3350                2497.44             129.646             853.587             0                   
83000               2630                2325.48             166.373             1162.92             0                   
102000              3230                1707.98             122.456             1000.43             0                   
83000               3720                1871.45             95.4018             1005.34             1.27154             
65000               2570                2564.68             171.475             1350.68             0                   
107000              2730                3714.73             181.49              285.94              3.44191             
160000              2790                2918.66             137.832             715.392             3.04543             
143000              2760                3875.91             163.99              451.919             0.135944            
140000              2790                2268.87             174.29              854.282             1.97215             
83000               2670                2203.01             161.323             1066.16             3.0684              
83000               3760                2071.04             129.29              806.677             2.11199             
83000               3320                1969.76             126.908             1270.21             0                   
104000              3310                3472.07             184.086             139.674             0                   
160000              2700                3844.8              174.199             327.097             1.50207             
83000               3590                1911.26             143.077             816.701             1.22168             
83000               3270                2609.72             163.713             182.873             0.0293864           
102000              3660                1758.69             101.606             1161.41             2.36657             
140000              2610                2151.4              132.051             1385.5              0.868843            
65000               3560                2737.97             175.079             311.09              1.3859              
107000              2800                2353.32             172.985             869.017             0.219544            
83000               2810                2656.37             168.952             209.489             1.75795             
83000               3240                1949.53             170.795             1263.77             0                   
83000               2770                2694.95             142.214             845.073             3.23572             
160000              2780                3892.36             174.199             265.527             2.26977             
83000               3120                2466.41             138.578             253.122             0                   
104000              3110                2380.28             131.828             896.013             4.22792             
83000               2720                2895.35             162.774             720.59              3.23572             
83000               3600                1670.14             101.606             1478.38             1.43909             
83000               2640                2090.42             136.037             1123.65             3.0684              
104000              3100                3710.23             189.837             194.682             0.591698            
104000              3440                3432.34             176.79              162.041             0.464249            
83000               3180                2115.5              94.7132             1129.11             0                   
102000              3610                1827.49             96.9759             1150.1              0                   
83000               2870                1767.22             116.68              1149.74             3.21954             
83000               2810                2402                167.429             326.673             0                   
83000               3490                2793.39             174.299             169.399             3.36391             
102000              2770                1755                123.644             1382.12             3.21954             
83000               3310                1965.48             165.896             898.687             3.36657             
65000               3380                2549.71             175.079             391.398             0.321604            
141000              2700                2623.12             214.205             878.45              0                   
123000              3220                1656.36             141.099             1388.36             0                   
107000              3310                2671.64             124.856             499.843             3.20883             
160000              2710                2588.32             163.954             759.167             0                   
160000              3070                2545.33             126.691             708.924             0                   
160000              2750                3162.17             138.108             625.162             2.89572             
160000              2880                2504.69             137.384             851.65              0.805844            
83000               2630                1939.6              95.4018             1382.12             0.219544            
83000               2730                3559.95             179.067             364.521             1.80351             
83000               3540                2786.11             173.206             162.906             2.68364             
102000              3670                1788.41             122.29              894.671             0                   
83000               2690                2158.75             172.702             1081.9              1.82112             
102000              2570                2613.92             152.735             1258.3              1.60147             
83000               3480                2044.55             154.15              849.83              3.36657             
102000              3700                1932.51             139.801             741.396             0.135944            
160000              3070                2629.98             125.629             638.719             2.40312             
83000               3180                1762.3              94.1622             1372.43             2.5049              
83000               2750                2221.79             101.677             1079.68             2.59314             
104000              3540                2130.53             162.197             612.672             1.97723             
102000              3140                1679.81             94.7132             1371.21             0                   
160000              3410                2698.07             124.106             630.435             0                   
140000              2790                2463.77             156.06              636.51              5.87573             
83000               3230                2399.53             118.667             709.687             3.42837             
83000               3360                1950.27             94.7391             1316.6              3.02728             
83000               3690                1797.94             100.21              1097.44             0                   
83000               2860                1963.74             140.836             1041.54             0.219544            
143000              2730                3934.29             170.964             389.001             0.985113            
104000              3200                3397.66             184.086             141.94              2.54303             
83000               3510                1705.23             95.1495             1456.27             0.219544            
104000              2760                3129.88             137.384             830.785             2.56008             
83000               3230                2230.41             147.95              442.851             0                   
140000              2610                2420.79             161.932             1278.03             0.868843            
83000               2860                2622.23             147.271             246.866             2.51698             
104000              3510                2695.34             129.004             835.079             0                   
160000              2700                3732.61             174.199             417.347             1.90255             
83000               3100                2420.14             141.986             269.514             1.97723             
83000               2660                2216.2              119.067             969.294             0.987201            
160000              2710                2528.59             151.267             768.128             1.22168             
141000              3070                2686.93             125.629             634.159             3.63467             
184000              2730                2684.49             149.755             822.37              0                   
83000               2700                1920.35             139.355             1401.09             0                   
102000              3290                1594.5              104.037             1323.18             0                   
102000              2630                2038.94             126.6               1289.55             1.44122             
104000              2920                2390.55             152.934             326.636             1.99252             
83000               3640                1725.29             95.4827             1118.86             2.49109             
102000              3400                1593.25             96.9759             1352.25             1.21954             
83000               3360                2893.66             173.206             183.151             0                   
83000               2940                2233.46             159.889             822.165             0.219544            
122000              3590                2023.88             131.68              698.957             0.135944            
160000              2840                3157.12             138.33              632.952             0                   
121000              3480                2818.34             125.629             504.001             1.9902              
128000              2730                3398.35             174.349             339.843             3.44191             
141000              3050                2706.33             136.254             544.442             2.40312             
83000               2630                2241.56             105.828             1216.5              0                   
104000              2760                3130.85             137.384             821.688             0                   
121000              2790                2268.34             155.479             874.689             6.30413             
83000               3250                2554.75             120.61              570.91              0.720045            
83000               2570                2608.71             148.639             1379.04             2.82981             
100000              3470                1855.06             147.402             1005.38             2.49109             
102000              3150                2634.52             163.713             221.46              2.00662             
83000               2570                2504.26             171.475             1379.02             0                   
83000               2680                2419.13             158.678             877.855             3.43718             
83000               3820                1735.5              94.7132             1370.53             2.87807             
83000               3570                2597.42             163.713             193.141             1.97723             
107000              2730                3402.52             174.349             339.843             4.66358             
103000              3330                2348.45             117.109             888.791             3.42837             
160000              2760                4024.14             179.293             229.812             4.03907             
83000               2930                1869.69             112.452             1328.39             0                   
160000              2760                3870.44             179.762             304.183             0                   
83000               3130                1860.8              158.011             1311.39             1.64653             
102000              3590                1850.86             111.095             942.577             2.49109             
83000               2720                2947.73             168.666             752.913             0                   
83000               3550                1722.22             104.441             1317.73             3.2693              
83000               3480                1809.03             134.33              901.594             0                   
83000               2920                1780.21             140.907             1081.74             3.21954             
103000              3420                1776.58             122.29              1035.78             3.27722             
102000              3420                2434.87             143.154             259.162             0.29563             
83000               3410                1786.23             170.795             1303.07             0                   
160000              2700                3936.39             174.199             268.612             0                   
83000               3780                1840.81             104.723             941.83              2.49109             
102000              3130                1899.33             149                 1327.27             0                   
123000              3180                2611.9              123.592             841.09              3.66163             
160000              2700                3942.51             174.199             255.941             3.12423             
103000              3210                2595.02             147.232             227.381             3.24811             
83000               3370                1840.33             131.443             910.704             3.27722             
83000               3640                2462.42             139.844             245.015             0.524559            
83000               2600                2066.43             158.678             1259.34             1.6603              
100000              2730                3686.62             181.49              303.324             1.80351             
102000              3280                1664.96             94.7132             1386.06             2.62084             
83000               3420                2403.3              138.578             271.786             2.73594             
102000              3600                1633.53             95.0219             1470.64             1.43909             
