202000              5600                677.394             175.314             1606.29             0                   
202000              5200                1754.25             494.138             43.9615             514.112             
202000              5600                1630.38             493.518             130.554             0.213892            
202000              5400                839.258             221.032             1056.49             12.831              
202000              5200                1735.59             498.739             20.041              0.213892            
202000              5800                830.758             240.011             421.785             320.801             
202000              5800                1111.49             1629.42             150.124             218.963             
202000              5200                1409.84             445.525             322.818             188.417             
202000              5800                712.812             198.734             1393.71             0                   
297000              4100                835.02              296.394             63.9642             0                   
202000              5200                694.365             184.628             1875.39             0                   
202000              5800                1777.13             519.965             20.2929             0                   
185000              5400                1511.09             1541                1915.37             46.8658             
202000              6500                1101.67             406.618             161.601             271.064             
202000              5200                1830.17             584.895             18.149              0.213892            
202000              5200                802.712             249.033             836.489             78.2713             
414000              6400                772.867             239.879             0.598246            0                   
202000              5200                1550.44             505.377             182.526             188.417             
202000              6500                1131.54             348.346             183.723             21.7146             
202000              5600                1226.07             436.809             442.691             136.662             
297000              4000                841.95              324.389             3.55969             0                   
202000              5200                1201.33             469.85              452.767             465.176             
202000              5800                997.04              1546.75             181.908             0                   
297000              7400                600.79              226.085             147.225             60.9272             
202000              6500                1049.19             406.618             166.739             0                   
202000              5600                1907.85             616.942             11.2475             0                   
202000              5800                832.573             1546.75             346.375             12.831              
202000              5200                1908.83             659.367             1.99156             0                   
202000              6200                792.719             207.628             1226.11             12.831              
202000              6500                1100.09             333.167             201.888             417.903             
414000              3800                1317.63             1067.13             -5.68434e-14        72.8045             
202000              5200                1545.42             478.996             204.238             0.213892            
414000              5800                1122.05             290.65              124.616             0                   
202000              5200                756.996             239.94              1289.69             0                   
202000              6500                968.369             339.898             294.9               128.469             
202000              5200                1153.13             313.994             550.443             0                   
202000              5800                739.547             1546.75             439.401             157.438             
202000              5800                1687.98             473.378             99.4468             0                   
202000              5200                1499.82             505.377             233.14              140.314             
414000              5200                928.109             252.387             410.239             158.442             
202000              6000                1610.71             493.592             138.103             232.584             
202000              5800                998.433             310.234             281.15              294.578             
202000              6700                932.376             297.505             273.396             0                   
202000              6100                894.234             325.402             318.814             12.831              
202000              5800                1090.1              343.08              198.335             0                   
202000              5600                1908.26             617.301             8.28151             58.1001             
202000              5400                822.052             240.011             974.297             296.244             
202000              5800                834.591             322.143             344.357             0                   
202000              5800                826.481             240.011             424.445             376.312             
202000              5200                676.104             174.101             2190.01             0                   
202000              5200                821.437             220.891             1502.91             0                   
202000              6100                1052.68             353.001             163.254             142.596             
202000              5800                1616.24             498.739             133.721             148.794             
202000              5800                763.385             254.766             415.563             217.385             
414000              5200                925.251             271.589             431.525             92.9373             
202000              5200                1630.98             473.877             116.333             238.657             
202000              5200                907.198             246.943             769.086             29.4693             
414000              5200                998.398             258.251             345.04              0                   
202000              5200                1563.06             472.184             173.576             319.662             
202000              5800                1681.21             486.372             87.3244             578.73              
414000              6400                771.715             875.049             48                  0                   
202000              5800                886.064             238.852             425.605             536.089             
511000              5000                1084.04             238.133             3283.43             350.598             
202000              6100                1046.86             298.242             291.321             302.12              
202000              5200                1315.7              363.382             416.644             402.564             
418000              8100                989.975             850.662             -5.68434e-14        0                   
202000              5200                1338.09             385.725             365.477             312.7               
511000              5000                1168                292.573             3196.85             0                   
202000              5600                677.331             172.566             1798.65             110.213             
414000              5200                843.938             234.897             629.837             5.56056             
414000              5800                915.915             237.577             431.596             46.8982             
297000              7400                603.224             226.085             1.39767             0                   
202000              5800                1693.37             516.974             52.555              607.332             
202000              5200                1138.68             398.242             503.701             485.842             
202000              5200                1014.22             263.043             635.429             196.915             
202000              5200                947.443             401.709             691.758             62.5062             
414000              6400                863.718             220.334             488.603             0                   
511000              5000                1095.99             246.012             3277.33             47.0471             
202000              5200                685.232             183.001             1894.81             260.364             
202000              5200                1966.74             620.281             181.727             0                   
202000              5800                859.764             1546.75             319.183             157.438             
202000              5200                1185.31             453.836             468.781             321.045             
202000              5600                1320.04             436.809             348.712             232.88              
202000              5800                832.46              285.209             346.488             76.1372             
202000              5400                848.718             224.478             954.907             231.705             
202000              5200                1379.16             466.53              302.953             504.452             
202000              5200                1735.67             498.739             18.2669             229.745             
202000              5600                1799.91             529.095             0.998794            326.179             
202000              5200                1508.26             472.184             228.371             252.301             
202000              5800                870.732             1546.75             308.216             283.216             
418000              9100                1054.25             791.29              -4.26326e-14        0                   
202000              5800                870.628             238.852             425.605             570.054             
202000              5800                1777.78             494.985             21.5948             157.542             
202000              5200                1180.84             329.499             480.847             158.858             
202000              5400                1462.33             409.621             257.255             50.9609             
414000              6400                824.595             879.929             -5.68434e-14        114.929             
202000              5800                886.928             1546.75             292.02              52.9446             
511000              5000                1061.97             240.574             3409.06             0                   
202000              5200                1406.75             401.363             320.286             396.816             
202000              5800                792.498             211.292             1094.24             120.969             
202000              5800                1022.41             456.701             156.537             136.336             
414000              5200                832.002             1603.16             629.837             0                   
202000              6500                890.152             262.699             331.532             76.1372             
414000              3800                1411.06             985.159             -2.84217e-14        49.0293             
202000              5200                1465.99             445.525             267.867             445.352             
511000              5000                1046.18             238.133             3533.48             499.997             
202000              5200                718.715             183.959             1549.47             0                   
414000              5200                906.715             240.81              431.632             46.8982             
202000              5800                754.302             1546.75             424.646             217.385             
202000              5800                790.417             210.111             1095.08             0                   
297000              6700                640.223             217.698             0                   0                   
202000              5200                1237.96             327.896             463.975             222.73              
297000              4000                790.711             296.394             0                   63.7614             
202000              5800                1081.34             329.82              312.903             157.438             
202000              5200                1419.92             400.246             329.734             0                   
511000              5000                1049.42             238.133             3476.49             379.409             
202000              5200                1695.38             536.397             99.4353             15.4858             
297000              7400                595.443             226.085             242.572             495.685             
202000              5800                899.234             404.453             279.714             226.059             
202000              5400                869.926             245.686             933.7               430.734             
202000              5400                1423.82             469.959             228.812             319.871             
414000              5600                970.502             290.708             587.181             0                   
202000              5200                1194.98             555.157             447.395             270.342             
202000              5200                1736.4              498.739             18.149              146.731             
202000              6500                777.568             240.175             435.48              12.831              
202000              5200                1866.14             626.675             17.345              530.483             
302000              5400                995.359             262.468             511.258             0                   
202000              5200                996.256             368.414             642.945             134.986             
202000              5200                824.708             281.013             814.493             0                   
202000              5200                2065.27             588.428             0                   0                   
202000              5800                865.436             1546.75             313.512             217.385             
414000              3800                1212.6              1007.4              -2.84217e-14        0                   
202000              5400                850.938             226.698             952.687             545.823             
297000              3400                842.634             312.374             0                   20.6508             
202000              5800                886.928             392.147             292.02              52.9446             
202000              5800                900.224             1546.75             278.724             0                   
297000              3400                864.735             297.59              0                   0                   
202000              5200                1015.13             275.965             646.845             0                   
202000              5800                718.758             219.222             552.315             12.831              
202000              5400                1689.28             495.82              64.3523             131.245             
202000              5600                1966.65             535.151             0                   0                   
202000              5400                1033.34             336.983             605.564             297.19              
202000              5200                1306.61             381.078             387.339             244.51              
202000              5800                765.279             1546.75             413.669             76.6877             
202000              6500                1070.31             299.307             292.295             145.78              
202000              5200                1473.56             482.451             260.743             494.586             
202000              5200                775.336             216.154             999.439             120.969             
202000              5600                902.715             253.016             1288.48             0                   
202000              5400                1536.97             458.635             252.649             76.8215             
414000              5800                841.51              253.897             204.131             0                   
202000              5200                1393.1              508.783             294.625             468.652             
202000              5200                904.183             286.491             735.018             171.603             
202000              6500                1007.34             306.18              255.927             271.064             
202000              5600                740.701             233.968             1547.51             0                   
202000              5200                695.245             196.732             1590.58             236.952             
202000              5200                2061.62             632.065             3.95488             110.303             
202000              5800                747.717             220.685             530.633             104.099             
202000              5400                1087.15             372.74              552.7               376.767             
396000              7700                1262                971.488             -5.68434e-14        0                   
511000              5000                1060.04             240.574             3410.99             449.241             
202000              5800                732.539             223.92              446.409             0                   
202000              5200                1180.78             357.391             481.196             440.077             
511000              5000                1047.38             238.133             3478.52             534.855             
319000              7100                895.89              881.55              -2.84217e-14        0                   
202000              6500                997.083             409.535             218.848             142.596             
202000              5200                1692.54             494.138             105.672             505.823             
511000              5000                1052.46             240.295             3527.21             196.446             
202000              5200                948.993             403.259             690.208             0                   
202000              5200                1103.22             291.061             558.758             241.607             
202000              6100                791.263             240.175             421.785             157.438             
511000              5000                1058.76             240.574             3467.66             123.839             
202000              5200                1668.12             505.377             68.821              271.559             
202000              5600                986.857             284.494             655.521             176.658             
202000              5200                1255                381.274             406.684             0                   
202000              5200                1338.33             531.753             355.137             94.6366             
202000              5600                983.973             261.306             680.813             45.3268             
202000              6500                1040.89             322.972             244.851             176.335             
202000              5600                666.426             170.057             1913.62             0                   
202000              5200                1110.43             328.234             551.543             362.032             
202000              5800                718.758             1546.75             552.315             12.831              
202000              5800                748.348             1546.75             437.876             0                   
202000              5200                1137.65             450.619             543.148             83.1343             
202000              6100                1027                301.296             288.268             0                   
202000              5600                1389.13             472.655             293.146             605.731             
202000              5200                1357.06             482.969             328.023             605.731             
202000              5200                1194.69             371.298             467.289             562.211             
202000              5200                1071.3              275.965             590.672             116.266             
202000              5200                1293.69             366.038             405.052             72.4818             
202000              6800                1186.91             1575.11             151.626             103.801             
202000              5400                870.174             238.861             933.452             131.474             
202000              5200                937.624             263.043             704.753             258.952             
202000              5200                1305                441.451             366.231             360.686             
202000              5800                1027.32             456.701             151.626             0                   
202000              5800                838.605             221.032             530.286             198.056             
202000              5800                850.682             322.143             328.266             157.438             
202000              5200                1870.81             537.891             0                   116.861             
202000              5200                1603.62             446.194             146.648             15.4858             
202000              5800                992.701             456.701             186.246             60.8491             
297000              4100                830.316             306.928             3.55969             60.9816             
202000              6100                803.115             251.863             409.934             0                   
