43000               3270                1565.63             223.944             122.164             0.254712            
43000               3770                1464.96             126.364             0                   0                   
103000              3290                1304.62             155.228             0                   0                   
65000               3030                1231.6              165.516             26.6704             26.1563             
38000               3450                2989.86             168.105             2.18152             32.6747             
38000               2760                3212.47             168.931             235.98              7.60078             
38000               2780                3144.86             226.508             90.8207             9.8701              
64000               4050                1281.17             91.6135             279.623             7.22709             
64000               4000                1254.4              94.492              325.806             0                   
39000               2560                1808.45             143.543             180.179             38.851              
43000               4190                1401.94             121.442             19.6768             38.3944             
86000               3080                1170.25             121.769             14.6208             33.8069             
64000               2600                1706.92             122.322             11.7617             25.4108             
105000              4080                1235.64             102                 356.089             0                   
43000               3550                1339.88             156.693             426.589             9.12827             
86000               3530                1176.92             131.127             66.2106             0                   
38000               2890                3114.74             228.347             211.504             0                   
38000               2740                3004.47             228.407             275.768             10.6298             
62000               2270                2264.29             164.14              0                   0                   
64000               2810                1484.04             149.262             351.377             23.9828             
64000               2850                1624.99             121.642             88.7978             24.2221             
43000               3020                2285.47             158.588             0                   9.93527             
38000               3360                3065.61             184.272             2.18152             24.6347             
43000               4470                1281.38             138.448             39.12               24.6713             
65000               3080                1275.12             196.485             1.31452             33.8069             
38000               2790                3218.6              169.427             79.6192             14.0208             
38000               3600                2697.33             178.613             134.179             0                   
64000               2370                1830.09             108.525             378.248             31.6366             
38000               2670                3340.34             177.998             180.502             0                   
64000               2480                1657.97             108.811             330.151             26.1096             
64000               2400                1824.92             118.363             307.004             43.5042             
43000               4610                1230.62             136.614             177.553             8.29563             
38000               3450                2763.75             181.192             120.948             6.47481             
62000               2200                2009.25             126.661             291.93              38.5805             
105000              2520                1791.76             145.553             2.07098             0                   
39000               2390                2355.12             145.553             2.07098             31.9352             
43000               3770                1431.27             126.364             0                   29.2725             
64000               2650                1664.57             148.472             284.04              18.9123             
43000               4000                1312.43             216.577             368.795             0                   
43000               2380                1902.87             176.029             296.094             8.80142             
83000               2650                1657.49             122.322             11.7617             37.5496             
38000               2850                3162.9              166.675             304.074             0                   
39000               2230                2273.33             134.42              304.941             0                   
105000              3090                1376.54             103.183             283.358             0                   
43000               3410                1406.33             106.282             425.043             0                   
39000               2700                1997.93             132.984             29.8186             38.5153             
43000               2220                2384.82             145.082             5.90949             0                   
65000               3270                1316.58             196.485             0                   0                   
38000               3410                2663.52             147                 176.036             0                   
111000              3080                1247.43             119.874             4.08335             26.1563             
39000               2260                2205.05             126.084             377.523             0                   
60000               3390                1837.12             99.5492             331.601             5.54709             
39000               3360                2096.19             138.619             2.07098             12.7709             
86000               3280                1138.11             119.874             62.402              37.9146             
65000               2410                1600.99             137.46              186.058             0                   
86000               3140                1181.1              120.918             1.54768             5.40508             
43000               4160                1514.42             120.504             19.6768             26.6088             
43000               3720                1353.96             126.959             304.477             31.9907             
39000               3640                1984.05             135.56              11.3234             25.1953             
104000              2490                1808.28             139.358             55.1927             0                   
43000               2620                1500.51             120.085             272.729             31.1866             
86000               3280                1124.94             111.569             72.713              9.54407             
43000               4030                1291.19             140.209             11.9116             38.2816             
39000               2870                2077.1              126.661             242.715             0                   
43000               2340                1920.34             207.796             344.483             0                   
43000               3590                1515.8              104.875             194.382             0                   
65000               3220                1247.21             229.469             295.366             0.0914702           
82000               2340                2159.9              150.093             207.406             0                   
60000               3040                2585.01             142.517             0                   0                   
38000               2710                3030.17             226.508             283.024             0                   
64000               4050                1317.81             132.667             279.623             6.72503             
83000               3210                1373.62             154.121             253.747             5.04443             
43000               4610                1267.05             140.209             124.323             0                   
83000               3180                1473.87             89.1921             332.312             0                   
84000               2460                2214.66             143.504             2.07098             0                   
103000              3130                1262.9              128.457             4.1733              26.1563             
38000               3360                2653.38             156.608             267.62              0                   
43000               2160                2267.2              158.588             0                   23.5593             
64000               2440                1627.36             150.067             2.07098             0                   
43000               2420                1558.45             138.074             303.518             0                   
83000               3120                1538.63             187.424             332.312             0                   
61000               2490                1507.61             142.8               450.661             18.4108             
39000               2660                2092.57             138.619             2.07098             36.7694             
64000               4220                1385.24             121.442             34.675              38.3944             
39000               2440                2038.7              165.179             104.079             38.585              
43000               3300                1495.26             223.944             38.1491             9.41736             
62000               3350                1505.65             104.521             423.847             0                   
61000               2230                1811.93             138.205             357.487             27.202              
64000               3310                1352.38             229.615             29.0927             0.028748            
65000               3220                1312.16             200.233             0                   20.7513             
39000               3750                1612.58             132.308             326.438             0                   
38000               2700                3179.57             225.196             377.235             0                   
83000               3770                1271.27             99.4721             356.711             11.7964             
43000               3220                1498.14             202.559             305.155             1.97387             
43000               4530                1239.26             113.516             163.118             20.519              
65000               3800                1314.71             115.062             0.338071            0                   
39000               2320                1824.29             152.403             339.949             12.7593             
61000               3160                1878.11             110.949             321.558             20.2259             
38000               2800                2986.18             206.952             283.03              17.3987             
39000               3610                1692.34             158.517             239.412             0                   
39000               2550                1694.48             134.581             412.316             31.561              
43000               2360                1596.85             142.306             86.7567             25.4108             
62000               3720                1323.02             213.055             456.431             5.07133             
43000               3640                1396.12             104.875             345.769             9.12827             
83000               4110                1173.71             123.374             252.809             7.55915             
38000               3150                3000.2              177.087             45.6845             27.6237             
83000               3660                1358.84             89.7825             274.636             1.52417             
39000               2390                1772.04             164.562             273.336             31.561              
39000               2740                1585.21             132.308             420.8               0                   
83000               3120                1354.49             160.311             375.514             0                   
43000               2330                1641.91             150.067             2.07098             18.4108             
43000               3020                1511.16             223.944             299.992             13.6023             
62000               2270                1957.86             150.017             317.741             16.9965             
61000               2780                1999.83             135.56              11.3234             10.0359             
83000               2430                1712.73             108.811             395.182             26.1096             
64000               2920                1280.92             225.287             140.117             18.8139             
65000               3190                1233.6              139.966             53.4774             34.3536             
38000               2690                3086.97             214.87              233.075             6.49763             
43000               2410                1523.99             120.085             398.077             23.4877             
43000               2360                1803.76             127.076             21.6982             34.5721             
39000               2200                2017.3              126.661             217.93              16.9965             
43000               3020                1920                113.562             339.131             20.2259             
85000               3580                1290.21             137.314             0                   19.4011             
83000               4030                1238.44             95.988              343.86              5.07133             
43000               3440                1760.75             190.689             0.976448            6.77811             
38000               3200                3168.06             188.855             53.8354             0                   
83000               3330                1430.29             94.8854             205.009             11.7619             
43000               2490                2055.45             126.087             82.0165             0                   
43000               2450                1572.13             150.067             11.3234             0                   
86000               3140                1215.05             136.672             0                   30.4872             
65000               3080                1288.52             207.884             0.338071            5.40508             
39000               2200                2203.36             155.083             186.995             16.9965             
39000               2180                2237.36             149.198             328.358             26.8751             
82000               2800                1579.47             132.308             294.652             0                   
62000               3970                1325.15             213.055             455.291             0                   
43000               3180                1770.79             99.8866             333.975             0                   
43000               3670                1437.84             225.287             202.187             2.46348             
64000               3550                1528.57             178.859             234.636             4.59715             
65000               3280                1167.04             119.79              50.38               13.1475             
39000               2680                2114.45             119.992             320.789             24.3722             
62000               4000                1229.79             213.055             343.411             0                   
62000               4080                1331.05             137.44              400.306             0                   
39000               2380                2382.92             144.24              64.0926             6.97384             
65000               3580                1254.67             111.324             6.27538             9.41736             
43000               4390                1322                137.277             22.699              7                   
43000               3000                1448.57             225.287             220.498             0                   
43000               4640                1209.48             126.997             148.757             16.6504             
43000               3720                1439.95             228.302             28.8109             0                   
43000               4690                1305.74             123.762             295.63              0                   
85000               3800                1309.15             111.324             6.27538             0.254712            
64000               3110                1257.2              205.01              112.968             0                   
106000              3440                1245.86             115.874             0.338071            5.40508             
38000               3210                3024.56             169.427             2.18152             37.8215             
83000               2910                1538.55             121.988             12.1527             16.9389             
38000               3100                3147.45             177.444             74.4227             20.9251             
62000               4080                1307.49             140.209             51.8291             19.9962             
85000               3580                1225.57             111.324             17.3431             13.0192             
39000               2200                2012.15             126.661             291.93              38.5805             
39000               2440                2122.41             178.573             3.8975              20.4704             
83000               3120                1638.03             133.96              129.002             7.54517             
83000               4000                1187.28             124.793             288.427             0                   
43000               2440                1506.92             170.18              363.914             26.1096             
38000               2900                3250.55             157.779             217.777             0                   
62000               4110                1302.52             213.055             224.006             0                   
64000               3170                1648.35             97.8635             210.682             0                   
68000               2430                2038.73             132.782             1.2764              25.0273             
38000               2990                3499.42             222.449             45.6688             0                   
38000               3520                2903.04             177.674             78.0056             0                   
39000               2200                2295.4              165.751             145.462             37.8593             
83000               3120                1544.7              95.4827             210.682             1.41797             
43000               3860                1230.31             146.908             156.479             11.1954             
43000               4860                1231.75             135.044             203.604             0                   
43000               2600                1786.9              121.988             20.7338             18.4108             
62000               3310                1359.85             201.774             384.201             8.62933             
62000               2200                2154.32             137.709             160.788             26.8751             
43000               4720                1174.92             113.72              182.179             11.9389             
43000               3300                1579.29             222.888             0                   0.254712            
85000               3550                1287.31             141.18              4.05516             0.254712            
105000              3820                1251.31             94.0642             344.043             11.7964             
43000               2750                1952.65             111.026             318.527             1.74607             
61000               2410                1742.95             108.811             407.2               18.4108             
38000               3110                3154.53             177.444             13.2723             7.01547             
63000               3990                1409.33             150.912             0.217984            31.2816             
83000               2630                1520.18             123.559             40.9931             32.0592             
83000               2540                1398.76             110.278             241.327             23.9828             
39000               2230                2267.97             131.784             280.492             7.80584             
43000               3640                1326.04             178.574             355.179             0                   
62000               2320                2164                132.844             401.297             0                   
43000               2350                1855.79             108.525             332.065             31.6366             
43000               3860                1174.79             110.423             194.143             8.74438             
65000               3220                1240.17             201.955             60.0543             9.54407             
43000               2220                2314.02             179.566             0                   0                   
100000              3260                1315.14             95.4827             283.668             13.6324             
62000               2280                2181.03             137.709             80.465              34.7957             
62000               3860                1169.76             120.005             205.993             8.74438             
43000               3300                1881.16             121.988             20.7338             0                   
43000               4030                1342.54             140.209             0                   13.9223             
39000               3420                2423.42             162.141             0                   0                   
64000               3120                1407.9              162.761             388.764             0                   
39000               2390                2424.17             162.463             0                   14.0174             
