645000              3050                2925.14             497.563             2163.45             0                   
548000              3900                2091.5              758.24              1309.55             198.403             
190000              3100                4206.74             526.183             1516.08             29.687              
275000              3650                2247.28             559.271             494.244             264.804             
645000              3500                3581.03             621.609             1111.17             331.913             
190000              4050                4350.69             954.68              35.9385             289.802             
277000              3650                4774.75             935.632             5.51562             175.645             
284000              3550                4872.76             812.612             24.9474             0                   
561000              3700                1872.82             932.498             2136.75             196.85              
185000              3200                2451.64             595.266             3035.23             208.341             
275000              3000                4884.01             951.437             2356.67             446.874             
270000              3400                3166.33             493.563             1238.65             207.665             
635000              3000                4400.45             590.426             1463.15             0.939055            
454000              3100                2410.16             937.432             2935.93             271.295             
271000              3100                2683.57             542.756             3462.13             176.827             
276000              2950                4558.36             532.499             3305.52             437.526             
284000              3200                4809.27             810.892             12.768              160.943             
190000              3950                2189.4              948.137             616.425             42.9436             
190000              3150                4894.08             760.148             163.798             3.51161             
455000              3750                2773.39             643.123             265.654             29.9209             
190000              3500                5070.73             891.208             2514.22             0                   
190000              3650                2101.06             795.782             1246.31             493.638             
560000              3300                2209.04             886.708             4854.04             0                   
454000              2950                3091.3              859.857             4142.3              215.274             
369000              5300                3630.53             931.947             12.7212             111.046             
456000              3750                4139.97             866.561             31.0302             365.639             
190000              3400                4941.52             921.035             109.473             312.046             
190000              3400                2209.96             645.81              1431.41             459.309             
271000              3550                2346.83             883.042             1997.87             233.909             
560000              3850                2416.43             590.426             2511.14             0                   
177000              3950                2618.25             606.619             1074.92             323.613             
177000              3250                3006.14             937.432             1160.06             327.469             
377000              3300                2476.09             709.52              1399.94             653.715             
270000              3050                2577.99             938.384             3954.62             243.808             
270000              3050                2488.54             870.56              4277.69             45.7058             
190000              3650                2147.54             954.68              1198.63             493.638             
371000              3150                4565.09             652.122             403.126             7.42044             
645000              2850                4532.58             709.382             3704.25             0                   
461000              3700                1906.16             876.006             2836.06             0                   
371000              3150                4980.99             767.091             52.4585             32.7175             
361000              4000                2042.37             912.536             1452.53             305.701             
284000              3950                2203.27             621.099             412.184             26.9109             
548000              3400                3653.61             625.082             1144.25             315.46              
551000              2850                4395.6              709.382             4193.54             54.0117             
461000              3900                1976.51             694                 2588.47             139.473             
548000              2950                4659.95             702.831             2335.46             215.253             
271000              3250                2377.96             493.563             3835.93             54.3359             
190000              2900                4480.59             513.91              3618.25             202.567             
458000              3800                2006.87             594.927             2432.07             412.428             
190000              3500                4168.3              759.865             53.4957             427.385             
284000              3800                4190.7              918.275             0.799861            527.61              
190000              3500                4924.61             555.75              3039.68             0                   
190000              3500                2882.99             708.215             81.2797             69.8197             
372000              3200                4687.29             555.75              2379.93             0                   
645000              3150                3548.46             654.385             1046.03             174.014             
275000              3850                2684.05             652.709             84.5442             269.326             
185000              3650                4495.05             938.764             132.868             478.768             
369000              3650                2235.48             747.827             483.985             277.447             
548000              2800                4366.6              870.56              5022.64             0                   
548000              4000                3372.34             873.959             1228.96             0                   
648000              2800                4652.55             870.56              4650.81             214.318             
177000              3200                2599.01             493.563             1597.74             127.799             
190000              3050                5149.6              956.895             1876.59             485.63              
190000              3650                2112.51             561.284             1218.33             487.198             
648000              3350                3591.9              493.563             3027.87             11.0204             
546000              3900                2059.16             475.467             2327.1              222.535             
370000              3100                2512.2              641.033             2941.96             258.271             
368000              3900                1978.23             762.772             2955.76             111.639             
190000              3050                4704.62             910.216             2253.05             730.3               
370000              2800                4887.27             950.489             4998.79             0                   
567000              4200                3298.44             890.495             627.233             2.90397             
645000              3000                2457.75             576.623             3304.12             255.032             
660000              2950                4706.92             707.875             2186.56             59.3157             
645000              3100                2170.02             886.708             4320.16             0                   
561000              3400                4372.01             699.228             400.076             50.5641             
474000              3850                3395.46             943.868             523.878             0                   
190000              3900                4492.69             751.838             124.475             7.94852             
287000              3550                2027.59             594.927             1735.95             412.428             
271000              3000                2595.44             798.062             3900.8              181.891             
190000              2900                5249.03             709.997             2692.98             0                   
369000              3700                3722.91             952.433             10.8                323.568             
190000              2850                5246.77             891.208             3861.04             0                   
548000              3500                3836.19             506.23              1221.06             0.939055            
190000              3700                4339.05             587.911             2436.6              1.07622             
177000              4050                2283                484.056             1006.53             461.078             
283000              4000                4378.03             956.625             17.3359             73.4672             
284000              4200                3631.37             840.781             561.474             0                   
645000              3000                2312.78             576.623             3629.23             125.548             
467000              3100                2262.55             702                 3573.13             0                   
467000              3100                2254.88             493.671             3609.01             12.7931             
645000              3400                2085.74             898.326             2586.71             156.824             
364000              3950                2126.57             938.339             3062.62             4.06441             
548000              2800                4361.34             952.684             5450.51             210.831             
555000              2950                3764.69             704.032             3128.01             158.001             
651000              2900                4439.55             513.91              3464.09             1.07622             
555000              4000                2117.47             643.123             2273.18             31.1651             
455000              2800                5011.18             950.489             4195.33             34.2815             
461000              3600                1933.15             948.637             2019.78             174.279             
454000              3100                2595.7              956.949             2571.07             69.0883             
370000              2950                4272.8              942.65              5338.23             57.1304             
646000              3500                1953.87             663.459             2980.38             213.866             
635000              3100                4164.38             723.972             933.72              181.333             
369000              3300                2640.79             720.48              1254.67             733.244             
449000              4200                2004.96             938.339             4745.04             3.5372              
369000              3250                2482.33             937.432             1471.96             2.63049             
190000              3950                2561.13             623.18              134.584             21.0558             
372000              3300                2130.86             561.232             1803.07             365.18              
561000              3650                1843.35             475.467             3282.6              135.445             
364000              3600                2273.87             496.16              4112.9              0                   
373000              4400                2367.47             686.17              663.321             21.0558             
566000              2900                4387.44             544.238             3575.85             84.5377             
370000              4050                3842.53             902.35              24.9919             138.235             
463000              3200                2495.77             493.671             1605.45             0.939055            
190000              3050                4794.48             860.355             1996.54             289.41              
368000              3900                2016.93             496.382             2917.06             0                   
548000              3050                4058.49             493.671             1246.24             0.939055            
185000              3800                3854.09             958.753             365.777             478.628             
555000              2850                4700.5              952.477             3512.76             2.09772             
369000              3050                3190.82             905.368             2739.12             385.332             
177000              3600                3049.67             522.455             1359.23             2.8408              
190000              3650                2474.12             559.271             288.596             121.306             
546000              3850                1901.1              704.233             3482.55             0                   
359000              4250                2084.92             606.926             1766.39             0                   
177000              3200                3290.64             644.224             1027.56             28.0522             
550000              3150                3969.12             732.556             1000.04             313.063             
271000              4050                2320.43             484.056             825.022             23.0907             
645000              3150                2673.4              499.272             1790.04             179.579             
375000              3000                4342.05             551.665             3005.4              449.446             
463000              3050                4727.89             702.831             1469.71             395.489             
645000              3500                3698.52             493.563             1357.64             97.1333             
548000              3050                2236.16             493.563             3277.95             337.804             
645000              4400                1916.5              795.782             2534.72             668.005             
276000              2850                4797.23             796.523             3441.63             0                   
648000              2950                2895.14             633.804             3999.67             0                   
468000              4000                3972.4              769.147             1321.15             0                   
548000              3000                2269.28             576.623             3641.64             272.253             
455000              2850                4462.01             870.56              4773.98             193.13              
185000              3100                2329.22             493.671             3627.46             0.939055            
457000              2950                5380.92             952.69              2068.23             25.5813             
560000              2850                4765.74             676.657             3462.79             98.9109             
635000              3000                3569.37             590.426             2347.95             194.081             
190000              3100                5609.42             904.731             1963.94             0                   
474000              3350                4775.25             808.105             40.8929             0                   
648000              2950                3422.78             493.563             3524.03             57.4965             
462000              3950                2072.11             856.649             985.506             269.758             
284000              4150                4070.9              926.073             0.687638            399.204             
185000              3850                2577.34             940.015             1202.17             152.862             
361000              3150                2442.51             860.219             2266.24             524.973             
190000              3300                4726.34             776.715             801.358             36.7097             
290000              2900                4301.73             520.606             3744.29             262.179             
190000              3150                4829.66             524.725             3128.63             436.095             
177000              3850                2505.7              576.623             1946.85             0                   
463000              3050                4790.02             705.103             1347.73             224.612             
546000              3700                1871.51             704.233             2950.97             226.355             
276000              3500                5066.21             891.208             1680.24             0                   
177000              4050                2168.95             518.011             1002.65             245.751             
275000              3050                4332.18             520.606             4117.6              50.9697             
284000              3600                4258.4              652.122             403.696             16.8203             
453000              3800                2307.66             798.592             1722.21             0                   
190000              2900                5322.52             555.75              2768.7              0                   
185000              3450                3845.88             927.961             687.69              411.374             
454000              3100                3785.32             937.432             1315.03             50.52               
362000              2900                5406.19             569.919             2758.94             115.235             
548000              3150                2985.75             495.735             1748.14             269.391             
461000              2950                3513.14             850.208             4308.32             0                   
185000              3200                4435.47             944.58              851.935             688.174             
369000              2850                4552.95             666.369             4014.55             119.095             
190000              3400                4590.89             520.606             2642.33             4.52544             
648000              2950                3550.64             662.678             3478.04             0                   
455000              2850                5464.51             796.712             3062.48             0.22803             
271000              3750                2105.21             867.262             2524.57             74.4591             
177000              4050                2098.62             486.864             1056.83             0                   
349000              3100                3526.16             523.468             1786.67             170.872             
369000              2850                5435.65             952.684             2949.43             146.036             
463000              3000                2893.4              493.563             3119.38             307.334             
190000              3850                2193.2              952.696             588.978             275.12              
369000              3100                5222.22             810.892             678.095             57.8539             
190000              3400                2225.51             942.65              1140.76             572.395             
185000              4150                3934.35             959.649             174.191             154.24              
190000              2950                4620.8              574.934             3149.75             255.402             
185000              3550                2289.71             955.004             2965.13             71.383              
190000              4100                2312.93             752.025             486.562             43.0742             
461000              3500                1864.8              475.467             3077.92             135.445             
190000              3400                4330.83             656.102             618.629             184.517             
284000              2950                4973.24             702.831             1842.87             221.881             
645000              3700                3937.35             534.576             1090.57             55.6348             
185000              3450                4250.21             906.424             312.487             714.471             
461000              3900                1844.47             476.432             3030.98             18.933              
552000              3450                2182.31             496.16              3832.59             0                   
185000              3500                2472.71             493.563             3302.16             78.5842             
284000              4000                4099.88             832.555             0.687638            294.913             
185000              3850                2237.33             944.219             4321.99             86.0689             
284000              3850                3999.6              766.532             0.687638            422.102             
177000              4050                2703.59             570.866             515.248             290.989             
370000              2800                4458.24             924.682             4653.71             146.327             
362000              3650                4866                910.122             143.14              31.8911             
271000              3100                2879.41             828.155             2898.05             0                   
370000              3150                2955.86             784.285             2020.54             447.949             
190000              3750                4485.63             920.37              6.22573             0                   
190000              2900                4704.12             513.91              3160.62             1.07622             
