258000              3100                3534.45             517.396             3098.46             9.92994             
276000              3600                2712.37             873.02              1120.49             92.0797             
732000              3000                3736.5              889.18              3959.7              60.6859             
547000              3300                3926.03             514.628             2496.39             98.4475             
735000              3050                3704.05             587.924             3335.01             209.514             
173000              3150                4235.92             664.106             1718.43             4.51158             
469000              3850                3176.41             512.519             1470.48             91.1882             
173000              3100                3825.2              603.372             2436.06             19.0082             
659000              3100                4478.45             640.635             1353.62             40.2689             
171000              3400                3146.44             476.152             1658.68             10.328              
264000              3700                2730.42             463.823             2717.06             142.563             
258000              3100                3700.38             591.301             2909.16             208.648             
735000              3050                3978.15             658.12              3525.85             1.60751             
364000              3150                4292.29             771.376             1322.8              293.592             
541000              3050                4178.88             536.628             3232.52             83.1819             
369000              3500                2500.37             476.138             1832.64             168.504             
179000              3350                3029.57             531.429             938.127             259.68              
828000              3000                4676.68             763.249             3574.96             41.6645             
171000              3650                4070.88             670.968             984.889             42.8961             
364000              3150                2984.73             489.045             2621.17             46.275              
171000              3150                3051.83             690.056             2902.3              107.09              
179000              3300                2984.94             912.75              1275.33             364.618             
364000              3150                3191.18             870.523             2207.74             27.9843             
171000              3600                4224.25             939.407             779.633             373.421             
171000              3600                4424.92             956.174             632.42              560.241             
928000              3000                4668.4              901.419             3383.32             311.127             
171000              3600                2462.54             472.894             2264.32             46.1154             
829000              3050                3855.56             806.472             3613.05             20.2369             
451000              3100                3623.84             919.154             3054.92             25.2831             
732000              3050                4011.24             734.274             2546.21             83.8691             
928000              3000                4924.6              868.532             2825.17             148.705             
171000              3600                4030.92             949.811             875.979             295.757             
177000              3200                3292.4              505.2               1609.47             225.65              
265000              3350                2423.12             472.894             3063.43             31.974              
548000              3200                3638.19             690.139             899.966             227.959             
271000              3250                2995.71             486.782             1388.25             101.724             
171000              3600                2613.19             555.652             2081.51             9.99411             
546000              3100                4890.39             874.639             1295.04             178.607             
362000              3500                2857.97             472.894             2421.78             10.328              
177000              3200                3590.1              925.448             1404.56             2.02477             
267000              3350                2949.39             592.337             1005.21             334.774             
463000              3150                4775.07             663.773             920.752             80.6278             
276000              3600                2919.66             841.325             890.762             278.497             
173000              3500                3187.9              892.772             1088.11             93.0018             
173000              3350                3356.65             895.322             527.378             5.97962             
928000              3000                4529.48             951.571             3466.76             261.852             
547000              3050                3914.96             682.078             3300.15             212.337             
279000              3900                2742.05             487.985             1705.5              48.3923             
179000              3600                2677.1              753.311             1141.67             273.373             
928000              3000                4765.88             763.249             3505.28             72.0355             
267000              3400                3471.94             697.833             156.632             35.9672             
447000              3050                4278.49             730.901             3078.7              2.61967             
928000              3000                4767.25             839.277             3503.91             163.155             
659000              3100                4132.61             606.826             1688.05             127.534             
282000              4050                3499.71             666.164             990.49              0.0447161           
354000              3050                4080.89             839.616             3407.95             0.253924            
258000              3100                4258.22             833.56              2418.16             7.52943             
171000              3700                2741.63             897.599             1872.09             264.596             
361000              3750                2635.85             737.866             1912.83             22.8658             
171000              3100                4247.56             680.641             2266.84             210.371             
272000              3450                4292.6              826.044             253.084             4.73108             
729000              3100                4492.4              920.816             1336.19             202.075             
173000              3300                3048.4              892.772             1271.84             27.7914             
461000              3150                3932.5              601.111             1197.18             336.048             
171000              3650                3760.03             526.193             1216.31             102.774             
186000              3150                3170.26             487.558             2526.49             77.5588             
555000              3100                4705.06             743.978             1509.2              150.594             
369000              3750                2703.3              849.425             1281.57             36.2411             
276000              3900                2797.96             927.86              1585.42             79.4712             
267000              4100                3250.68             888.12              292.64              2.63851             
276000              3900                2585.85             927.86              1825.96             165.268             
549000              3250                3497.48             649.38              934.798             117.818             
653000              3000                4764.36             919.698             3387.38             241.364             
351000              3100                3491.25             514.628             3114.74             154.768             
451000              3150                3957.53             943.858             2028.43             142.681             
928000              3000                4947.83             900.513             2599.28             272.222             
171000              3100                4055.98             571.318             2468.63             187.502             
638000              3050                3780.98             946.161             3192.74             55.698              
370000              3200                2941.91             580.924             1868.9              0                   
258000              3100                3617.87             514.628             2991.68             272.636             
173000              3350                3502.96             637.093             352.668             226.029             
173000              3350                3238.86             939.468             969.369             248.205             
547000              3100                4212.31             682.078             2394.44             11.9226             
463000              3150                4837.01             916.375             894.144             78.681              
273000              3200                4125.33             598.649             779.966             35.7482             
573000              3100                4833.61             924.246             1631                102.704             
171000              3200                4265.47             697.401             1293.24             141.024             
547000              3350                4037.74             551.907             1983.15             22.3905             
449000              3250                3915.78             669.417             382.175             53.6852             
182000              3850                3133.35             512.519             1707.61             91.1882             
457000              3100                3561.66             787.65              2248.82             295.921             
171000              3450                2627.9              460.487             2174.67             243.32              
173000              3600                3264.36             950.588             680.686             354.597             
267000              3850                3421.02             702.469             185.652             0                   
363000              3700                2804.99             927.86              1560.56             71.5972             
829000              3000                4100.67             635.083             3813.33             11.6109             
547000              3250                3633.11             517.396             3087.88             1.60751             
171000              3400                2564.89             575.505             2253.34             88.1483             
829000              3050                3612.41             514.628             3414.12             165.604             
272000              3250                4270.37             719.649             283.495             4.73108             
173000              3550                3318.95             851.245             744.031             2.01814             
173000              3500                3559.9              602.075             745.908             239.871             
738000              3050                4507.2              890.553             2294.04             33                  
364000              3250                3794.83             920.89              605.11              403.513             
351000              3100                3979.59             588.533             2680.45             313.553             
267000              4300                2834.53             487.985             1365.51             19.3287             
173000              3600                3766.41             939.468             167.25              190.415             
173000              3600                3607.99             710.095             201.428             83.5998             
360000              3800                3200.75             614.354             623.46              149.617             
182000              3750                2671.38             488.816             1531.74             193.453             
179000              3350                2871.79             717.94              984.493             145.121             
449000              3250                3773.81             855.496             499.202             115.468             
640000              3050                5163.33             925.944             2076.99             235.085             
828000              3000                4759.76             763.249             3491.88             171.76              
362000              3100                3439.57             839.647             3493.3              199.446             
173000              3250                4148.31             932.076             404.424             233.69              
659000              3100                4702.14             780.926             1099.98             63.0727             
447000              3050                4020.4              551.433             3308.94             0                   
182000              3950                3019.45             492.121             1078.9              23.3761             
276000              3600                2639.45             537.627             1190.28             224.261             
173000              3150                4270.17             883.805             1684.18             4.51158             
363000              3700                2567.26             927.86              1836.85             230.149             
832000              3000                4629.68             955.07              2807.28             303.835             
279000              3950                2945.16             512.519             1198.27             140.324             
171000              3400                2793.21             746.542             1987.2              6.69947             
455000              3750                2895.67             580.924             1708.83             5.31435             
463000              3450                2992.95             560.523             1063.41             204.98              
732000              3550                3604.2              517.396             3582.85             1.60751             
171000              3350                2701                516.47              2721.93             6.69947             
258000              3050                4121.81             840.364             3338.1              52.9329             
182000              4150                3163.6              523.336             968.719             117.768             
732000              3050                3933.77             918.202             2933.8              2.65875             
273000              3150                4602.8              949.622             890.027             229.743             
182000              3950                3660.21             666.164             559.264             0                   
369000              3850                2547.92             513.435             1893.94             94.0959             
277000              3200                2923.16             610.005             2395.35             202.606             
171000              3450                4293.96             959.44              511.056             413.427             
449000              3250                3733.32             723.104             594.306             196.967             
457000              3950                3195.19             628.173             819.715             41.0292             
171000              3200                4210.67             603.991             1395.92             281.815             
182000              3950                2749.94             474.041             1368.06             119.649             
173000              3100                3640.38             942.1               2850.86             9.64548             
541000              3000                4142.72             731.495             3683.07             9.48255             
182000              3950                3517.25             586.981             694.482             11.0784             
362000              3100                3454.24             947.062             3385.11             234.367             
267000              3650                3176.12             622.844             597.484             283.715             
463000              3150                4563.53             906.504             604.723             132.779             
455000              3150                4758.92             872.847             1127.8              381.312             
378000              3900                2863.63             622.344             1560.01             8.84084             
659000              3050                4358.84             596.069             2951.84             189.924             
179000              3800                2833.67             798.309             1001.3              189.67              
370000              3200                3585.75             519.912             1105.41             28.1122             
186000              3300                3381.41             580.924             781.913             0.769387            
179000              3350                2739.24             613.091             1096.51             232.17              
363000              3150                4759.74             949.569             1021.2              146.743             
279000              3050                3953.44             776.903             2793.62             119.312             
171000              3350                3328.13             576.848             1984.72             176.449             
449000              3250                3362.34             638.545             1049.39             298.501             
464000              3200                3273.22             625.46              1575.01             0                   
171000              3200                3692.88             853.272             1453.46             436.412             
186000              3250                3408.64             673.812             1118.88             0                   
267000              3850                3662.74             920.021             140.958             195.743             
446000              3200                4145.51             957.922             714.944             182.659             
276000              3750                2504.16             839.095             2104.97             190.283             
171000              3150                3270.48             910.037             2151.38             109.229             
171000              3400                2461.68             472.894             2541.93             20.433              
278000              3200                4340.82             938.702             622.968             370.008             
638000              3100                3588.72             688.878             2603.44             21.6078             
448000              3200                4440.62             719.649             520.022             39.4482             
173000              3500                4100.36             603.372             2043.55             0.250609            
478000              4050                2640.33             487.985             2037.96             45.5717             
548000              3150                3515.88             538.184             1847.2              147.944             
364000              3800                3300.02             702.96              597.112             66.464              
173000              3250                3405.98             839.095             1815.76             59.3769             
456000              3700                2536.61             476.138             1764.74             109.787             
829000              3050                4030.35             529.98              3449.6              1.60751             
173000              3250                3944.86             817.551             553.759             33.5498             
171000              3450                3901.77             940.098             770.966             464.861             
829000              3050                3788.04             591.301             3229.62             60.9228             
566000              3450                3140.42             559.666             1435.43             7.01562             
735000              3050                3673.34             853.708             3355.49             78.8755             
638000              3100                4018.6              854.119             2544.55             1.91924             
266000              4150                3119.03             669.018             864.251             2.75559             
262000              3250                3867.1              875.264             880.869             313.884             
173000              4000                3387.82             648.514             505.858             65.9264             
173000              3200                4120.02             932.615             1143.72             89.8649             
565000              3150                4338.75             839.095             1625.07             2.67725             
171000              3250                3644.86             825.546             886.237             468.925             
173000              3250                3997.21             644.736             583.691             319.408             
265000              3350                2415.19             746.542             3035.37             31.974              
638000              3300                4044.7              517.396             2518.05             1.60751             
461000              4100                2716.2              845.761             2918.82             0                   
182000              3900                2961.86             559.416             1524.99             5.36605             
267000              3850                3055.05             918.462             585.237             8.25133             
547000              3100                4211.21             517.396             2395.54             1.91924             
551000              3200                3691.54             535.389             1530.49             0                   
279000              4150                2956.01             494.255             1161.41             40.0246             
171000              3400                2411.71             746.542             2612.83             31.974              
279000              3250                2858.72             581.01              1587.74             59.0802             
378000              3900                2945.61             487.985             1483.24             19.3287             
