279000              3600                3583.43             653.821             -2.27374e-13        37.3031             
457000              3050                2622.24             447.321             1973.03             2.54537             
180000              3200                3760.27             748.748             250.12              0                   
173000              3300                1993.75             534.231             1442.12             258.458             
278000              3350                3164.15             884.824             397.935             238.939             
171000              3700                3212.07             523.858             1157.64             762.369             
279000              3050                3470.14             489.565             1358.07             603.769             
279000              3500                4011.97             529.908             -5.54223e-13        0                   
364000              3000                3574.27             627.365             1965.18             246.662             
173000              3400                2261.97             526.71              406.923             157.606             
279000              3150                3931.95             592.652             -2.06057e-13        0.601906            
364000              3050                3627.95             511.235             951.258             10.0775             
279000              3050                3532.69             424.281             1191.96             415.782             
171000              3200                3908.41             908.737             1380.06             1482.57             
180000              3250                3034.56             464.785             706.51              328.426             
180000              3200                3535.53             902.371             19.2707             237.368             
185000              3250                4073.6              766.076             148.761             0                   
171000              3500                3342.72             846.665             894.766             518.34              
279000              3200                3502.22             622.665             22.6909             6.14676             
171000              3100                4090.76             929.685             1694.61             1461.65             
171000              3200                3952.18             955.697             1163.75             1347.69             
185000              3100                3405.85             489.596             1489.73             105.365             
171000              3200                3894.44             929.685             1210.56             1744.12             
171000              3250                3812.21             915.07              950.951             1683.29             
185000              3350                3506.27             689.895             919.841             250.037             
171000              3150                4131.86             828.521             1183.44             788.056             
270000              3250                3381.06             489.596             1973.85             102.676             
180000              3250                2774.95             463.031             960.778             433.256             
272000              3500                3896.33             866.734             -1.42109e-14        420.887             
185000              3250                3809.74             622.475             164.265             426.198             
457000              3100                2853.54             606.636             1247.45             123.67              
279000              3200                3050.94             468                 1985.02             0                   
171000              3700                3411.23             556.874             673.602             289.752             
279000              3100                4143.69             538.845             9.35612             0                   
277000              3250                2487.98             482.622             1334.77             730.158             
735000              3600                2490.28             385.609             1394.5              125.789             
171000              3500                3491.18             948.095             803.895             869.312             
462000              3250                3055.15             484.484             299.404             20.9377             
185000              3350                3672.47             651.3               771.732             79.3394             
457000              3100                2551.43             526.158             1755.22             2.54537             
185000              3250                4155.13             761.197             50.6427             455.571             
276000              3250                4245.21             761.197             26.7009             455.571             
185000              3350                4171.27             600.306             477.045             133.857             
180000              3250                2431.04             453.17              1500.33             893.735             
173000              3400                2692.96             550.135             0                   0                   
173000              3350                2211.63             623.687             1015.9              0                   
185000              3100                3646.53             568.157             1220.14             0                   
364000              3100                3511.26             443.876             391.194             6.64841             
279000              3000                3454.38             702.18              1953.71             0                   
173000              3350                3177.09             770.445             263.647             516.533             
279000              3350                3709.67             560.305             390.629             0                   
547000              3150                2650.06             422.528             1617.23             84.2442             
457000              3100                2531.38             425.537             1501.73             77.4211             
173000              3350                1967.29             697.653             1361.3              490.854             
171000              3250                3902.51             907.746             638.825             1141.19             
279000              3000                3798.71             687.007             1514.38             106.015             
185000              3700                2510.69             563.727             171.131             0                   
279000              3300                3508.25             443.876             372.963             6.64841             
185000              3250                3986.64             645.366             50.9926             248.382             
272000              3750                3776.25             828.838             -1.13687e-13        401.628             
276000              4000                2363.49             604.779             227.625             0                   
171000              3250                3500.1              924.623             935.458             1316.79             
457000              3050                2713.28             476.531             1663.74             2.54537             
180000              3250                2688.27             463.031             1139.61             670.246             
267000              3400                2127.16             400.058             606.978             231.47              
372000              3150                2690.8              425.537             1171.79             2.54537             
185000              3100                3877.22             663.893             973.505             0                   
364000              3050                2755.95             550.982             1878.43             77.4211             
173000              3300                2565.37             702.505             764.847             112.016             
173000              3300                2106.48             560.497             1303.8              6.27844             
372000              3050                3283.34             486.988             1292.27             206.826             
276000              3250                3046                859.493             682.22              160.566             
173000              3350                2955.55             807.134             592.428             713.955             
372000              3150                2427.14             482.571             1403.28             77.4211             
272000              3350                2809.36             621.87              603.612             644.869             
185000              3150                3327.39             507.083             1322.91             0                   
267000              3400                1891.08             398.344             969.422             467.927             
171000              3650                3547.85             816.347             1175.63             395.352             
173000              3400                1880.04             398.344             1090.66             467.927             
364000              3050                3982.13             514.609             554.949             0                   
640000              3350                3010.32             401.162             1051.13             124.221             
553000              3200                3362.61             572.618             172.006             0                   
279000              3150                2694.94             597.082             1148.54             2.54537             
267000              3400                2205.04             441.356             413.909             28.7584             
352000              3550                1835.13             398.344             1081.45             467.927             
267000              3250                2245.63             627.142             1738.48             217.847             
547000              3200                3301.27             509.562             480.626             123.188             
171000              3100                4085.11             915.07              2274.36             1585.5              
279000              3050                2963.02             425.537             1502.94             2.54537             
276000              3250                4189.73             766.076             26.7009             0                   
173000              3300                2490.94             481.98              1012.43             0                   
267000              3300                2097.14             455.784             1342.5              6.27844             
185000              3100                4223.89             663.893             679.93              292.307             
266000              3250                2434.54             589.066             1504.99             222.352             
180000              3250                3320.58             603.922             491.746             507.194             
185000              3250                4249.76             766.076             -1.42109e-14        141.997             
279000              3000                3628.88             606.931             1876.91             34.1778             
547000              3150                2745.08             385.609             1499.07             148.72              
171000              3700                3593.38             693.592             550.791             197.625             
640000              3150                3199.02             443.265             706.86              124.221             
352000              3550                1904.66             400.058             885.547             231.47              
180000              3200                3559.87             906.103             512.936             141.649             
279000              3100                3257.55             443.876             733.515             6.64841             
171000              3150                3964.64             828.521             1248.71             684.668             
171000              3700                3188.99             547.882             1069.8              804.905             
279000              3600                3635.91             528.399             -4.83169e-13        0                   
547000              3200                3217.05             545.006             275.785             140.318             
267000              3350                3897.29             907.493             -4.40536e-13        0                   
173000              3350                1982.01             640.466             1289.4              423.621             
272000              3500                3895.03             889.467             -4.26326e-14        656.416             
279000              3050                3185.93             415.062             1576.12             206.826             
171000              3400                3954.52             881.077             1063.63             943.041             
185000              3100                3502.02             584.957             1472.99             91.0157             
258000              3550                1997.62             478.952             787.746             0                   
279000              3450                3416.13             504.534             191.273             0                   
279000              3050                3578.76             505.025             1036.53             205.793             
457000              3150                2794.37             526.899             1020.03             77.4211             
173000              3300                2064.96             636.69              1091.9              203.676             
364000              3050                4023.43             514.609             107.042             0                   
185000              3600                3170.46             642.664             -8.52651e-14        186.772             
640000              3150                3139.34             401.162             987.356             205.989             
173000              3400                2616.35             496.296             19.4402             164.349             
171000              3100                4088.96             929.685             2074.67             1741.35             
185000              3150                2973.17             649.048             1407.54             2.54537             
555000              3400                3381.09             546.189             50.4767             0                   
547000              3200                2893.76             398.703             1056.3              205.989             
270000              3350                2018.15             522.98              1135.78             305.754             
185000              3100                3424.02             716.313             1165.41             0.48512             
180000              3250                2498.97             494.116             1409.22             802.933             
547000              3350                2806.36             385.609             1192.43             148.72              
171000              3500                3701.82             906.517             590.177             739.428             
352000              3550                1971.86             416.982             706.08              0                   
185000              3100                4122.31             591.486             886.934             393.814             
547000              3150                2853.37             482.02              1390.48             0                   
171000              3700                3656.36             723.776             517.933             580.7               
462000              3250                3266.64             572.618             0.243606            60.8612             
171000              3400                3653.16             929.056             1417.84             1232.76             
171000              3200                4141.9              902.798             816.505             1028.78             
266000              3200                2446.93             769.763             1716.41             222.352             
451000              3300                3321.31             758.32              182.369             24.8437             
180000              3200                3999.23             803.737             36.3895             326.607             
279000              3250                3215.69             478.846             1497.22             206.826             
173000              3400                1985.44             416.982             836.897             0                   
171000              3700                3378.24             596.397             867.386             886.749             
173000              3400                2482.8              474.749             206.14              0                   
185000              3350                3971.28             672.905             547.401             162.666             
173000              3300                2071.7              424.734             1501.17             231.07              
171000              3500                3319.46             844.502             1035.1              983.009             
279000              3300                4048.24             514.609             3.38384             0                   
270000              3300                1964.7              423.317             1456.39             305.754             
279000              3300                3081.21             508.667             985.612             2.54537             
364000              3100                2572.12             468.581             1590.61             2.54537             
171000              3700                3494.55             577.165             570.772             33.2784             
258000              3550                1830.26             398.344             1122.58             467.927             
171000              3750                3202.37             865.152             983.947             1137.86             
547000              3150                2915.87             389.374             1313.47             84.2442             
185000              3550                3627.15             762.949             -4.26326e-14        739.785             
258000              3550                2403.81             470.158             393.156             0                   
171000              3350                3962.09             955.697             1367.85             1038.45             
279000              3050                2812.73             558.3               1861.14             2.54537             
173000              3400                2091.18             400.058             688.862             335.239             
185000              3550                3641.44             927.244             -5.68434e-14        979.8               
279000              3100                3557.6              443.824             441.948             115.441             
735000              3600                2661.77             385.609             1007.16             77.4211             
457000              3300                2501.12             436.057             1491.62             2.54537             
372000              3100                3832.49             514.609             7.93835             10.0388             
375000              3250                3134.79             683.976             395.205             101.034             
267000              3400                2567.82             515.687             50.8555             157.606             
276000              3300                4279.65             663.893             550.455             199.707             
171000              3650                3662.87             767.513             1161.07             1123.49             
171000              3650                3638.81             774.149             904.182             304.89              
640000              3150                3287.01             401.162             774.44              124.221             
185000              3150                4116.58             681.481             582.707             413.617             
279000              3050                2768.88             446.998             1751.45             77.4211             
258000              3550                1917.02             400.058             949.647             73.8641             
180000              3200                3644.81             870.596             355.943             127.611             
171000              3650                3381.82             827.04              1292.04             332.53              
171000              3750                3944.43             907.746             509.912             1253.97             
171000              3500                3306.27             908.407             1050.82             1165.38             
270000              3100                4212.02             663.893             759.344             17.4584             
279000              3000                3284.13             613.582             2125.51             82.3123             
375000              3250                3352.09             818.696             288.176             312.791             
364000              3000                3545.51             606.931             2002.78             45.703              
547000              3200                3063.55             396.471             762.285             205.989             
258000              3550                2052.38             400.058             753.915             231.47              
267000              3350                2117.5              630.807             1088.46             107.599             
185000              3850                3237.58             706.77              -1.27898e-13        249.61              
735000              3600                2960.69             385.609             651.77              77.4211             
547000              3200                3123.41             432.838             616.309             102.421             
171000              3250                3647.31             881.077             1022.73             1256                
171000              3700                3263.61             586.032             916.703             608.569             
171000              3700                3379.43             640.486             821.925             433.589             
258000              3550                1896.24             455.481             1068.27             368.227             
372000              3050                3139.94             425.537             1312.78             2.54537             
270000              3350                1948.33             626.347             1308.96             326.672             
735000              3600                2865.12             385.609             780.588             103.993             
282000              3700                2712.14             633.109             -3.55271e-15        0                   
173000              3400                2175.1              416.982             455.758             28.7584             
279000              3050                3959.67             529.908             283.071             0                   
173000              3400                1910.99             398.344             1022.06             754.696             
