377000              3300                991.112             326.78              822.997             256.328             
269000              3100                961.218             372.805             301.082             350.711             
269000              3100                1078.77             360.929             183.844             255.367             
462000              2750                1497.91             361.045             808.072             0                   
465000              2250                2269.37             607.004             -8.52651e-14        0                   
269000              3600                930.678             327.415             491.275             641.303             
269000              3600                978.598             338.674             174.311             92.6574             
363000              2550                1794.47             498.217             2.87721             72.0954             
368000              3300                1178.61             344.639             571.221             0.405061            
269000              2850                1155.39             435.149             432.213             236.447             
474000              2250                1930.38             488.286             175.042             0                   
269000              2850                1458.32             563.16              0                   48.5728             
269000              2850                1061.17             422.755             484.576             646.562             
363000              3050                1194.29             303.96              549.846             0                   
462000              2750                1098.62             598.778             1015.04             0                   
365000              3050                1710.48             438.344             10.9773             0                   
362000              3050                1146.31             368.621             743.376             122.374             
461000              2500                1588.42             327.923             950.926             697.947             
378000              2250                2082.73             524.265             87.8434             0                   
462000              2500                1303.16             276.545             1131.2              0                   
363000              2550                1631.25             431.04              421.141             75.2587             
462000              2500                1658.94             566.636             558.672             60.0851             
363000              3050                1403.72             358.068             545.417             96.7023             
462000              2500                972.716             613.302             1336.49             112.271             
269000              3100                976.824             341.127             319.191             5.30692             
461000              2500                1449.28             401.745             1067.53             571.065             
377000              3300                1039.66             329.936             675.795             0                   
368000              3050                1095.65             327.814             930.396             623.716             
462000              2500                1001.42             210.538             1299.1              347.657             
462000              2500                1307.91             550.664             723.199             53.8227             
269000              2850                1238.22             422.995             0.302355            231.167             
461000              2500                1751.83             360.532             721.648             545.803             
377000              3550                1018.16             298.868             840.634             249.913             
377000              2800                1187.7              566.919             580.046             38.5343             
462000              3250                1350.49             289.404             785.702             0.405061            
462000              3750                1137.92             287.582             875.248             0.405061            
363000              2800                1260.03             434.642             852.153             654.206             
462000              3000                1691.81             473.908             387.069             113.105             
378000              2250                1984.83             521.204             175.055             0                   
269000              4900                1125.73             376.916             22.0488             0                   
461000              2500                1475.1              452.045             1110.25             256.086             
474000              3000                2247.15             458.261             0                   2.76851             
269000              2850                1007.76             361.793             554.148             708.87              
269000              3650                937.989             433.784             404.226             472.85              
462000              3000                1187.2              598.778             840.589             0.405061            
377000              2800                1259.12             445.813             495.781             44.6818             
462000              2500                1653.76             490.973             549.622             96.5881             
363000              2800                1238.2              354.679             867.726             582.305             
269000              4400                911.246             337.902             517.501             219.311             
363000              2800                1558.27             455.744             190.031             194.049             
461000              2500                1430.33             312.786             1139.21             700.769             
269000              2850                1332.12             579.389             0                   196.045             
362000              2800                1354.98             417.051             680.14              225.54              
461000              2500                1430.31             413.489             1110.25             352.541             
462000              2500                1463.68             391.373             613.254             53.8227             
269000              2850                1133.55             454.743             105.724             343.069             
461000              2750                1368.56             298.905             1223.9              704.805             
461000              2500                1385.43             373.693             1159.24             618.63              
363000              2550                1660.99             462.848             238.253             160.842             
461000              2500                1411.85             298.454             1147.33             528.546             
366000              2550                1209.91             354.75              884.487             513.341             
363000              2800                1752.95             525.357             80.6968             0                   
462000              2500                1689.17             353.875             597.952             0                   
269000              2850                1033.15             468.844             455.311             628.992             
474000              2250                2102.39             488.286             1.74675             0                   
269000              2850                946.583             387.377             554.148             641.262             
375000              3000                1224.24             310.452             947.207             189.063             
269000              4400                950.75              381.56              382.943             76.1182             
474000              2250                1816.05             398.654             414.996             17.9177             
378000              2500                2216.36             459.991             1.49124             0                   
362000              3250                1147.24             268.489             803.895             0                   
462000              3000                1570.03             453.65              639.449             0.405061            
378000              2250                1885.6              396.325             439.814             0                   
461000              2500                1626.61             349.354             836.164             417.261             
269000              2850                1142.67             433.983             437.647             438.062             
462000              2500                1056.78             621.827             1228.42             0                   
365000              3050                1664.64             438.899             86.018              137.084             
269000              4400                1090.74             398.899             1.13816             0                   
375000              3050                1041.57             300.06              827.61              68.3934             
269000              3900                938.934             426.158             444.604             540.357             
474000              2250                2247.48             452.472             0.360633            23.21               
462000              2500                1174.08             261.815             1011.96             53.8227             
269000              3600                1075.98             393.76              38.5674             72.4245             
363000              3050                1304.58             366.595             453.335             0                   
378000              2500                1843.27             463.972             379.253             0                   
363000              3050                1654                470.395             276.35              11.8656             
269000              3600                965.357             322.613             294.054             1.15833             
269000              4400                879.602             323.171             555.465             659.256             
269000              3100                935.719             318.476             517.501             265.037             
375000              2550                1151.01             367.855             758.995             331.834             
378000              2500                2108.11             505.955             0                   75.5555             
368000              2800                1250.33             418.518             776.334             507.392             
462000              2500                1042.3              254.924             1251.9              129.268             
462000              2750                1757.91             418.093             596.576             6.95648             
461000              2750                1668.67             347.151             843.811             545.803             
363000              2550                1471.09             464.168             467.783             0                   
377000              2550                1129.95             417.314             659.329             191.913             
363000              2800                1342.7              480.864             346.867             147.674             
462000              2750                924.158             197.481             1318.16             183.485             
269000              2850                1056.29             491.983             421.468             569.764             
462000              3500                1046.1              268.62              875.248             121.73              
462000              3750                1061.13             318.04              937.177             0.405061            
269000              4400                920.303             356.643             446.409             423.025             
269000              4400                919.159             405.365             421.986             219.305             
269000              3600                939.95              322.613             333.097             131.431             
269000              3100                978.714             372.805             200.166             2.51237             
269000              2850                1165.67             390.858             72.2197             378.137             
269000              3600                1017.68             351.742             99.2228             0                   
269000              2850                1381.84             521.57              48.4997             0                   
461000              2500                1676.56             418.005             690.583             327.534             
462000              3000                1037.11             598.778             990.685             0.405061            
462000              3500                1258.64             302.819             776.385             0.405061            
462000              2750                1215.53             324.949             1043.47             0                   
462000              3000                1771.37             364.946             561.113             67.711              
269000              3100                892.368             302.536             555.465             394.984             
378000              2750                2055.87             437.683             226.95              0                   
366000              2800                1317.88             351.481             657.147             521.258             
363000              2550                1302.18             377.726             739.302             678.526             
375000              3050                1035.83             331.027             861.58              482.161             
474000              3000                2038.29             488.286             62.0234             34.3724             
464000              3250                1090.94             341.586             853.314             2.57711             
362000              2750                1184.66             317.334             893.977             166.927             
462000              3000                1048.16             332.428             968.969             208.044             
269000              3100                886.584             309.356             560.682             529.091             
363000              2550                1320.72             350.691             839.256             678.526             
269000              3100                888.862             300.196             553.896             650.518             
363000              2800                1479.97             509.478             357.835             0                   
462000              2500                998.938             246.625             1291.45             1.57396             
378000              2500                1854.29             441.6               549.896             202.895             
269000              2850                1077.72             438.937             222.169             402.736             
462000              3000                1495.71             355.506             676.88              53.8227             
377000              2800                1061.29             350.54              735.996             38.5343             
474000              2500                1915.05             468.138             225.046             0                   
378000              2500                1730.22             370.869             641.53              53.4171             
462000              2500                1351.39             319.11              679.463             53.8227             
269000              4400                1055.05             374.502             69.7813             28.6117             
269000              3100                933.85              347.186             522.235             650.518             
378000              3000                2153.12             442.543             72.5265             0                   
269000              2850                1182.8              492.002             105.724             191.502             
474000              2500                2231.69             471.495             0                   37.5002             
378000              2250                2009.28             442.543             151.205             0                   
378000              2250                1962.52             439.336             434.542             93.4797             
462000              3000                1049.11             238.799             978.429             0.405061            
462000              2500                1258.96             550.664             963.531             0                   
375000              2800                1056.37             332.428             702.426             255.002             
462000              3000                954.244             200.836             1204.4              296.002             
377000              3050                1029.74             285.597             771.293             246.128             
378000              2500                1814.99             414.303             554.646             141.024             
269000              3900                1144.92             381.736             0                   0                   
269000              2850                1391.67             483.27              0                   170.363             
363000              2550                1712.85             443.309             114.049             0                   
378000              2250                1751.48             526.765             675.456             123.844             
363000              2550                1284.26             385.984             694.087             311.383             
462000              2750                958.851             218.713             1151.87             85.3084             
363000              2550                1285.25             385.71              797.263             437.089             
269000              2850                1312.8              454.281             0                   322.468             
462000              2500                966.534             227.36              1351.51             129.268             
269000              3900                901.816             345.832             560.682             285.85              
462000              3750                1256.33             298.987             778.894             135.771             
269000              3100                1094.88             439.539             130.595             0                   
462000              2500                1159.31             533.122             871.801             53.8227             
461000              2500                1672.33             393.489             914.56              303.777             
462000              3000                916.148             203.232             1309.92             116.822             
461000              2500                1602.27             426.978             927.481             609.04              
363000              3050                2072.91             674.514             -7.10543e-15        678.022             
363000              2550                1355.28             371.771             611.26              22.4452             
269000              3600                1139.56             417.595             0.61634             7.1642              
461000              2500                1719.7              411.412             789.335             621.925             
462000              3000                955.261             203.232             1083.73             8.86931             
375000              3050                1030.21             451.472             748.13              0                   
462000              3250                1114.73             305.462             768.595             265.372             
474000              2500                2075.64             508.598             1.74675             11.5924             
462000              2500                1417.18             296.242             842.967             0                   
462000              2500                1213.95             340.628             918.649             61.0522             
269000              3100                1053.73             362.74              63.3383             37.4776             
474000              2250                1860.02             466.794             327.168             17.9177             
378000              2250                1773.16             374.172             679.054             123.844             
269000              2850                1034.44             387.377             507.516             518.263             
269000              2850                1478.86             584.13              0                   0                   
378000              2750                1784.86             420.834             432.538             26.4595             
462000              2500                1045.75             533.122             1088.84             76.2211             
378000              2250                2139.76             493.45              -2.84217e-14        0                   
269000              3100                1031.41             348.386             284.237             157.921             
269000              3600                955.801             318.784             344.019             223.404             
462000              2750                1322.74             333.27              744.265             166.927             
474000              2250                2099.31             453.768             151.183             0                   
375000              2800                1213.66             401.586             567.518             279.481             
269000              3100                1155.65             391.338             0                   0                   
378000              2250                2280.17             633.868             -8.52651e-14        0                   
269000              3100                959.963             371.55              361.02              490.216             
462000              2750                921.027             196.808             1318.16             266.113             
462000              2750                931.466             197.481             1228.08             8.46425             
269000              3900                886.317             330.333             560.682             465.551             
269000              2850                953.596             371.685             555.465             409.2               
378000              2250                1802.5              403.413             576.612             30.3639             
462000              2750                1414.75             421.85              596.386             166.927             
462000              2500                1065.83             227.36              1046.36             53.8227             
462000              2500                1179.4              330.91              1196.99             0                   
462000              2750                1115.58             287.659             1154.1              0                   
269000              3100                935.3               358.071             463.178             449.861             
