43000               4230                1411.57             124.713             515.508             0                   
62000               2770                1830.42             228.546             420.232             1.81139             
61000               3720                1553.18             130.762             42.8806             24.9305             
43000               2770                2391.6              158.278             0.00362025          20.4251             
43000               3280                1476.44             101.939             381.89              82.7814             
112000              2660                3573.35             173.2               234.187             5.15199             
43000               2830                1463.83             124.713             500.111             2.12415             
43000               4300                1713.72             152.872             19.2112             0.899272            
43000               2730                3298.97             165.009             247.167             0                   
112000              2780                3702.05             182.142             34.0692             0                   
43000               4300                1627.57             120.639             106.502             15.5007             
43000               2830                1545.99             113.424             269.729             50.5594             
63000               3300                1782.35             121.056             54.1752             26.6636             
43000               3490                1443.78             149.87              278.796             72.4128             
43000               4220                1391.29             149.87              353.682             50.1291             
43000               2640                1477.29             154.179             431.611             13.0708             
62000               4080                1397.7              113.645             422.611             17.8773             
43000               2610                1414.77             133.076             430.979             44.3214             
43000               2830                2161.24             126.753             148.187             38.3462             
43000               3990                1338.07             149.87              394.368             65.4667             
43000               2780                1434.17             101.939             420.736             19.1454             
83000               3020                1620.2              110.782             428.849             5.86318             
85000               4130                1396.66             116.242             528.324             16.434              
43000               2770                2156.1              135.065             21.1751             33.8169             
43000               3770                1582.7              123.986             115.002             48.2497             
63000               3250                1840.89             119.345             122.041             0                   
43000               2750                1639.95             148.07              227.012             18.6067             
43000               2640                1773.82             167.352             240.896             36.3546             
109000              2650                3594.02             229.501             49.3475             29.5092             
43000               4110                1565.16             151.953             338.801             0                   
85000               2740                3486.89             226.527             134.185             9.82146             
43000               2770                1966.24             202.749             325.532             8.71473             
43000               3580                1447.71             121.933             385.395             66.3644             
43000               3350                1368.91             149.87              371.579             85.4736             
43000               2750                1398.52             153.978             430.979             71.3405             
109000              2760                3511.81             202.579             128.26              7.93171             
43000               2730                1678.35             144.181             243.515             77.7276             
83000               2720                1638.9              110.782             422.448             1.81139             
88000               2680                3534.28             213.711             119.475             45.7686             
43000               2730                3073.18             189.711             394.294             0                   
134000              2730                3741.6              169.006             14.6777             36.5848             
43000               4380                1603.14             120.807             75.4219             0.899272            
61000               3830                1887.66             127.757             9.45096             55.806              
43000               3860                1982.25             143.1               0.263171            82.9366             
43000               2720                1426.25             114.275             420.939             88.817              
43000               2820                2341.4              153.497             0.00362025          84.9209             
63000               3380                1946.19             127.757             7.28072             0                   
112000              2650                3647.98             194.015             4.11693             13.6192             
112000              2700                3813.47             202.713             41.2206             7.24957             
62000               3260                1392.99             125.59              513.077             0                   
43000               2790                1838.19             116.385             474.796             0                   
83000               2720                1711.9              160.07              387.077             1.81139             
43000               4080                1403.11             101.999             427.95              17.8773             
43000               3580                1780.46             212.81              25.0199             0                   
43000               3540                1381.04             124.713             470.474             31.3698             
134000              2780                3734.9              177.705             0                   7.53373             
61000               2760                2200.89             143.88              34.9289             44.5434             
134000              2760                3610.91             172.602             48.6671             19.9376             
110000              2670                3602.36             207.845             92.0335             50.5848             
43000               3030                1937.31             133.572             0.990465            37.6482             
60000               2790                1747.88             172.247             381.096             10.5393             
43000               2720                2475.04             169.071             3.87682             88.8227             
43000               2700                3279.77             189.711             233.518             2.53188             
62000               2640                1395                146.348             430.035             81.5145             
62000               3940                1464.5              152.831             386.821             0                   
43000               2970                1403.07             101.928             430.783             49.6595             
43000               2720                1445.9              101.939             403.801             68.3936             
134000              2640                3668.05             172.994             0                   62.9805             
43000               2640                1644.61             142.018             307.957             13.0708             
134000              2620                3723.86             187.572             0                   53.9786             
61000               4300                1632.18             120.807             34.8595             0.899272            
88000               2680                3577.7              229.586             113.757             1.51762             
112000              2760                3849.54             223.792             5.59812             0                   
43000               2720                2418.49             169.071             23.5967             73.6269             
62000               2830                2159.22             126.797             106.728             24.8044             
43000               2770                2367.82             180.448             0.00362025          4.15645             
62000               3030                1995.96             149.995             7.73619             19.9649             
62000               3810                1540.34             116.942             372.175             0                   
43000               2620                1719.07             163.631             275.327             83.723              
62000               2860                1943.4              110.893             313.238             8.37297             
63000               3500                2304.86             148.105             0                   0                   
67000               2690                3367.7              195.347             274.177             7.4694              
88000               2680                3451.86             225.023             131.096             23.152              
43000               2750                1565.47             105.151             260.358             25.0334             
43000               3930                1932.1              126.581             225.898             0                   
62000               2770                2047.36             165.833             11.3624             11.4106             
43000               2750                2828.01             168.18              519.142             0                   
43000               4330                1444.61             130.552             360.64              29.2829             
43000               2830                1531.66             101.928             307.957             68.3936             
43000               4190                1483.06             168.308             346.313             20.2696             
43000               3860                1649.1              120.53              48.7515             38.0538             
82000               3880                1585.3              136.234             12.7206             0                   
43000               2700                3200.68             160.397             314.368             0                   
43000               3500                1603.31             194.853             91.84               17.3713             
43000               3610                1587.82             108.231             296.32              4                   
63000               3690                1797.4              119.345             112.329             48.8319             
61000               3580                1820.39             178.707             0.990465            0                   
43000               3360                1846.94             135.508             134.086             28.806              
110000              2750                3387.75             173.2               209.233             0                   
134000              2640                3606.79             209.904             20.804              15.4855             
62000               2910                1912.7              157.411             326.862             0                   
83000               2800                1668.66             113.296             328.418             1.81139             
82000               3260                1368.71             125.59              493.47              0                   
43000               2720                2202.53             199.017             37.0171             32.5609             
88000               2700                3539.69             206.906             194.417             0                   
62000               2740                1881.81             204.936             467.934             11.4269             
43000               2670                3027.57             155.36              407.809             0                   
43000               4060                1407.25             149.87              287.549             47.2477             
43000               4240                1423.86             135.657             411.231             0                   
61000               3770                1991.65             127.757             59.8825             0                   
43000               3470                1393.35             101.928             431.541             64.9907             
134000              2610                3772.48             172.994             0                   36.5848             
43000               3830                1932.3              135.95              0.63543             66.5094             
62000               2750                1392.88             129.977             458.13              83.5685             
43000               2830                1420.1              101.928             430.836             83.5685             
63000               3310                1943.53             176.906             67.3336             0                   
43000               2860                1731.99             160.169             177.274             36.6039             
61000               3970                1553.58             134.448             33.2762             8.66087             
43000               3250                1390.61             149.87              422.819             53.3535             
61000               3440                1573.83             129.155             85.6432             17.1034             
43000               3800                1648.3              152.81              20.1565             4.20711             
43000               3160                1545.8              102.511             410.282             13.5823             
83000               2780                1873.74             171.69              322.048             1.81139             
43000               3060                2133.05             126.797             86.7899             3.77063             
43000               3860                1536.89             101.644             428.664             0                   
67000               2670                3281.77             206.378             312.872             0                   
110000              2670                3518.48             176.588             135.808             28.7771             
43000               3050                2105.36             124.876             194.301             23.3532             
43000               3990                1355.67             129.783             378.402             43.4712             
114000              2680                3633.11             191.569             25.1496             38.4995             
43000               3610                1399.07             103.817             426.621             40.5888             
39000               3640                1563.69             191.559             487.731             0                   
43000               2620                1524.82             136.895             403.823             70.1846             
43000               4000                1610.64             120.807             152.287             0.820183            
62000               2770                1791.17             217.4               487.462             1.81139             
43000               3380                1416.64             167.091             297.855             53.9013             
62000               3350                1412.76             136.637             389.405             0                   
112000              2700                3844.58             229.554             17.7616             3.56497             
43000               4340                1449.08             104.852             398.772             17.7275             
62000               3270                1668.92             112.804             355.848             5.45205             
43000               2700                1425.58             179.834             396.65              101.968             
43000               3750                1980.63             154.824             0.265475            51.0079             
43000               3660                1588.45             145.805             73.6664             0                   
43000               3410                1389.81             134.891             394.368             68.7146             
43000               4050                1625.07             125.222             21.4532             5.0273              
43000               3000                1974.67             159.338             265.925             0                   
62000               2800                1406.36             108                 466.402             83.5685             
62000               2830                2052.46             126.797             183.989             1.81139             
61000               4080                1571.87             140.241             0.990465            0                   
43000               2760                1956.78             116.371             373.704             0                   
65000               2640                1498.91             167.07              386.784             81.5145             
153000              2630                3675.24             172.994             80.8876             0                   
134000              2610                3722.15             172.994             4.11693             0                   
83000               3100                1735.15             130.239             315.471             7.53048             
43000               2750                1712.67             167.352             240.927             13.0708             
64000               2750                1706.35             137.996             444.374             1.81139             
43000               3610                1655.31             142.45              253.066             0                   
112000              2700                3653.3              219.225             171.83              0                   
83000               2720                1809.75             126.441             348.261             2.70801             
43000               3710                2126.88             144.415             0.263171            0                   
43000               3190                1959.62             174.095             188.928             28.9331             
43000               4380                1808.27             134.2               0.00362025          3.89268             
43000               3500                1415.98             111.749             393.313             36.5995             
61000               4050                1548.26             125.309             105.244             18.1803             
43000               4050                1673.84             153.293             0.00362025          42.2762             
61000               3750                1600.79             120.434             161.583             18.3141             
43000               3440                1515.76             101.928             307.957             59.3228             
88000               2720                3422.14             210.204             96.8512             19.4853             
43000               4220                1557.56             108.122             366.244             0                   
39000               2840                1913.01             225.67              322.8               6.89126             
43000               3410                1846.72             171.636             122.238             8.80832             
110000              2730                3416.6              192.987             155.738             0                   
43000               3360                1564.75             101.928             279.509             16.0863             
62000               2770                1809.46             191.446             522.637             3.58731             
62000               3410                1402.14             108                 466.402             74.4977             
43000               3000                1524.53             101.928             307.957             34.4846             
62000               2800                2265.81             167.913             51.6765             0                   
43000               2620                1623.81             130.887             364.326             83.9682             
43000               2910                2241.45             140.007             36.4841             0                   
62000               2860                1748.97             197.358             407.562             1.81139             
43000               2670                3129.43             164.905             371.562             0                   
39000               3610                1630.39             223.415             505.381             39.5195             
110000              2610                3624.56             190.023             96.8316             14                  
134000              2720                3537.75             168.316             112.169             0                   
112000              2690                3875.29             179.527             87.2584             0                   
109000              2650                3622.86             206.048             46.1911             34.5741             
43000               2890                1498.09             158.435             337.506             86.469              
43000               3440                1610.95             121.74              46.324              4.94821             
43000               3490                1324.09             149.87              394.368             78.2596             
62000               2730                1990.02             225.119             546.279             10.5393             
62000               2770                2029.51             135.065             22.0463             1.81139             
43000               3610                1724.53             157.48              19.9061             27.1696             
62000               2830                2050.08             144.989             3.09033             28.925              
43000               2910                2270.27             167.913             -1.06581e-14        0                   
43000               2620                1553.16             167.352             368.116             88.2946             
43000               2760                2255.56             175.847             141.006             1.81139             
110000              2670                3713.44             213.711             96.4982             26.3814             
43000               2800                2064.58             178.893             368.107             0                   
43000               3390                1435.12             101.928             420.736             0                   
43000               2640                1405.34             152.603             430.979             87.3381             
