89000               8500                3745.83             322.832             351.276             0                   
89000               7550                3749.84             281.747             327.574             49.7779             
213000              6800                2065.94             459.44              4280.05             0                   
79000               6000                2817.83             966.236             4450.52             6.81697             
79000               6000                4847.48             810.189             1480.63             5.71754             
216000              5700                4669.09             943.925             1579.21             20.6079             
358000              6700                4719.64             641.05              1186.11             68.0273             
184000              8150                919.529             947.66              784.927             15.5414             
186000              8150                2018.8              237.24              0                   41.8088             
185000              7600                1043.08             655.121             198.767             43.9212             
129000              9100                729.868             127.297             274.918             0                   
79000               6000                4096.91             967.24              3419.52             48.9164             
139000              7650                1586.5              1080.65             15.8521             73.054              
79000               9700                2308.16             145.827             4092.03             0                   
304000              5700                4097.49             828.18              1909.84             0                   
88000               7800                1130.88             1162.84             580.006             46.464              
184000              8400                1123.48             760.489             864.918             0                   
226000              6000                4526.61             972.925             2101.38             0                   
399000              6900                4741.57             730.394             645.612             29.1532             
271000              5700                4509.19             668.041             1135.3              29.1744             
310000              7000                2592.24             781.177             3495.3              0                   
321000              8300                832.284             144.022             79.0124             0                   
263000              6500                2542.15             879.786             3613.95             47.418              
89000               7000                4139.88             374.115             213.84              40.1553             
275000              7400                1725.88             356.788             4.09005             37.6868             
138000              8000                4150.62             889.237             213.84              39.2544             
88000               8050                890.699             1157.38             173.694             0                   
79000               6200                2457.47             573.246             3792.34             51.3733             
234000              8150                723.442             480.528             262.838             14.6469             
274000              8000                574.44              79.8949             171.143             0                   
97000               10450               2385.2              746.616             115.586             0.490755            
305000              6500                2130.28             953.367             4366.57             0                   
397000              6400                3857.94             1203.04             2518.5              18.668              
176000              5700                3268.27             882.236             3789.02             10.8521             
79000               5700                2956.47             908.015             3655.35             41.5657             
357000              6600                4090.79             1151.38             1878.03             45.3598             
88000               10250               1187.62             1028.33             9.59688             38.2141             
313000              6900                5011.12             394.098             405.112             31.229              
79000               7900                2425.72             668.544             3681.88             14.8215             
119000              8700                2128.32             275.142             4127.64             6.33858             
311000              6500                4422.9              773.399             1514.41             76.6522             
263000              6300                4058.48             918.22              2876.98             11.6318             
79000               9600                1792.31             175.74              3506.82             0                   
359000              6300                4673.94             650.422             1793.67             29.1744             
313000              6100                4947.79             683.486             544.476             0                   
79000               7100                4145.54             1061.79             3416.43             0                   
185000              7300                1348.07             1206.59             552.153             4.84131             
260000              6000                2981.08             748.314             4057.49             6.67243             
139000              7100                1910.19             747.619             0.214564            58.9708             
79000               10100               2377.75             918.705             3195.66             0                   
305000              7050                2382.85             937.984             3548.14             25.0779             
97000               9900                2592.52             306.751             95.589              0                   
188000              7850                997.4               1210.24             180.891             29.6577             
79000               6000                4172.91             597.144             2896.34             65.7795             
79000               5700                2673.92             188.611             4088.47             37.8829             
183000              6800                2632.91             273.29              2068.93             21.7944             
79000               7500                4390.83             827.556             2803.86             68.2895             
186000              7100                1653.91             169.888             84.1627             0                   
264000              6300                4371.1              849.65              2432.58             62.4434             
79000               9200                2464.85             556.964             3798.25             0                   
79000               6000                4810.37             306.395             2364.58             49.7009             
281000              7600                1235.9              140.509             131.483             42.2636             
97000               10450               2336.05             197.26              547.52              0.490755            
97000               10450               2426.38             212.654             129.451             32.2541             
351000              6400                4895.36             735.221             581.348             47.8984             
178000              5700                4501.2              832.393             2695.3              56.9245             
97000               9450                1426.43             190.73              1973.75             28.835              
446000              7000                4663.48             677.553             1123.69             0                   
240000              7500                1448.49             155.988             2025.24             0                   
97000               8750                1428.37             476.828             2444.64             28.835              
79000               6000                3777.39             215.434             4128.17             0                   
79000               6500                2890.87             1170.21             3642                0.360872            
129000              6200                2181.27             181.566             4146.46             18.937              
98000               7400                1259.55             916.974             2110.34             41.3403             
223000              6000                4213.93             731.779             2544.15             79.2142             
321000              7400                1253.3              685.597             388.224             42.2636             
88000               9700                1189.34             815.49              37.8156             44.3925             
79000               10600               1981.97             692.249             3305.57             0                   
88000               10550               1316.25             878.069             374.958             15.1543             
79000               8000                3148.62             179.416             3945.96             0                   
272000              6900                4997.36             409.191             457.555             0                   
144000              7500                1967.07             198.009             2249.3              0                   
226000              7650                1555.42             344.251             59.0168             58.3048             
125000              6000                4848.93             351.722             850.364             0                   
319000              6000                4373.13             751.977             2541.79             61.6895             
79000               9600                1995.24             668.544             3317.7              11.1644             
79000               5700                2600.84             158.106             4143.44             21.7152             
129000              6000                2544.87             846.855             4579.98             15.7838             
89000               7000                3181.97             277.887             758.376             32.7148             
176000              8300                3564.28             323.651             386.824             0                   
97000               9950                1628.78             201.966             1822.86             21.3296             
265000              6200                4518.22             878.515             1244.09             49.7676             
98000               9000                2001.85             206.925             2029.05             0                   
266000              6700                2750.74             866.768             3230.62             63.0199             
265000              6700                5309.13             811.167             491.647             0                   
173000              6300                4789.32             294.667             1452.46             32.403              
144000              7600                924.07              128.311             1726.99             0                   
97000               7700                3141.06             1177.84             689.865             72.9636             
229000              7000                3519.68             660.028             439.801             67.9392             
259000              7000                2428.11             942.12              3688.5              39.3775             
138000              7500                3697.75             718.533             380.395             79.0939             
79000               8700                3018.29             174.446             3730.31             35.4838             
79000               7300                4275.72             1009.53             2709.64             61.4066             
98000               7900                1391.17             916.974             1910.09             49.7516             
399000              6700                4205.71             791.154             1729.21             0                   
97000               9250                1427.87             773.974             2352.92             28.835              
446000              6400                4510.11             967.942             1109.24             0                   
79000               6000                2814.5              1112.26             3818.57             45.5466             
79000               5700                2434.48             197.888             3905.88             45.5466             
234000              8100                668.89              79.8949             1265.75             0                   
89000               7000                3191.86             657.069             594.246             60.034              
79000               8700                2282.33             145.44              3975.21             6.33858             
232000              7400                1559.7              399.689             241.607             28.9497             
175000              6500                2130.01             568.606             4524                36.4792             
79000               6000                4811.87             659.544             1308.67             18.7635             
224000              8300                978.38              851.617             110.316             0                   
88000               10200               1265.95             975.263             217.28              1.95294             
79000               9400                2756.6              786.761             3189.54             67.4986             
128000              8400                2787.36             1025.87             3482.59             0                   
255000              7000                2285.81             992.422             3613.86             6.48488             
178000              6300                3095.3              701.801             3343.82             48.1918             
88000               9700                1374.03             1144.26             46.7458             0                   
98000               7900                2328.79             1176.88             707.73              17.3515             
79000               6500                2811.65             815.81              3341.86             72.8953             
79000               6700                2772.16             226.924             3927.23             21.7152             
167000              6600                4734.77             683.249             2514.97             0                   
79000               7200                3888.03             1222.18             3235.96             38.3608             
141000              6800                2751.45             1175.52             2199.36             21.7944             
79000               5700                4932.94             441.054             809.167             5.9451              
178000              6700                5366.14             917.239             793.022             0                   
234000              7600                741.96              87.1541             262.838             14.6469             
188000              7600                807.675             1231.51             805.051             0                   
175000              7000                2072.16             756.213             4443.95             0                   
363000              6400                4087.5              1230.16             2333.79             64.3507             
89000               8850                4246.95             632.834             315.744             31.185              
97000               9450                1825.45             197.967             225.271             13.2655             
126000              6200                3561.86             233.614             3480.94             0.622777            
274000              8550                785.387             87.861              64.1268             35.4513             
139000              7100                1651.91             1206.02             160.828             0                   
79000               6000                2312.74             659.544             4631.94             0                   
145000              7100                1965.5              1225.19             8.79642             37.8528             
127000              8850                4366.71             595.823             195.423             43.0236             
139000              7100                1664.09             1141.27             15.8521             73.9362             
219000              6000                2559.19             633.487             3802.16             45.5466             
313000              6600                4775.2              1029.03             692.172             12.1482             
89000               9050                4162.47             365.255             203.142             47.1958             
354000              6600                4697.41             634.047             1980.75             0                   
79000               8200                4945.77             491.545             847.369             0                   
79000               7000                3987.25             274.147             3582.06             0                   
178000              6900                4609.25             1102.44             923.567             26.5121             
311000              7000                2923.21             259.023             903.9               27.5794             
273000              6300                4480.08             650.422             1281.76             88.4414             
88000               8850                938.767             1121.64             944.394             0                   
141000              7000                3119.38             1228.72             1908.54             44.0785             
263000              6000                4554.42             980.524             2083.7              31.7594             
79000               6000                4671.05             706.245             1568.6              73.4755             
174000              7700                3424.29             392.972             311.523             63.7879             
79000               8700                4923.06             358.603             771.581             12.0179             
211000              6700                2598                748.314             3374.76             67.7288             
88000               8850                875.03              1179.71             1155.81             11.8403             
353000              6400                4911.36             409.191             495.027             0                   
126000              5700                2407.08             547.661             3976.67             45.5466             
226000              6500                4337.31             1100                1406.21             36.2721             
222000              6600                4454.39             501.166             2547.54             61.7457             
128000              8700                3268.25             819.638             3649.6              0                   
79000               8200                3155.68             264.849             3505.06             29.7894             
88000               9150                1113.68             1204.87             60.3419             47.3051             
127000              7400                2879.82             874.187             3068.22             64.3819             
355000              6000                4522.5              849.65              1823.59             9                   
79000               7750                4155.24             1202.99             2800.44             0                   
125000              9200                1909.88             490.228             4347.59             0                   
166000              5700                2618.78             1083.38             3934.17             39.0522             
89000               9300                3742.94             695.374             552.196             0                   
305000              5700                4307.63             828.18              1735.79             39.0987             
125000              6300                4170.02             291.412             3020.34             48.9164             
97000               9400                2605.21             614.701             64.7923             0.490755            
129000              8350                1048.62             127.297             7.687               46.464              
139000              7600                1802.99             1082.98             7.48236             12.3356             
138000              7850                4281.23             476.993             445.628             35.9832             
221000              6000                3525.11             813.015             4287.1              1.40814             
228000              8000                848.451             892.266             108.214             36.0024             
274000              9400                775.141             85.0587             91.3972             0                   
79000               6000                2588.2              675.336             4502.49             28.5024             
225000              8300                1016.7              1008.19             47.8245             29.2743             
97000               10450               2381.37             408.91              127.321             44.0171             
88000               9350                1097.73             1003.81             620.49              33.6913             
79000               9200                4766.02             330.936             864.209             0                   
98000               8400                1385.21             1066.97             1825.13             10.9437             
359000              6600                4321.54             659.544             2106.34             53.9168             
79000               7000                4769.48             294.462             1641.58             21.4485             
139000              7100                1854.33             450.792             29.4972             0                   
186000              7100                1630.64             156.292             59.0168             43.1864             
97000               9950                2482.87             243.962             127.321             44.0171             
176000              5700                2596.54             1005.3              4585.44             19.3747             
265000              6500                2071.83             805.997             4456.31             0                   
97000               8400                1838.44             249.418             228.617             12.1508             
79000               9200                4914.26             464.054             743.593             23.8594             
79000               6200                2171.56             220.35              4064.23             0                   
79000               6200                4806.25             652.073             975.827             0                   
79000               5700                2509.73             547.661             3571.87             48.1918             
