135000              7800                1130.97             1215.29             481.815             50.4092             
181000              7100                4293.45             326.329             140.151             25.7666             
133000              6750                4508.98             1184.33             2230.98             38.6925             
265000              7200                1590.83             127.335             120.002             48.3003             
141000              5900                3701.84             1028.54             2917.87             54.6432             
265000              7200                1759.52             492.31              93.4477             0                   
82000               8250                1106.62             470.606             3135.7              0                   
80000               10300               4343.96             382.041             58.9887             76.6701             
270000              7200                830.086             128.311             2044.11             0                   
133000              6700                2957.33             1111.12             4230.77             16.111              
133000              10800               1411.81             965.971             1499.94             0                   
265000              7700                1501.92             717.692             125.425             55.5163             
359000              5900                2197.11             869.974             3593.23             0                   
175000              6400                4899.29             849.65              1146.14             0                   
223000              8300                993.009             127.338             131.147             62.474              
359000              6400                4104.74             665.767             736.573             9.38182             
82000               9900                1851.22             177.85              66.8246             53.6884             
275000              6000                3958.34             956.14              2613.92             31.9034             
270000              8000                681.7               128.311             165.672             0                   
126000              8100                4114.78             609.904             684.019             41.5055             
80000               10400               4295.44             349.345             139.484             0                   
398000              6300                4365.9              1220.55             1935.24             71.7267             
133000              9950                1781.94             1224.31             564.653             0                   
135000              9650                1112.3              126.924             31.8649             0                   
133000              8200                2322.17             1195.83             683.396             90.2877             
360000              6400                3658.84             613.157             1065.61             0                   
312000              7400                976.002             877.504             984.904             0                   
123000              9900                1621.39             168.386             145.594             73.4079             
175000              7500                1614.66             1232.39             1965.02             7.88483             
221000              5700                2962.7              830.262             3963.56             55.7472             
270000              7900                960.158             666                 1486.92             34.5946             
133000              7300                4555.44             1151.3              162.451             50.0059             
134000              9900                1163.59             990.806             112.375             0                   
82000               9800                1168.69             124.132             2558.15             0                   
359000              7100                3886.39             653.171             319.545             31.2972             
220000              8550                854.213             698.551             54.7125             0.948404            
80000               9800                4255.25             614.21              127.44              69.3509             
80000               10300               4125.04             893.552             215.061             47.7903             
133000              10300               1204.58             1201.03             1814.07             50.696              
80000               10300               3506.72             245.287             2219.78             0                   
141000              7200                2780.17             259.301             2355.78             14.3399             
82000               9400                1610.87             464.849             284.034             43.4208             
80000               7100                4489.97             593.777             478.438             0                   
80000               7300                4152.64             309.474             700.992             0                   
312000              9400                917.096             125.895             1098.93             0                   
133000              8350                4365.59             1061.87             186.322             12.8575             
80000               9600                4112.59             856.232             392.313             0                   
141000              7400                2208.47             215.071             281.376             56.7765             
270000              7900                799.638             789.062             1695.12             0                   
82000               9550                1631                1159.2              1802.88             42.6555             
82000               10050               1614.18             952.341             1805.79             27.6405             
82000               7700                1365.18             822.35              2677.17             19.1696             
134000              8850                1242.88             1133.46             184.821             23.3341             
221000              6500                1888.63             770.747             4840.58             0                   
82000               9200                2034.09             159.254             1344.77             67.7233             
133000              5900                4214.71             1230.22             2706.41             34.0235             
230000              7100                3975.18             653.778             2423.5              91.361              
80000               6900                3933.04             288.666             3212.91             76.9644             
80000               7900                3747.62             261.623             3532.43             0                   
135000              8000                1012.98             157.092             33.8739             62.8362             
223000              8200                1010.34             801.521             2115.91             22.9945             
134000              8600                1082.96             956.284             897.867             12.7432             
80000               6900                3811.99             586.947             2654.95             102.545             
80000               9500                4227.05             672.291             59.3973             96.3805             
278000              6200                2780.4              835.271             3169.41             28.6037             
220000              7500                2183.63             664.166             252.384             4.99434             
133000              6200                4248.65             1201.54             2237.79             66.9074             
123000              10200               1869.17             610.19              236.581             30.6307             
446000              6100                4057.19             1231.46             2309.17             76.2736             
80000               9900                4295.9              614.21              119.8               0                   
321000              5900                2124.54             358.14              3917.69             9.01423             
229000              6300                4713.53             530.105             2159.86             31.9034             
263000              7100                4325.23             548                 128.398             0.206164            
80000               6800                4349.19             400.52              255.982             15.457              
135000              6900                4098.92             1184.81             2414.8              77.414              
82000               9250                1412.93             121.087             2111.77             51.1298             
134000              8350                973.236             1141.09             774.337             0                   
359000              6500                3499.5              814.559             3173.39             0                   
82000               9200                2243.11             544.86              250.126             0                   
133000              7800                4486.17             1212.98             229.559             0.468015            
80000               7300                4409.46             412.738             180.362             77.7858             
406000              7100                2739.24             1085.13             2093.34             32.9523             
135000              6400                4392.12             1101.95             1198.75             1.39766             
217000              7900                4037.59             548                 1034.28             41.891              
232000              6200                3163.05             850.563             3374.7              59.6875             
133000              6900                2268.96             1215.91             4620.61             33.9105             
80000               6400                4146.31             271.234             3063.08             76.9644             
82000               9850                1518.61             680.254             2288.15             37.0881             
321000              5900                2117.61             780.038             3756.37             18.3797             
182000              7600                2641.64             936.457             2716.2              32.9839             
274000              7100                2438.03             1154.63             2269.24             47.0867             
281000              6100                1999.45             1085.77             3740.37             0                   
80000               10300               3219.31             291.606             1535.44             0                   
316000              6300                4044.47             725.433             3026.05             48.1775             
82000               9250                1486.46             1121.12             2003.96             15.8098             
223000              7700                1818.47             991.018             792.271             48.3003             
133000              6900                2419.59             1215.09             4681.28             2.12016             
82000               8800                1115.86             121.087             3131.7              0                   
80000               6900                3483.88             227.274             3680.82             50.855              
82000               7500                1340.46             123.225             3148.52             26.3792             
269000              6600                1749.85             899.713             3826.24             10.81               
141000              5700                4361.72             406.186             2184.03             36.0435             
135000              9100                1033.2              126.924             31.8649             21.2215             
223000              7800                905.451             487.369             2666.79             0                   
82000               9200                1721.92             635.829             393.258             59.4144             
179000              7900                4647.12             600.35              264.106             0                   
80000               8800                2902.55             609.904             2310.74             0                   
173000              7800                1067.64             585.148             379.9               50.4092             
265000              7700                1831.51             199.862             90.0745             0                   
80000               6400                4188.21             315.495             3336.37             0                   
141000              7700                1159                156.301             1949.94             44.1627             
141000              5700                3108.96             327.466             3758.87             46.4723             
82000               9700                2040.62             173.511             136.091             0                   
272000              7100                4032.48             639.385             2904.34             31.9645             
133000              7500                2142.01             1226.26             990.555             69.0985             
80000               6600                4184.57             987.543             2377.69             19.5996             
120000              9850                1654.85             680.254             2027.48             21.0893             
280000              6000                3883.08             649.385             2568.21             50.587              
366000              5900                4386.61             1133.19             2940.41             18.3121             
82000               7000                1387.65             121.884             3233.64             1.15873             
80000               6700                3556.88             675.413             3845.28             34.854              
223000              8550                730.267             1185.67             292.513             0                   
220000              8000                794.981             875.959             143.735             21.6331             
173000              7400                1689.59             1129.11             199.53              0                   
312000              7200                1028.93             476.828             997.6               12.8482             
82000               10250               2106.32             296.65              101.07              33.0929             
222000              7600                4122.08             868.897             193.106             3.18121             
135000              8550                836.11              135.613             87.3567             0                   
131000              10000               2288.12             544.86              115.67              0                   
231000              6600                4326.98             295.032             181.926             80.3232             
80000               8100                3857.23             365.677             2647.78             19.8863             
80000               7100                4120.99             1151.32             2698.66             0                   
82000               9900                1848.01             725.103             241.823             16.8996             
265000              7700                1709.25             383.12              103.347             48.3003             
143000              7300                4108.21             1195.12             355.549             56.9731             
80000               8800                4232.96             578.24              219.835             97.1721             
359000              5900                1995.61             573.246             3723.33             0                   
359000              6900                3939.74             809.544             456.987             17.1298             
80000               9300                4198.65             956.844             299.494             36.8269             
80000               6700                4355.02             955.084             3143.53             0                   
359000              7100                2773.15             739.029             2604.33             7.77879             
181000              6100                4428.74             724.576             383.248             9.09407             
271000              6400                2274.09             802.356             3648.12             56.297              
141000              5700                3441.73             955.387             3700.54             25.437              
321000              6800                3141                1149.1              2172.05             62.4579             
228000              6000                4557.71             748.753             2359.78             34.0235             
80000               7300                3668.83             1051.12             1936.51             0                   
231000              7100                3915.9              595.406             417.421             109.272             
231000              6600                4241.1              287.611             264.395             6.78245             
141000              5900                2175.24             171.499             3900.26             25.4929             
173000              9950                1248.79             1049.52             -1.42109e-14        21.6331             
80000               10200               4033.98             689.693             1830.64             0                   
133000              6900                2365.43             1215.09             4000.51             59.4278             
82000               8900                1731.29             480.584             97.416              59.4144             
133000              6700                2363.11             1163.31             3866.69             78.8411             
141000              6400                2436.58             164.389             3875.93             0                   
270000              7700                1258.82             748.56              1651.46             58.0616             
80000               7700                4051.08             761.251             3346.73             0                   
82000               8200                1717.5              208.4               1222.64             18.624              
312000              7200                1041.25             128.311             833.87              5.33559             
80000               7200                3857.91             784.993             3474.52             65.4541             
265000              7200                1304.35             135.724             287.147             24.3811             
223000              7600                849.034             1085.27             1148.48             0                   
270000              7500                825.339             662                 2416.5              0                   
131000              9300                1178.56             780.091             2981.2              0                   
141000              5700                2311.7              639.385             4352.47             2.12016             
318000              7100                4061.81             694.14              125.734             37.3856             
319000              6100                2373.42             217.1               3150.15             17.6616             
281000              6550                4085.65             1223.63             1040.11             93.5632             
319000              6400                3827.69             611.73              769.564             41.8835             
319000              6600                1737.85             159.946             3610.82             0                   
80000               10900               4351.08             386.989             100.562             22.8453             
82000               9100                1642.62             769.034             141.719             65.7755             
80000               9900                4288.59             349.345             160.888             29.4096             
141000              5900                2800.52             225.213             3506.3              0                   
128000              9300                4261.11             614.21              56.0563             84.278              
175000              6400                4978.88             707.449             1040.65             28.0159             
80000               7900                3726.93             272.875             3046.34             60.5358             
82000               10250               1707.98             167.256             685.977             5.27168             
173000              7800                933.011             126.924             448.92              43.8269             
191000              6200                2051.79             551.042             4348.11             0                   
133000              6200                2729.6              1159.66             3649.15             0                   
359000              7100                3397.45             917.875             2313.11             39.8187             
321000              5900                2491.81             400.808             3703.95             0                   
82000               9400                1832.06             247.831             114.676             73.4079             
185000              7750                1711.84             1215.29             194.365             36.0091             
141000              5700                3395.55             415.283             3234.19             67.0309             
321000              6400                2062.41             252.394             3912.75             0                   
312000              6600                3907.4              728.986             597.398             59.1506             
176000              6700                4810.5              819.638             2508.29             0                   
133000              6400                2321.16             1234.46             4530.57             11.5914             
181000              6000                3527.54             739.029             3231.52             70.1963             
271000              5900                2037.31             820.942             4047.36             0                   
180000              7600                1287.59             761.662             3894.16             0                   
80000               6400                3634.96             230.839             3557.8              27.8612             
80000               6800                4217.03             309.474             434.056             53.0064             
129000              9700                1715.73             635.829             170.819             73.4079             
141000              6200                4350.56             330.714             2552.93             49.7947             
130000              9050                1429                680.254             2641.76             51.1298             
132000              7600                1288.9              722.18              4134.15             0                   
