650000              3400                3992.3              940.065             2847.74             151.799             
264000              4000                2513.75             686.162             2365.98             104.45              
355000              2950                4932.79             713.427             3048.03             23.6715             
455000              3050                3828                611.119             3006.96             145.858             
171000              3850                2690.35             839.235             2299.07             55.7224             
179000              3350                4289.46             839.647             4190.67             35.0824             
453000              3300                4319.88             887.32              1901.2              309.782             
659000              3100                4283.19             957.139             2331.54             166.546             
173000              3300                4730.78             956.873             2036.55             77.0032             
270000              3000                4235.53             693.097             3156.3              141.793             
361000              3150                4033.2              635.339             3523.85             37.7472             
186000              3450                3003.24             721.079             1574.61             304.479             
466000              3450                4671.33             953.367             2545.76             60.9042             
550000              3250                4248.44             865.236             2980.12             55.534              
264000              3600                2672.65             582.387             1953.91             0.195001            
376000              3350                3609.93             775.479             2423.32             260.052             
649000              3200                4920.83             714.401             618.885             75.5384             
171000              4150                2692.74             901.662             2289.41             1.20659             
355000              2950                4733.92             611.119             3293.99             53.038              
179000              3500                3882.44             912.747             770.116             191.821             
650000              3000                4925.98             628.173             2391.32             95.4841             
171000              3800                4295.66             839.277             1307.42             0                   
650000              3000                4471.01             942.982             2928.88             52.8383             
186000              3500                3523.75             596.37              647.567             121.88              
264000              3700                3409.81             554.911             824.237             344.645             
565000              3250                4845.3              703.153             2318.8              3.59655             
171000              3700                4363.22             718.175             202.648             144.424             
279000              3400                3065.18             686.162             1739.53             366.859             
358000              3850                2928.94             628.083             3030.03             0                   
171000              3900                3031.38             554.911             1282.78             22.4038             
270000              3200                4673.2              911.194             2845.98             4.61218             
186000              3450                3060.68             599.956             1299.12             364.892             
358000              3950                2523.61             575.627             3049.18             11.4975             
179000              3200                4506.93             945.124             1117.97             399.145             
186000              3400                3318.5              721.079             1666.99             403.627             
549000              2950                3879.38             852.785             4255.88             271.623             
358000              4350                2669.52             839.235             3275.68             0                   
644000              3150                4156.15             676.756             1399.34             166.103             
741000              3050                4752.74             628.173             2080.66             7.69428             
264000              4000                2685.09             623.502             1297.8              226.685             
556000              3200                4812.85             719.787             574.689             299.291             
369000              3350                4503.65             674.848             1357.67             307.393             
186000              3500                3565.15             733.918             493.253             170.671             
258000              3000                4630.47             938.088             3029.39             253.156             
743000              3350                4123.24             913.406             2627.89             102.389             
466000              3100                3842                955.101             2452.96             170.1               
553000              2950                4297.67             938.088             4012.9              22.5966             
264000              3700                3325.4              554.911             908.65              227.91              
834000              3100                4064.33             925.171             4028.83             116.22              
171000              3900                4114.98             647.577             415.981             12.3469             
186000              3500                3771.96             729.839             476.437             317.366             
171000              3600                3281.56             922.719             1379.72             211.243             
258000              3100                3651.96             938.088             3139.8              330.099             
650000              3150                4845.57             689.463             895.071             236.154             
264000              3950                3048.81             853.708             1076.87             13.9723             
457000              3200                4730.83             775.653             774.359             361.678             
270000              3650                4606.99             885.6               797.041             99.5695             
358000              3550                2734.43             628.083             2506.07             235.046             
649000              3200                4876.15             870.542             663.561             75.5384             
650000              3250                4620.39             628.173             2082.83             7.69428             
743000              2950                4319.95             948.12              3972.73             3.59655             
270000              3050                4710.01             932.688             2127.43             34.688              
171000              4000                3475.01             698.188             568.757             285.43              
270000              3000                4857.68             703.153             2603.73             3.59655             
362000              3400                3086.12             928.657             4084.38             1.17011             
264000              4250                2635.66             853.708             3869.55             0                   
171000              3900                4170.74             841.193             296.683             0                   
264000              3800                2514.06             554.911             2222.98             199.572             
179000              3350                4691.96             954.599             1198.22             311.128             
173000              3400                4795.4              907.593             3041.49             118.778             
270000              3350                3869.43             911.194             2036.83             313.36              
358000              3950                2455.64             771.139             2982.29             148.89              
455000              3100                4698.25             681.575             3653.15             3.59655             
275000              3350                4549.15             933.893             959.129             326.651             
650000              3000                4205.38             725.234             3149.29             120.11              
641000              3350                5051.31             692.956             751.417             81.0244             
171000              3650                2748.03             632                 1478.13             0.106842            
171000              4150                4160.51             856.546             296.683             28.7796             
355000              2950                4744.78             611.119             3211.57             201.52              
565000              3300                4730.21             911.194             2068.46             3.59655             
556000              3050                5403.26             885.6               1623.68             163.083             
565000              3450                4342.37             951.328             2335.99             21.3021             
556000              3100                5167.98             839.616             1291.14             209.419             
270000              3050                4824.15             748.082             2071.15             3.59655             
735000              3950                3861.62             570.831             1724.28             9.54911             
550000              3000                4967.35             636.482             2501.7              140.006             
264000              4000                3305.43             698.188             689.022             297.003             
457000              3350                4709.82             719.721             1076.37             111.091             
358000              3900                2486.59             686.162             3606.6              78.6799             
264000              3400                2980.75             918.545             4574.54             0.106842            
355000              3350                4811.84             681.575             3027.6              3.59655             
186000              3350                4131.13             596.37              2416.22             224.579             
171000              3650                2811.97             554.911             1548.94             309.454             
171000              3500                4057.72             947.468             1831.54             8.72458             
455000              3200                3565.01             611.119             3684.02             222.897             
650000              2950                4070.79             865.259             4114.11             126.455             
258000              3000                4695.39             938.088             2964.46             357.201             
171000              3550                3199.8              880.776             5395.57             0.106842            
171000              4100                2850.01             854.119             973.659             176.783             
373000              3400                3160.53             599.956             1447.3              307.416             
186000              3400                3877.74             596.37              2286.72             320.356             
550000              3150                4318.93             682.441             1267.28             284.446             
370000              3450                3803.34             730.331             621.465             261.168             
270000              3850                4386.84             851.294             506.495             0                   
744000              3350                4122.89             902.871             3333.08             3.59655             
171000              3550                3378.8              917.742             4048.63             0                   
729000              3100                4340.65             913.839             2109.84             332.636             
358000              3950                2425.17             573.486             3146.38             142.48              
171000              4250                2848.67             732.155             1137.75             74.4497             
264000              3900                3940.25             613.579             628.31              83.5083             
171000              3500                3102.38             917.742             3098.05             135.015             
171000              4000                3227.22             647.189             772.276             180.783             
370000              3450                3614.78             596.37              748.933             159.814             
650000              3050                4931.78             693.36              1878.17             194.958             
553000              3100                4377.72             839.616             4672.99             3.59655             
552000              3400                3582.29             869.268             4052.64             148.387             
355000              3300                3617.05             612.925             2761.03             329.8               
264000              4050                2701.72             571.964             1934.14             9.74411             
171000              3700                3520.06             573.486             668.855             261.905             
171000              4200                3075.13             901.662             1054.15             0                   
179000              3150                4090.99             649.821             2294.08             315.829             
743000              3100                4277.88             846.318             4752.17             3.59655             
186000              3500                3404.35             596.37              651.572             294.605             
171000              3700                3350.69             564.327             888.868             16.8623             
270000              3850                4667.42             906.885             425.776             24.9598             
358000              4100                2484.96             771.139             3367.53             19.7388             
460000              3200                4022.04             939.373             1518.56             367.785             
741000              3000                4377.46             725.234             3081.11             3.59655             
171000              3450                3872.79             602.593             3119.06             8.72458             
457000              3400                4594.98             775.653             897.274             337.463             
171000              3800                2956.79             946.588             857.814             135.419             
171000              3900                4457.38             894.725             189.844             169.976             
173000              3400                4410.93             929.691             3154.79             190.422             
262000              3600                3796.93             908.277             1195.51             49.5496             
550000              3250                4313.75             726.057             2814.84             73.2713             
171000              3400                4014.29             839.647             3932.4              8.72458             
264000              3900                2556.38             554.911             1684.78             103.138             
171000              3600                2599.64             564.327             1922.74             94.3442             
550000              3050                4586.91             839.616             2464.64             263.147             
644000              3150                4005.35             676.756             1649.51             257.317             
179000              3150                4294.86             890.756             1858.26             363.452             
171000              3950                4336.82             880.364             194.689             106.86              
650000              3000                4276.56             865.236             3223.17             3.59655             
171000              3700                2788.04             853.708             1396.17             0.106842            
171000              3900                2655.21             564.327             1530.87             277.304             
734000              3100                4940.82             896.673             1560.03             69.1999             
743000              3100                4238.07             948.12              4653.61             3.59655             
744000              3050                4324.83             678.333             2411.65             32.1973             
358000              3950                2520.75             841.18              3050.8              127.362             
463000              4100                2647.59             853.708             1747.78             0.106842            
360000              3100                4799.38             674.848             1550.31             252.792             
358000              3600                2627.36             564.327             1850.58             153.946             
264000              3700                3610.03             653.95              572.267             3.32062             
270000              2950                4763.22             931.067             3241.36             13.6647             
171000              3850                2565.9              554.911             2473.07             171.033             
363000              3550                3337.71             674.01              1952.77             41.8348             
270000              3000                4300.27             628.173             3090.19             7.69428             
741000              3350                3848.63             890.219             2189.47             293.798             
650000              3000                3947.94             925.171             3377.86             153.723             
171000              3850                3286.75             674.01              1424.87             0                   
173000              3400                4697.04             952.309             2938.13             43.3183             
455000              3050                3715.44             681.575             3147.5              237.315             
649000              3350                4643.99             853.596             847.699             291.322             
171000              3500                2978.72             850.866             3221.71             30.9171             
358000              4300                2737.14             628.083             2695.07             0                   
171000              3850                2633.77             632                 2421.21             41.6777             
171000              4000                2864.38             623.502             1135.71             308.389             
641000              3200                5024.2              871.968             594.488             149.968             
264000              4150                2505.57             898.631             2529.14             95.7918             
364000              3350                4262.4              628.173             3351.24             7.69428             
264000              4150                2457.78             854.119             3126.7              127.362             
556000              3100                5213.45             939.659             979.579             234.987             
264000              3700                4145.85             718.175             291.046             48.8715             
734000              3300                5030.85             897.599             1453.24             69.1999             
171000              3600                2663.34             643.221             1859.05             245.009             
171000              3950                4358.67             730.206             195.371             66.2104             
360000              3400                4728.87             887.32              759.126             395.237             
650000              2950                4662.92             895.445             3536.6              6.13703             
355000              3100                3824.69             925.171             2715.39             242.355             
649000              3050                4735.76             885.6               2182.83             215.792             
360000              3200                4355.96             887.32              1094.33             384.114             
457000              3400                4755.84             820.886             716.132             187.316             
552000              3150                4979.38             764.043             853.666             194.19              
741000              3050                4937.96             703.153             1894.6              3.59655             
650000              3000                4358.05             647.796             3141.68             3.59655             
264000              4050                3890.81             627.059             635.561             5.32494             
179000              3350                4690.28             784.599             1234.25             311.128             
358000              3550                2773.58             828.062             3103.91             62.5154             
355000              3050                3573                611.119             3262.32             254.827             
171000              3700                3974.22             900.563             535.259             0                   
264000              4250                2752.7              632                 2246.16             0                   
264000              3950                2551.17             854.119             3034.56             15.2054             
360000              3200                4601.52             853.708             836.635             405.004             
258000              3300                3780.58             903.691             3258.33             255.613             
275000              3150                4717.42             689.463             1161.09             237.858             
358000              3550                3093.1              850.866             4432.58             30.8102             
462000              3550                2937.79             850.866             5055.35             0.106842            
179000              3150                4605.44             649.821             1785.8              203.229             
382000              3650                3248.37             640.846             838.929             213.982             
171000              3950                2618.6              580.466             1373.9              154.438             
