0.05763689	0.00000000	0.38867168	0.07332235	0.18892192	0.00000000	
0.38040346	0.27027027	0.08874923	0.00695719	0.46146305	0.47318805	
0.00000000	0.18918919	0.12457205	0.21087132	0.03790263	0.00000000	
0.04899135	0.05405405	0.27064303	0.06767886	0.02354132	0.05193951	
0.05763689	0.05405405	0.24023132	0.05819660	0.00000000	0.47607106	
0.00000000	0.47297297	0.10542689	0.03029891	0.08386107	0.23113725	
0.00000000	0.18918919	0.18957394	0.04368013	0.00000000	0.00000000	
0.35158501	0.32432432	0.12505484	0.01012990	0.46736266	0.00000000	
0.27953890	0.27027027	0.10149706	0.11262464	0.07018728	0.00000000	
0.00000000	0.29729730	0.05662041	0.01370816	0.30058207	0.51991643	
0.32276657	0.63513514	0.02166005	0.02706069	0.00008245	0.00000000	
0.30259366	0.00000000	0.54672337	0.12329798	0.03399092	0.00000000	
0.00000000	0.29729730	0.11153264	0.02062854	0.21464216	0.40289011	
0.30835735	0.00000000	0.38028128	0.47481829	0.07779206	0.14263767	
0.00000000	0.40540541	0.06050564	0.02414410	0.20690651	0.00000000	
0.32276657	0.00000000	0.26393628	0.47494620	0.11209508	0.00000000	
0.32853026	0.00000000	0.25998917	0.10484479	0.09168181	0.21422151	
0.07204611	0.27027027	0.12335558	0.01687151	0.58784619	0.00000000	
0.04899135	0.37837838	0.42362145	0.07510337	0.00000000	0.00000000	
0.00000000	0.05405405	0.10436373	0.03031981	0.23553157	0.45832280	
0.02881844	0.05405405	0.31194274	0.05952870	0.02749344	0.00000000	
0.33141210	0.50000000	0.03776292	0.02461486	0.02324847	0.00000000	
0.68299712	0.29729730	0.05600382	0.01894766	0.29115563	0.00000000	
0.00000000	0.37837838	0.08838239	0.02310431	0.24535111	0.12000095	
0.38040346	0.27027027	0.08436782	0.00624153	0.63512364	0.71641101	
0.32276657	0.32432432	0.11063284	0.00790962	0.68165120	0.11847967	
0.32276657	0.10810811	0.10293987	0.02751803	0.04635659	0.37009494	
0.05763689	0.05405405	0.30382552	0.05973086	0.00021366	0.03398186	
0.00000000	0.29729730	0.10770428	0.02064445	0.21572673	0.26472031	
0.00000000	0.10810811	0.16246487	0.18183869	0.00000000	0.00000000	
0.05763689	0.45945946	0.14803116	0.03146660	0.01055089	0.46962181	
0.34582133	0.13513514	0.03391003	0.03443061	0.04408594	0.55695713	
0.30259366	0.37837838	0.05132694	0.41274300	0.19352226	0.09478374	
0.65417867	0.68918919	0.24378818	0.19975748	0.00000000	0.00000000	
0.07204611	0.00000000	0.42145835	0.39074617	0.06315479	0.14120999	
0.38040346	0.63513514	0.01834793	0.02515737	0.00031290	0.00000000	
0.33141210	0.05405405	0.08335261	0.02996698	0.18508093	0.00000000	
0.32276657	0.50000000	0.02038839	0.02859869	0.00008245	0.00000000	
0.00000000	0.05405405	0.66774023	0.33486655	0.00000000	0.95959843	
0.32276657	0.50000000	0.05033403	0.02801655	0.00000000	0.12046302	
0.00000000	0.13513514	0.11418858	0.15996290	0.03911602	0.00000000	
0.32853026	0.51351351	0.04194753	0.01388505	0.21234515	0.00000000	
0.07204611	0.00000000	0.60949804	0.10907195	0.01769696	0.00000000	
0.05763689	0.45945946	0.10652015	0.02917770	0.07679100	0.00000000	
0.12103746	0.45945946	0.10356483	0.02360845	0.06777881	0.12000095	
0.27953890	0.00000000	0.33192360	0.06779366	0.17540348	0.00000000	
0.05763689	0.18918919	0.31883904	0.20792167	0.00000000	0.00000000	
0.00000000	0.55405405	0.08958938	0.18305505	0.02486853	0.00000000	
0.38040346	0.45945946	0.20373281	0.20499697	0.00000000	0.00000000	
0.00000000	0.37837838	0.11291358	0.01086801	0.59302276	0.19746611	
0.32276657	0.00000000	0.09472230	0.02722166	0.33139995	0.00000000	
0.12103746	0.00000000	0.30918311	0.06224064	0.22716444	0.00000000	
0.07204611	0.00000000	0.51867547	0.39023142	0.03654857	0.34631449	
0.00000000	0.05405405	0.34597821	0.19330131	0.00000000	0.40327715	
0.32276657	0.55405405	0.06225230	0.01989323	0.15140591	0.00000000	
0.32276657	0.32432432	0.10892800	0.00713563	0.80211894	0.14306499	
0.27953890	0.00000000	0.20423177	0.03686239	0.18737163	0.33939962	
0.32276657	0.63513514	0.02090910	0.02706069	0.01208791	0.09478374	
0.12103746	0.00000000	0.27706545	0.06490078	0.22724654	0.25535686	
0.32276657	0.50000000	0.01889373	0.02776230	0.00008245	0.12188754	
0.30259366	0.00000000	0.49891761	0.39439307	0.05151137	0.40990806	
0.05763689	0.37837838	0.13167295	0.02510278	0.14258901	0.47984661	
0.38040346	0.05405405	0.07788074	0.04645446	0.00000000	0.00000000	
0.06340058	0.10810811	0.11959579	0.05287506	0.05058404	0.27267582	
0.04899135	0.05405405	0.29472152	0.23044322	0.00000000	0.43833923	
0.02881844	0.40540541	0.07429879	0.02254964	0.20750642	0.00000000	
0.32276657	0.37837838	0.08547948	0.01886000	0.11883331	0.14801468	
0.32276657	0.55405405	0.05704579	0.02709188	0.00034000	0.28832067	
0.05763689	0.00000000	0.73541534	0.14135716	0.02834879	0.17280418	
0.05763689	0.00000000	0.42205487	0.08507260	0.17944970	0.30765734	
0.32276657	0.37837838	0.06506656	0.01319467	0.31124621	0.00000000	
0.33141210	0.05405405	0.08680355	0.02975328	0.16671903	0.00000000	
0.32276657	0.05405405	0.08387611	0.03864747	0.00271715	0.09478374	
0.00000000	0.32432432	0.11212583	0.00724857	0.69647681	0.00000000	
0.65417867	0.77027027	0.05080121	0.02437933	0.00180812	0.00000000	
0.32276657	0.13513514	0.03854900	0.03269544	0.01663370	0.00000000	
0.00000000	0.05405405	0.13412930	0.03263960	0.27611689	0.00000000	
0.32276657	0.50000000	0.04672030	0.02706069	0.00624068	0.09478374	
0.00000000	0.37837838	0.12000611	0.02092647	0.18419686	0.70156946	
0.39481268	0.54054054	0.17323301	0.11547633	0.00000000	0.87909545	
0.30259366	0.28378378	0.08347415	0.03076811	0.01365937	0.00000000	
0.05763689	0.00000000	0.18813949	0.03398668	0.24674037	0.50284746	
0.40922190	0.18918919	0.51953959	0.11818577	0.00000000	0.00000000	
0.32276657	0.50000000	0.02408853	0.02077360	0.23867793	0.00000000	
0.32276657	0.13513514	0.04410729	0.03041652	0.00008245	0.24299311	
0.12103746	0.45945946	0.07469907	0.02687850	0.17002799	0.00000000	
0.00000000	0.05405405	0.15083818	0.02979259	0.37373921	0.00000000	
0.32276657	0.32432432	0.05971734	0.01322680	0.32877298	0.00000000	
0.32276657	0.27027027	0.11634221	0.01348074	0.70087665	0.18584839	
0.32276657	0.63513514	0.04170725	0.02475369	0.01462560	0.00000000	
0.40922190	0.18918919	0.51412625	0.14643880	0.00000000	0.00000000	
0.05763689	0.40540541	0.05134645	0.03991188	0.16167823	0.09478374	
0.65417867	0.55405405	0.08739840	0.02137820	0.08307898	0.26250750	
0.00000000	0.32432432	0.14407122	0.02310431	0.21229463	0.00000000	
0.00000000	0.05405405	0.27948500	0.05660526	0.00361558	0.26292297	
0.32276657	0.43243243	0.06895346	0.00813954	0.56015414	0.09717860	
0.33717579	0.00000000	0.33205182	0.10070062	0.09768230	0.35945073	
0.39481268	0.45945946	0.04993151	0.02692716	0.00860338	0.00000000	
0.00000000	0.40540541	0.10270851	0.02495834	0.13450668	0.16296799	
0.33717579	0.77027027	0.24178117	0.08486546	0.00000000	0.00000000	
0.05763689	0.45945946	0.15125184	0.22232489	0.01049649	0.15615897	
0.30259366	0.27027027	0.15081253	0.01344330	0.54084028	0.29439236	
0.64841499	0.32432432	0.10942027	0.08231076	0.00000000	0.00000000	
0.32276657	0.45945946	0.07709745	0.02964222	0.01654750	0.65703690	
0.32276657	0.05405405	0.07795433	0.03031981	0.20850732	0.41168131	
0.00000000	0.45945946	0.05120484	0.02423988	0.19745166	0.00000000	
0.00000000	0.60810811	0.18914076	0.02726627	0.08909068	0.10268238	
0.00000000	0.55405405	0.08503515	0.24411676	0.07184255	0.00000000	
0.32276657	0.47297297	0.25517236	0.12256892	0.00000000	0.09889853	
0.32276657	0.00000000	0.09085491	0.03031981	0.34580720	0.66261335	
0.34870317	0.32432432	0.91562772	0.21002526	0.00000000	0.00000000	
0.00000000	0.50000000	0.04137219	0.48127914	0.22799010	0.26142697	
0.35158501	0.32432432	0.05316781	0.02030316	0.19227193	0.35666369	
0.30259366	0.05405405	0.10255408	0.03841973	0.00000000	0.47959780	
0.05763689	0.05405405	0.21208474	0.26880119	0.04486471	0.00000000	
0.32276657	0.50000000	0.02357674	0.02713119	0.00008245	0.13336940	
0.00000000	0.55405405	0.11668061	0.02662393	0.12746029	0.12000095	
0.32276657	0.40540541	0.04793398	0.01608692	0.18365694	0.00000000	
0.00000000	0.68918919	0.13004950	0.03121921	0.03753937	0.00000000	
0.30259366	0.05405405	0.09423003	0.03857665	0.02415796	0.10954630	
0.05763689	0.05405405	0.20896998	0.05057898	0.05969474	0.28218184	
0.33141210	0.05405405	0.06605557	0.02912217	0.21452850	0.10268238	
0.32276657	0.50000000	0.03833269	0.02846672	0.00000000	0.00000000	
0.05763689	0.00000000	0.85358894	0.17584454	0.00000000	0.00000000	
0.32276657	0.50000000	0.02282579	0.02713119	0.01208791	0.22815314	
0.04899135	0.60810811	0.33218005	0.11539865	0.00000000	0.00000000	
0.00000000	0.37837838	0.08572924	0.01800209	0.26242322	0.00000000	
0.27953890	0.00000000	0.40131582	0.07026538	0.13299933	0.27274020	
0.04899135	0.40540541	0.10272300	0.00423901	0.75880246	0.00000000	
0.32276657	0.05405405	0.07711306	0.03033978	0.19297919	0.00000000	
0.05763689	0.13513514	0.35188773	0.23689035	0.00000000	0.44720941	
0.32276657	0.40540541	0.05199650	0.01167507	0.24258206	0.00000000	
0.39481268	0.10810811	0.33612716	0.13719302	0.00000000	0.13371931	
0.00000000	0.05405405	0.09921576	0.27992907	0.08706236	0.12182948	
0.00000000	0.05405405	0.64212861	0.39063074	0.00000000	0.71241035	
0.05763689	0.10810811	0.19339171	0.06163168	0.00842251	0.00000000	
0.06340058	0.18918919	0.71756414	0.19949886	0.00000000	0.25546665	
0.30259366	0.50000000	0.07447719	0.03721492	0.00035630	0.00000000	
0.33717579	0.10810811	0.20193654	0.17817088	0.00000000	0.64642112	
0.00000000	0.29729730	0.11832915	0.02061357	0.21271772	0.00000000	
0.32276657	0.10810811	0.10630941	0.02751803	0.03066617	0.00000000	
0.32276657	0.72972973	0.01662581	0.02403304	0.01720992	0.29421424	
0.00000000	0.32432432	0.10601394	0.02126776	0.20646606	0.35009360	
0.32276657	0.51351351	0.09166273	0.00867114	0.50259934	0.00000000	
0.34870317	0.51351351	0.75382404	0.28806206	0.00000000	0.00000000	
0.32276657	0.27027027	0.11719574	0.00914127	0.66173743	0.00000000	
0.05763689	0.05405405	0.30257672	0.23001864	0.00000000	0.00000000	
0.06340058	0.10810811	0.28026550	0.06066957	0.00000000	0.00000000	
0.32276657	0.05405405	0.10840673	0.02945535	0.20076851	0.49803324	
0.39481268	0.32432432	0.76883198	0.18339665	0.00000000	0.00000000	
0.05763689	0.45945946	0.18921658	0.05188488	0.00000000	0.00000000	
0.34582133	0.05405405	0.07577505	0.03479779	0.02706183	0.09037590	
0.33141210	0.45945946	0.12105031	0.17593283	0.00000000	0.47891457	
0.05763689	0.10810811	0.23427163	0.04986457	0.00847590	0.26289335	
0.34582133	0.13513514	0.03747971	0.03443061	0.04246350	0.75124404	
0.00000000	0.37837838	0.09050424	0.45525793	0.16032370	0.04803284	
0.28530259	0.00000000	0.15904739	0.59960842	0.20042751	0.61732647	
0.05763689	0.05405405	0.25256325	0.05057898	0.01252601	0.00000000	
0.00000000	0.55405405	0.08279232	0.03510071	0.09603193	0.00000000	
0.00000000	0.35135135	0.14985753	0.02672563	0.18797312	0.20052644	
0.05763689	0.00000000	0.46338804	0.08051819	0.10589851	0.00000000	
0.32276657	0.32432432	0.07240551	0.01808132	0.15509835	0.00000000	
0.07204611	0.27027027	0.12803246	0.01450150	0.59995327	0.50564358	
0.32276657	0.05405405	0.08979733	0.03856792	0.00000000	0.00000000	
0.00000000	0.05405405	0.23452808	0.18671411	0.00189291	0.45444062	
0.30259366	0.00000000	0.60027697	0.41599058	0.03231717	0.01138503	
0.04899135	0.10810811	0.16570618	0.03562326	0.04491192	0.14802613	
0.05763689	0.54054054	0.13376246	0.03157860	0.04178671	0.39541800	
0.05763689	0.27027027	0.23325697	0.02342876	0.66494535	0.85730704	
0.30259366	0.27027027	0.13028254	0.01738782	0.52478013	0.55780228	
0.32276657	0.00000000	0.11558735	0.44287282	0.13341737	0.79458390	
0.65417867	0.77027027	0.02635198	0.02569770	0.00000000	0.00000000	
0.28530259	0.00000000	0.30543112	0.48801764	0.15595195	0.31054864	
0.35158501	0.32432432	0.09209480	0.00961640	0.56067354	0.00000000	
0.34870317	0.60810811	0.69473445	0.28868288	0.00000000	0.00000000	
0.00000000	0.50000000	0.04631054	0.44293210	0.19492415	0.00000000	
0.05763689	0.00000000	0.40056319	0.07304501	0.18699906	0.40243989	
0.30259366	0.00000000	0.62230943	0.12359092	0.00139463	0.00000000	
0.05763689	0.40540541	0.15828472	0.02548993	0.13036400	0.26217576	
0.00000000	0.29729730	0.04737871	0.01075102	0.35926881	0.55195333	
0.34293948	0.00000000	0.36849012	0.10647482	0.03905524	0.46934141	
0.27953890	0.45945946	0.09884781	0.04361243	0.07585988	0.00000000	
0.67723343	0.32432432	0.11260751	0.00965446	0.43980323	0.00000000	
0.33141210	0.59459459	0.01300763	0.02790425	0.00292442	0.11153913	
0.05763689	0.05405405	0.22272354	0.30768482	0.00028140	0.22074184	
0.06340058	0.51351351	0.63333681	0.29970781	0.00000000	0.28520584	
0.00000000	0.47297297	0.10696671	0.02691812	0.13314236	0.00000000	
0.35158501	0.50000000	0.04267117	0.02040735	0.14883957	0.00000000	
0.00000000	0.55405405	0.08907815	0.26703857	0.06455383	0.00000000	
0.33141210	0.18918919	0.06877283	0.02913371	0.06958611	0.10268238	
0.32276657	0.13513514	0.08961280	0.02956703	0.03481926	0.12000095	
0.04899135	0.18918919	0.44358001	0.24768505	0.00000000	0.50934805	
0.32276657	0.40540541	0.10190069	0.00646646	0.78513208	0.18584839	
0.12103746	0.29729730	0.95979856	0.46936822	0.00000000	0.00000000	
0.00000000	0.13513514	0.09435714	0.02720170	0.23686084	0.31689639	
0.00000000	0.47297297	0.13821188	0.03029891	0.07483451	0.05319856	
0.35158501	0.40540541	0.05254006	0.00826152	0.48383802	0.00000000	
0.33141210	0.40540541	0.04144076	0.01485745	0.19527620	0.38553205	
0.05763689	0.32432432	0.09423226	0.02797132	0.22115274	0.24000150	
0.32276657	0.00000000	0.29577520	0.47093430	0.10519757	0.20929907	
0.28530259	0.00000000	0.17334061	0.47518954	0.13341737	0.32378835	
0.32276657	0.54054054	0.02011633	0.02249504	0.03324387	0.12019723	
0.36599424	0.00000000	0.28120768	0.49881484	0.05640788	0.00000000	
0.06340058	0.60810811	0.05032511	0.35669492	0.16784464	0.12000095	
0.34870317	0.45945946	0.95574553	0.18234813	0.00000000	0.33255229	
0.32276657	0.13513514	0.05460895	0.03224215	0.00000000	0.00000000	
0.32853026	0.18918919	0.57974418	0.15583339	0.00000000	0.21442529	
0.34582133	0.00000000	0.29735293	0.09986548	0.00489619	0.37230301	
0.33141210	0.32432432	0.10999282	0.00892196	0.50472901	0.09478374	
0.00000000	0.10810811	0.14729525	0.04343025	0.02175801	0.00000000	
0.04899135	0.60810811	0.05990689	0.38514323	0.15256816	0.61546239	
0.38040346	0.50000000	0.00740864	0.02643051	0.00000000	0.39764541	
0.36599424	0.00000000	0.40379670	0.07212970	0.00000000	0.02427250	
0.05763689	0.00000000	0.13601811	0.03331657	0.29115563	0.00000000	
0.30259366	0.27027027	0.13300482	0.01529857	0.54389665	0.00000000	
0.05763689	0.00000000	0.75035081	0.14437981	0.02329314	0.00000000	
0.00000000	0.50000000	0.09285969	0.03891763	0.02356421	0.00000000	
0.00000000	0.05405405	0.09689154	0.02722166	0.23686084	0.12000095	
0.63400576	0.54054054	0.13360525	0.11445090	0.00000000	0.34974132	
0.07204611	0.82432432	0.29282044	0.09264374	0.00000000	0.00000000	
0.07204611	0.29729730	0.05012942	0.01401327	0.41910326	0.00000000	
0.06340058	0.47297297	0.03493806	0.01754193	0.15419043	0.29310330	
0.00000000	0.05405405	0.21652803	0.18305505	0.01132172	0.00000000	
0.04899135	0.13513514	0.10569783	0.02625019	0.11713399	0.23154008	
0.38040346	0.54054054	0.15254803	0.20257018	0.00000000	0.38997662	
0.00000000	0.47297297	0.06627132	0.02203489	0.22141322	0.00000000	
0.00000000	0.47297297	0.09025225	0.02100914	0.17480357	0.09478374	
0.04899135	0.45945946	0.08866003	0.01323335	0.30634749	0.00000000	
0.32276657	0.37837838	0.05334175	0.01023378	0.31349902	0.00000000	
0.32276657	0.40540541	0.09026340	0.01668121	0.17854983	0.11153913	
0.63976945	0.24324324	0.23185207	0.12842922	0.00000000	0.58834634	
0.60230548	0.00000000	0.10500486	0.03719245	0.32993965	0.09478374	
0.00000000	0.47297297	0.10879698	0.02691812	0.11755187	0.00000000	
0.32276657	0.54054054	0.08367596	0.02706069	0.00000000	0.00000000	
0.00000000	0.43243243	0.07640001	0.00980607	0.56744302	0.00000000	
0.07204611	0.32432432	0.04491790	0.01691831	0.43474191	0.22116205	
0.00000000	0.37837838	0.09631006	0.02310431	0.22788907	0.61934457	
0.32276657	0.45945946	0.03216672	0.01172717	0.41010465	0.00000000	
0.38040346	0.41891892	0.07092535	0.02141969	0.16303749	0.00000000	
0.33141210	0.40540541	0.03222415	0.01509018	0.19590768	0.00000000	
0.32276657	0.37837838	0.11854601	0.02600124	0.10983959	0.00000000	
0.32276657	0.32432432	0.05540618	0.01101713	0.32989071	0.00000000	
0.32276657	0.00000000	0.10280440	0.04020668	0.14573695	0.10268238	
1.00000000	1.00000000	0.15711063	0.07774324	0.00000000	0.00000000	
0.32276657	0.00000000	0.19618479	0.04050742	0.13798614	0.31186060	
0.33141210	0.54054054	0.04338310	0.02445139	0.01735674	0.07295228	
0.34582133	0.13513514	0.03281956	0.03458784	0.02968974	0.31942316	
0.33141210	0.50000000	0.03486336	0.01611967	0.19304707	0.27829334	
0.28818444	0.18918919	0.70627474	0.39905075	0.00000000	0.23167277	
0.30259366	0.05405405	0.10008491	0.03857665	0.00059639	0.00000000	
0.32276657	0.50000000	0.02252250	0.02776230	0.00000000	0.12188754	
0.32276657	0.00000000	0.11992806	0.44530305	0.13341737	0.47028925	
0.05763689	0.13513514	0.22786593	0.03986383	0.02202213	0.00000000	
0.34582133	0.13513514	0.03604582	0.03443061	0.04408594	0.45332691	
0.05763689	0.13513514	0.12718673	0.15871971	0.03738166	0.17310275	
0.32276657	0.00000000	0.53527786	0.48584947	0.00000000	0.00000000	
0.34582133	0.55405405	0.06616819	0.10844583	0.00000000	0.41094278	
0.27953890	0.77027027	0.10197651	0.04125552	0.00193325	0.00000000	
0.34582133	0.13513514	0.03419045	0.03458753	0.04400653	0.43695697	
0.32276657	0.32432432	0.05261867	0.02300448	0.31611020	0.00000000	
0.07204611	0.40540541	0.10879921	0.25158402	0.05418080	0.00000000	
0.00000000	0.10810811	0.21409788	0.05078893	0.00000000	0.04932230	
0.06340058	0.37837838	0.08211440	0.02341191	0.17721741	0.00000000	
0.33717579	0.00000000	0.33064692	0.09915295	0.09807951	0.00000000	
0.65417867	0.63513514	0.00000000	0.02470720	0.00063687	0.22571601	
0.30259366	0.27027027	0.18053238	0.01808725	0.53242421	0.52694228	
0.38040346	0.05405405	0.06295586	0.04545835	0.00000000	0.14620549	
0.00000000	0.77027027	0.59394375	0.27009586	0.00000000	0.00000000	
0.00000000	0.68918919	0.10671193	0.03440159	0.02054067	0.00000000	
0.32276657	0.32432432	0.05034573	0.01951981	0.40443395	0.00000000	
0.32276657	0.40540541	0.07093817	0.02170920	0.16788569	0.66209204	
0.04899135	0.55405405	0.16840951	0.03556367	0.04305710	0.04534375	
0.32276657	0.45945946	0.06073032	0.02609078	0.02519043	0.40496351	
0.12103746	0.18918919	0.50269747	0.29739613	0.00000000	0.07908320	
0.00000000	0.35135135	0.03859416	0.01226375	0.36058703	0.00000000	
0.04899135	0.10810811	0.25702884	0.06560583	0.01631291	0.00000000	
0.38040346	0.50000000	0.02078589	0.02669537	0.00027244	0.00000000	
0.32276657	0.63513514	0.02413536	0.01864006	0.04813074	0.33263759	
0.38040346	0.50000000	0.01407580	0.02723570	0.00000000	0.10089334	
0.00000000	0.43243243	0.05812177	0.01664347	0.34156838	0.00000000	
0.07204611	0.00000000	0.55923928	0.13686264	0.02593384	0.17696637	
0.00000000	0.37837838	0.09470446	0.36319008	0.12532620	0.07295228	
0.05763689	0.00000000	0.54288776	0.10777323	0.08438804	0.22033901	
0.05763689	0.05405405	0.34809114	0.23992361	0.00000000	0.35147547	
0.27953890	0.13513514	0.10861970	0.03888051	0.00000000	0.00000000	
0.32853026	0.00000000	0.28742382	0.11978398	0.08215654	0.00000000	
0.32276657	0.40540541	0.04368471	0.01089203	0.26994258	0.00000000	
0.30835735	0.00000000	0.71502751	0.14278191	0.00119645	0.41527519	
0.00000000	0.55405405	0.13103293	0.03281243	0.01398811	0.17863298	
0.27953890	0.29729730	0.08470009	0.02338664	0.30365896	0.18588275	
0.32276657	0.13513514	0.05207009	0.03224215	0.00000000	0.24235056	
0.00000000	0.55405405	0.14580171	0.20740255	0.00835982	0.48939212	
0.65417867	0.50000000	0.00160059	0.01976252	0.23011030	0.00000000	
0.33141210	0.05405405	0.07934529	0.03490573	0.00000000	0.00000000	
0.36023055	0.05405405	0.23409323	0.30777529	0.00000000	0.88907538	
0.30259366	0.63513514	0.02507921	0.03048952	0.06164223	0.24818015	
0.00000000	0.32432432	0.10455997	0.00678030	0.69737825	0.45121402	
0.00000000	0.32432432	0.06259572	0.01609596	0.29639535	0.00000000	
0.32276657	0.10810811	0.07846333	0.02720170	0.34436426	0.37009494	
0.67723343	0.55405405	0.01967367	0.01724463	0.44588282	0.09303458	
0.30259366	0.05405405	0.10092506	0.03841973	0.00011802	0.27326269	
0.04899135	0.60810811	0.30097669	0.11606439	0.00000000	0.39244890	
0.00000000	0.13513514	0.11087591	0.02913371	0.06528035	0.21422151	
0.32853026	0.00000000	0.38354267	0.17357155	0.05712240	0.13826380	
0.32276657	0.72972973	0.00797339	0.02709188	0.01829307	0.00000000	
0.65417867	0.82432432	0.16749521	0.06290139	0.00000000	0.17473500	
0.00000000	0.37837838	0.09316464	0.02496894	0.17514615	0.00000000	
0.00000000	0.13513514	0.09467324	0.02722166	0.23678191	0.00000000	
0.38040346	0.05405405	0.06146120	0.04462196	0.00000000	0.29675168	
0.00000000	0.32432432	0.08895829	0.02619092	0.25353669	0.09478374	
0.32276657	0.67567568	0.04660992	0.02460987	0.00147685	0.00000000	
0.38040346	0.55405405	0.04064075	0.02076924	0.10073457	0.00000000	
0.33141210	0.27027027	0.11672243	0.01035295	0.64421223	0.00000000	
0.30259366	0.50000000	0.03918344	0.02541568	0.03286088	0.12000095	
0.65417867	0.77027027	0.00891668	0.02437933	0.00215528	0.09478374	
0.32276657	0.13513514	0.05027493	0.03244712	0.00000000	0.00000000	
0.06340058	0.63513514	0.13442310	0.02259830	0.09660342	0.25854949	
0.36599424	0.50000000	0.01788075	0.02534923	0.00033237	0.16821033	
0.32276657	0.00000000	0.27606752	0.05860466	0.09237549	0.42411772	
0.05763689	0.55405405	0.07453127	0.03889892	0.07370384	0.36355960	
0.05763689	0.05405405	0.19523871	0.05819660	0.01147794	0.31552558	
0.34582133	0.00000000	0.44559816	0.69284927	0.00000000	0.02254633	
0.05763689	0.00000000	0.32261890	0.50062425	0.14156996	0.35732994	
0.28530259	0.24324324	0.15353202	0.02732991	0.08909068	0.10268238	
0.02881844	0.27027027	0.55283916	0.09709895	0.00000000	0.13404711	
0.33141210	0.32432432	0.10074555	0.01019603	0.64784483	0.46954678	
0.00000000	0.05405405	0.61115382	0.21531311	0.00000000	0.00000000	
0.36023055	0.41891892	0.04243646	0.02075333	0.17990436	0.00000000	
0.32276657	0.13513514	0.04773607	0.03244712	0.00000000	0.24299311	
0.32276657	0.00000000	0.20459638	0.04020668	0.12290226	0.58519478	
0.27953890	0.00000000	0.36041750	0.12327053	0.16151562	0.04538561	
0.32276657	0.18918919	0.31193717	0.08780950	0.00000000	0.41630991	
0.06340058	0.50000000	0.13292398	0.02601903	0.03530187	0.00000000	
0.05763689	0.13513514	0.21958146	0.03953845	0.03911791	0.33505339	
0.32853026	0.00000000	0.41167977	0.08122448	0.06489594	0.00000000	
0.32276657	0.32432432	0.10139281	0.00828274	0.70507601	0.30432806	
0.32276657	0.63513514	0.01184078	0.02256274	0.04819641	0.00000000	
0.32276657	0.37837838	0.08125083	0.00701428	0.51837690	0.00000000	
0.12103746	0.18918919	0.52474108	0.22314225	0.00000000	0.00000000	
0.32276657	0.63513514	0.02180500	0.02077360	0.03261555	0.00000000	
0.38040346	0.50000000	0.03304869	0.02495335	0.00000000	0.29675168	
0.12103746	0.18918919	0.58011214	0.28066531	0.00000000	0.00000000	
0.00000000	0.40540541	0.16548207	0.00503672	0.83626946	0.10268238	
0.02881844	0.24324324	0.67556755	0.19766948	0.00000000	0.00000000	
0.35158501	0.37837838	0.07685215	0.02714897	0.13320267	0.10268238	
0.38040346	0.10810811	0.06455366	0.02675215	0.10265854	0.00000000	
0.27953890	0.54054054	0.11408433	0.03498528	0.06391399	0.09478374	
0.00000000	0.05405405	0.34313495	0.19171121	0.00000000	0.76550504	
0.65417867	0.45945946	0.09367085	0.14419263	0.00000000	0.34874964	
0.33141210	0.29729730	0.09641041	0.01701284	0.27253955	0.05871852	
0.33141210	0.27027027	0.11860009	0.01019603	0.64278824	0.59451913	
0.32276657	0.00000000	0.11379610	0.47374201	0.14558476	0.00000000	
0.33717579	0.00000000	0.39344947	0.07352918	0.00000000	0.00000000	
0.05763689	0.54054054	0.14584742	0.03260279	0.01565122	0.00000000	
0.04899135	0.40540541	0.09826076	0.00294685	0.77424376	0.32384443	
0.00000000	0.37837838	0.11404586	0.01086801	0.57849553	0.00000000	
0.00000000	0.45945946	0.11339470	0.01086801	0.40411979	0.19746611	
0.33141210	0.27027027	0.12998037	0.01654832	0.64045808	0.17863298	
0.32276657	0.05405405	0.08313240	0.03864747	0.00000000	0.13336940	
0.12103746	0.37837838	0.11933376	0.02524784	0.04941312	0.00000000	
0.07204611	0.00000000	0.60963742	0.39074617	0.00964190	0.15193082	
0.36599424	0.18918919	0.72924937	0.20458049	0.00000000	0.15321633	
0.40634006	0.18918919	0.43917017	0.25431030	0.00000000	0.93971754	
0.00000000	0.18918919	0.14478761	0.03953751	0.04195548	0.00000000	
0.05763689	0.37837838	0.13279966	0.02510278	0.13524220	0.00000000	
0.06340058	0.37837838	0.05033570	0.44999192	0.16812407	0.00000000	
0.00000000	0.37837838	0.07800562	0.00827026	0.65733284	0.13511066	
0.32276657	0.37837838	0.02917238	0.01479194	0.40638838	0.00000000	
0.32276657	0.05405405	0.07133288	0.03368157	0.02848377	0.00000000	
0.69740634	0.60810811	0.26325613	0.07774324	0.00000000	0.24564785	
0.00000000	0.05405405	0.21413746	0.03996709	0.07896203	0.24818015	
0.04899135	0.10810811	0.08497606	0.03295094	0.10496629	0.00000000	
0.32276657	0.50000000	0.02720496	0.02713119	0.00000000	0.25961581	
0.30259366	0.00000000	0.40575910	0.42383656	0.07751215	0.42834350	
0.60230548	0.18918919	0.37856975	0.12162553	0.00000000	0.00000000	
0.12103746	0.18918919	0.49002546	0.29187119	0.00000000	0.94292044	
0.60230548	0.18918919	0.44321206	0.10867014	0.00000000	0.09038301	
0.27953890	0.00000000	0.39853946	0.48644532	0.12876272	0.00013288	
0.36599424	0.00000000	0.28073938	0.07026600	0.05607825	0.16185508	
0.06340058	0.10810811	0.17580700	0.04737320	0.01615725	0.12000095	
0.32276657	0.13513514	0.04878083	0.03244712	0.00000000	0.12188754	
0.32276657	0.63513514	0.02379417	0.02622430	0.00000000	0.12188754	
0.32276657	0.50000000	0.02507084	0.02796758	0.00008245	0.00000000	
0.34582133	0.13513514	0.03300409	0.03443061	0.04408594	0.65646030	
0.63400576	0.54054054	0.24428993	0.09412091	0.00000000	0.59582636	
0.30259366	0.59459459	0.04444179	0.04007940	0.00787881	0.14291176	
0.62536023	0.68918919	0.33948889	0.14532008	0.00000000	0.00000000	
0.30259366	0.54054054	0.02842143	0.03598576	0.00030944	0.14479203	
0.34582133	0.05405405	0.07549463	0.03464087	0.02836457	0.21037645	
0.32276657	0.00000000	0.41986947	0.11043712	0.05493621	0.00000000	
0.07204611	0.00000000	0.32276942	0.06138865	0.27790557	0.00000000	
0.32276657	0.45945946	0.05867648	0.02817160	0.04031584	0.13060843	
0.32276657	0.37837838	0.05126673	0.01023378	0.31408630	0.00000000	
0.27953890	0.18918919	0.09200169	0.26976205	0.10307089	0.00000000	
0.62536023	0.77027027	0.04223687	0.08231076	0.00000000	0.00000000	
0.34582133	0.13513514	0.03632624	0.03458753	0.04400653	0.33332517	
0.32276657	0.40540541	0.05462902	0.02842055	0.17978912	0.00000000	
0.00000000	0.50000000	0.14128371	0.03635950	0.04805464	0.00000000	
0.27953890	0.54054054	0.07034443	0.23421678	0.08493569	0.00000000	
0.00000000	0.29729730	0.19130331	0.03031451	0.11411061	0.13604152	
0.38040346	0.00000000	0.31735608	0.06179140	0.08030488	0.42411772	
0.32276657	0.54054054	0.09376563	0.02585867	0.01462560	0.50013823	
0.32276657	0.00000000	0.32368930	0.11025587	0.09895663	0.21574753	
0.36599424	0.00000000	0.42598526	0.07026600	0.01331522	0.12318173	
0.32276657	0.37837838	0.06009532	0.01319467	0.31265442	0.00000000	
0.32276657	0.50000000	0.02252195	0.02776230	0.00000000	0.24813395	
0.68299712	0.37837838	0.08828650	0.01894766	0.10279257	0.56810211	
0.36599424	0.00000000	0.29844005	0.07026600	0.05106697	0.37487797	
0.34582133	0.00000000	0.37372506	0.11265428	0.00000000	0.64727023	
0.34582133	0.00000000	0.24610181	0.07030094	0.05376087	0.09478374	
0.34582133	0.13513514	0.03356550	0.03474476	0.02838715	0.53646014	
0.32276657	0.45945946	0.03180992	0.01172717	0.42631952	0.13455775	
0.30259366	0.00000000	0.70211577	0.14570942	0.00000000	0.21486327	
0.32276657	0.40540541	0.04010945	0.01465062	0.19569298	0.00000000	
0.00000000	0.13513514	0.09580664	0.12604829	0.05948177	0.00000000	
0.30259366	0.55405405	0.22706871	0.15247818	0.00000000	0.20062913	
0.32276657	0.40540541	0.03372048	0.01608692	0.19821101	0.00000000	
0.32276657	0.50000000	0.01963743	0.02859869	0.01208791	0.09478374	
0.05763689	0.29729730	0.09593821	0.01989448	0.30715263	0.00000000	
0.38904899	0.00000000	0.79629451	0.44822618	0.00000000	0.18629467	
0.05763689	0.37837838	0.08031925	0.40959213	0.13919527	0.20632286	
0.32276657	0.60810811	0.26366868	0.09273203	0.00000000	0.09889853	
0.32276657	0.74324324	0.53660472	0.28803711	0.00000000	0.00000000	
0.32276657	0.45945946	0.06573947	0.02735612	0.01705032	0.00000000	
0.34582133	0.32432432	0.43776527	0.41794974	0.00000000	0.29059311	
0.69740634	0.45945946	0.70781344	0.18946910	0.00000000	0.00000000	
0.00000000	0.05405405	0.34407713	0.19223688	0.00000000	0.59104768	
0.34293948	0.00000000	0.36870755	0.36578565	0.03338422	0.34920935	
0.65994236	0.59459459	0.05677763	0.02108308	0.01435765	0.00000000	
0.32276657	0.77027027	0.07704337	0.02410448	0.01739858	0.00000000	
0.34582133	0.13513514	0.03328451	0.03458753	0.04400653	0.53646014	
0.04899135	0.05405405	0.37637320	0.06024685	0.02224457	0.05439402	
0.00000000	0.32432432	0.06670506	0.63215911	0.25424395	0.53463556	
0.32276657	0.54054054	0.07156034	0.02737827	0.00000000	0.00000000	
0.06340058	0.10810811	0.25454238	0.05405929	0.00051092	0.00000000	
0.39481268	0.00000000	0.74396742	0.50309191	0.00000000	0.00000000	
0.32276657	0.13513514	0.04923073	0.03244712	0.00000000	0.12110557	
0.04899135	0.59459459	0.10572627	0.01323335	0.27337468	0.44802297	
0.69740634	0.32432432	0.71099120	0.21002526	0.00000000	0.00000000	
0.34582133	0.00000000	0.32366700	0.11446650	0.00182836	0.18445191	
0.38040346	0.45945946	0.07411927	0.02402119	0.02724875	0.34097224	
0.32276657	0.45945946	0.03500664	0.02270624	0.05374697	0.00000000	
0.32276657	0.13513514	0.07561728	0.02904168	0.32769631	0.00000000	
0.32276657	0.29729730	0.08176764	0.01885469	0.30465828	0.23058197	
0.33141210	0.68918919	0.22885829	0.06399296	0.00000000	0.00000000	
0.00000000	0.05405405	0.27368699	0.06114376	0.00000000	0.00000000	
0.28818444	0.18918919	0.68749251	0.38853744	0.00000000	0.00000000	
0.32276657	0.32432432	0.11606792	0.00723359	0.67321776	0.41700499	
0.06340058	0.37837838	0.08036608	0.40534313	0.17735160	0.18318931	
0.38040346	0.45945946	0.05770587	0.02455683	0.01989546	0.00000000	
0.00000000	0.32432432	0.06734619	0.63215911	0.25406240	0.00000000	
0.05763689	0.05405405	0.30537537	0.22754661	0.00000000	0.20793735	
0.32276657	0.54054054	0.09001364	0.02609078	0.01926319	0.31500032	
0.34582133	0.32432432	0.40327265	0.39864831	0.00000000	0.00000000	
0.32276657	0.63513514	0.34476286	0.20681044	0.00000000	0.00000000	
0.32276657	0.13513514	0.04398910	0.03041652	0.00947039	0.09478374	
0.11527378	0.10810811	0.20109806	0.05460929	0.00817270	0.00000000	
0.06340058	0.05405405	0.22757603	0.04958848	0.00017210	0.29846529	
0.34293948	0.00000000	0.48198629	0.39941575	0.00000000	0.00000000	
0.33141210	0.59459459	0.00937941	0.02790425	0.00359479	0.00000000	
0.00000000	0.47297297	0.08893376	0.02712776	0.10272232	0.33529193	
0.00000000	0.41891892	0.61802782	0.41524498	0.00000000	0.00000000	
0.32276657	0.13513514	0.04249444	0.03041652	0.00947039	0.21667127	
0.30259366	0.50000000	0.03281398	0.44256709	0.25810546	0.00000000	
0.38040346	0.37837838	0.07628684	0.01894766	0.10342531	0.49287147	
0.00000000	0.50000000	0.15634295	0.03280962	0.04438226	0.39138297	
0.00000000	0.29729730	0.06257007	0.01128262	0.31249497	0.00000000	
0.35158501	0.27027027	0.12963026	0.01161237	0.53887479	0.18868203	
0.07204611	0.00000000	0.41881021	0.39074617	0.07865466	0.41803182	
0.30259366	0.37837838	0.05720858	0.02269158	0.15942384	0.36982125	
0.34582133	0.13513514	0.03776069	0.03458784	0.02806746	0.75124404	
0.02881844	0.51351351	0.99269673	0.19458661	0.00000000	0.00000000	
0.33141210	0.00000000	0.10437600	0.02913371	0.22764437	0.21422151	
0.06340058	0.32432432	0.87311822	0.18234813	0.00000000	0.31651330	
0.06340058	0.37837838	0.08084274	0.40534313	0.17721741	0.00000000	
0.27953890	0.00000000	0.29932091	0.07554387	0.16222446	0.38975111	
0.00000000	0.05405405	0.66001883	0.43083400	0.00000000	0.00246899	
0.32276657	0.00000000	0.09353315	0.02720170	0.34740485	0.41168131	
0.36599424	0.00000000	0.29535707	0.07026600	0.05194015	0.53673265	
0.36599424	0.00000000	0.43168850	0.07026600	0.00000000	0.00000000	
0.00000000	0.10810811	0.18780666	0.04343025	0.02155768	0.53997504	
0.00000000	0.10810811	0.16213148	0.03984823	0.07422813	0.00000000	
0.32276657	0.13513514	0.04515205	0.03041652	0.00008245	0.12188754	
0.07204611	0.00000000	0.42431833	0.09001760	0.06268749	0.00000000	
0.06340058	0.37837838	0.08163774	0.02341191	0.17735160	0.18318931	
0.32276657	0.50000000	0.03043345	0.02859869	0.00000000	0.00000000	
0.65417867	0.32432432	0.05297491	0.00139980	0.84577641	0.00000000	
0.00000000	0.45945946	0.13588208	0.02468505	0.18571241	0.09478374	
0.32276657	0.32432432	0.05646041	0.01417144	0.31408630	0.00000000	
0.00000000	0.13513514	0.21250677	0.06006778	0.00776800	0.13343101	
0.30835735	0.00000000	0.36101960	0.53564884	0.11402868	0.00000000	
0.32276657	0.37837838	0.02958215	0.01509798	0.21201678	0.00000000	
0.31412104	0.00000000	0.33186785	0.06942026	0.10321045	0.28719590	
0.32276657	0.00000000	0.09992156	0.46789262	0.16130407	0.41454456	
0.33141210	0.29729730	0.06271892	0.01701003	0.29763621	0.00000000	
0.32276657	0.00000000	0.50318807	0.08537272	0.00906713	0.88757859	
0.32276657	0.43243243	0.04106947	0.01097346	0.34431217	0.12000095	
0.30259366	0.00000000	0.36381826	0.42383656	0.08606099	0.00000000	
0.32276657	0.05405405	0.10225024	0.02720170	0.41979158	0.19689544	
0.32276657	0.59459459	0.01950642	0.02353639	0.00073792	0.12000095	
0.00000000	0.05405405	0.11029388	0.02896650	0.14752593	0.20102011	
0.30259366	0.00000000	0.41534255	0.10873908	0.10448084	0.07688857	
0.62536023	0.45945946	0.04012896	0.02350582	0.04537242	0.00000000	
0.33141210	0.55405405	0.62326833	0.38448810	0.00000000	0.18535433	
0.66858790	0.55405405	0.06289900	0.02040080	0.04400227	0.00000000	
0.33717579	0.00000000	0.37977396	0.07126087	0.01626570	0.43315772	
0.42363112	0.37837838	0.10719305	0.02393259	0.11521855	0.00000000	
0.00000000	0.29729730	0.14745526	0.02594852	0.19012331	0.00000000	
0.32276657	0.32432432	0.10921344	0.00713563	0.80211894	0.00000000	
0.05763689	0.00000000	0.61883062	0.10886418	0.05967138	0.17280418	
0.38040346	0.32432432	0.06584484	0.00624153	0.64036809	0.00000000	
0.00000000	0.45945946	0.12909283	0.04005819	0.07817158	0.07123590	
0.35158501	0.32432432	0.10029620	0.01055168	0.51282460	0.58481959	
0.06340058	0.10810811	0.22629378	0.04737320	0.01047724	0.39086443	
0.27953890	0.32432432	0.06458655	0.01368352	0.29260803	0.30289090	
0.32276657	0.00000000	0.31063261	0.39596227	0.10502770	0.00000000	
0.04899135	0.32432432	0.07095322	0.01306614	0.21411488	0.52148431	
0.00000000	0.13513514	0.13785062	0.03111221	0.05470651	0.00000000	
0.27953890	0.45945946	0.09860084	0.04495202	0.03418746	0.00000000	
0.39481268	0.37837838	0.05970396	0.01771383	0.12910641	0.00000000	
0.32276657	0.50000000	0.04233388	0.02722260	0.00180812	0.00000000	
0.04899135	0.37837838	0.05171552	0.01388505	0.21234515	0.00000000	
0.32853026	0.00000000	0.38407229	0.17386667	0.05712240	0.00000000	
0.05763689	0.00000000	0.82744212	0.16766132	0.00487234	0.09885707	
0.30259366	0.27027027	0.12080891	0.02110585	0.52530583	0.12000095	
0.04899135	0.45945946	0.10637854	0.00570089	0.75814730	0.53279912	
0.04899135	0.37837838	0.05512575	0.01549636	0.21137898	0.68357240	
0.33141210	0.32432432	0.09348130	0.02983096	0.00350163	0.00000000	
0.32853026	0.00000000	0.15829420	0.04809666	0.12069933	0.21422151	
0.32276657	0.40540541	0.04537226	0.02630198	0.16625647	0.06181716	
0.00000000	0.18918919	0.08246005	0.14032018	0.02751744	0.09037590	
0.00000000	0.10810811	0.59856544	0.34062235	0.00000000	0.35734811	
0.07204611	0.00000000	0.66186416	0.14543021	0.00040032	0.12207237	
0.33141210	0.27027027	0.21694671	0.02556886	0.47601870	0.00000000	
0.30259366	0.54054054	0.01576447	0.03048952	0.44070151	0.38477615	
0.00000000	0.32432432	0.12538712	0.11105638	0.01433378	0.30722765	
0.00000000	0.37837838	0.07243060	0.01505181	0.25477124	0.34548079	
0.04899135	0.45945946	0.08761527	0.01323335	0.30664429	0.44802297	
0.32276657	0.00000000	0.40685738	0.42095086	0.00035505	0.09478374	
0.32276657	0.00000000	0.39618680	0.47654347	0.03009057	0.26690665	
0.00000000	0.29729730	0.05054198	0.02116107	0.40271790	0.00000000	
0.06340058	0.10810811	0.27570514	0.05083479	0.01212764	0.00000000	
0.00000000	0.32432432	0.08756454	0.02181090	0.24785651	0.33314864	
0.32276657	0.05405405	0.08238200	0.03864747	0.00271715	0.22815314	
0.04899135	0.13513514	0.11792496	0.02802872	0.08721581	0.34255079	
0.32276657	0.59459459	0.00335895	0.02772611	0.01838685	0.23209377	
0.00000000	0.45945946	0.07151518	0.01654270	0.21094168	0.00000000	
0.32276657	0.00000000	0.80337478	0.44135666	0.00000000	0.20902262	
0.32276657	0.13513514	0.04664615	0.03041652	0.00008245	0.00000000	
0.00000000	0.55405405	0.08648075	0.03121921	0.04238473	0.27108188	
0.07204611	0.27027027	0.12645696	0.00966039	0.67183482	0.11887065	
0.00000000	0.05405405	0.24192612	0.04649065	0.02864511	0.13770576	
0.27953890	0.54054054	0.08342732	0.04678826	0.07576689	0.18552257	
0.00000000	0.05405405	0.10687082	0.03631801	0.08489465	0.21560338	
0.35158501	0.32432432	0.03702981	0.01742339	0.37330506	0.22989440	
0.65417867	0.54054054	0.05523056	0.02038801	0.12142649	0.16870794	
0.32853026	0.00000000	0.33909864	0.36790703	0.06752369	0.00000000	
0.07204611	0.64864865	0.06637056	0.03920776	0.12839031	0.00000000	
0.32276657	0.00000000	0.47517919	0.08438316	0.02105186	0.77594310	
0.61671470	0.45945946	0.79909874	0.21002526	0.00000000	0.00000000	
0.27953890	0.67567568	0.30056414	0.14720187	0.00000000	0.12416906	
0.39481268	0.55405405	0.02599462	0.02333143	0.08606589	0.00000000	
0.32276657	0.00000000	0.39669413	0.09614589	0.01030808	0.26690665	
0.30259366	0.50000000	0.09788724	0.04286527	0.00000000	0.29947948	
0.00000000	0.40540541	0.13791139	0.00401845	0.69594320	0.17207079	
0.32276657	0.45945946	0.07565798	0.00646646	0.63915249	0.30432806	
0.07204611	0.00000000	0.63436819	0.13843870	0.00323636	0.38509644	
0.30259366	0.68918919	0.17994422	0.08875788	0.00000000	0.18248910	
0.32276657	0.27027027	0.10517768	0.00828274	0.70403722	0.30432806	
0.42363112	0.45945946	0.22579760	0.10684076	0.00000000	0.00000000	
0.00000000	0.18918919	0.12548022	0.04368013	0.03680148	0.11847967	
0.05763689	0.05405405	0.33241420	0.24671420	0.00000000	0.00000000	
0.32276657	0.51351351	0.07563735	0.00790557	0.52025082	0.64033917	
0.00000000	0.40540541	0.12942900	0.00647925	0.68245792	0.00000000	
0.05763689	0.05405405	0.21019091	0.05057898	0.05934901	0.09478374	
0.00000000	0.05405405	0.14904023	0.05311184	0.02429720	0.02129798	
0.08645533	0.00000000	0.28732347	0.09061065	0.27073036	0.00000000	
0.32276657	0.27027027	0.02078143	0.02904168	0.04820604	0.00000000	
0.04899135	0.60810811	0.70431233	0.17857956	0.00000000	0.00000000	
0.00000000	0.05405405	0.27952403	0.06049643	0.01892566	0.00000000	
0.32276657	0.59459459	0.05987901	0.01928115	0.11774069	0.17310275	
0.27953890	0.00000000	0.18935205	0.03686239	0.21960561	0.00000000	
0.32276657	0.27027027	0.13698538	0.01327453	0.62606503	0.35861505	
0.32276657	0.60810811	0.34062620	0.08714376	0.00000000	0.00000000	
0.00000000	0.37837838	0.04484598	0.01741091	0.34544410	0.27829334	
0.30835735	0.00000000	0.63238906	0.11614862	0.01481713	0.11887065	
0.32276657	0.13513514	0.04324539	0.03041652	0.00194528	0.12188754	
0.34582133	0.00000000	0.36242451	0.11446650	0.00000000	0.00000000	
0.65417867	0.37837838	0.03978220	0.01042065	0.38930523	0.00000000	
0.35158501	0.32432432	0.04046123	0.01758186	0.35827107	0.00000000	
0.32276657	0.40540541	0.03255809	0.01121211	0.37591308	0.00000000	
0.32276657	0.40540541	0.06365553	0.01668121	0.18114364	0.11153913	
0.34582133	0.00000000	0.23960134	0.06710889	0.06299076	0.59666756	
0.27953890	0.77027027	0.06663481	0.10935428	0.07053665	0.12000095	
0.32276657	0.40540541	0.10142403	0.00646646	0.78526627	0.28302739	
0.32853026	0.00000000	0.41817466	0.10495773	0.04796608	0.25232299	
0.05763689	0.55405405	0.08567349	0.21646614	0.08361637	0.00000000	
0.32276657	0.50000000	0.02615630	0.01636925	0.15576266	0.00000000	
0.32276657	0.05405405	0.08462706	0.03864747	0.00000000	0.00000000	
0.32276657	0.63513514	0.01700993	0.02801156	0.03044767	0.00000000	
0.32276657	0.13513514	0.05356419	0.03224215	0.00000000	0.12046302	
0.32276657	0.13513514	0.04560195	0.03041652	0.00008245	0.12110557	
0.33717579	0.32432432	0.33651184	0.14882972	0.00000000	0.11629214	
0.32276657	0.50000000	0.01368722	0.02972395	0.00000000	0.00000000	
0.02881844	0.24324324	0.50478810	0.25420485	0.00000000	0.00000000	
0.32276657	0.32432432	0.05377939	0.01465062	0.32368798	0.00000000	
0.00000000	0.32432432	0.06727706	0.02396378	0.23800224	0.26855392	
0.32276657	0.37837838	0.03976937	0.00822003	0.36141427	0.12000095	
0.00000000	0.37837838	0.04643375	0.01741091	0.34499417	0.58481959	
0.36599424	0.00000000	0.45470774	0.47917336	0.00000000	0.02567834	
0.65417867	0.37837838	0.03819443	0.01042065	0.39043242	0.36709780	
0.00000000	0.24324324	0.52587281	0.19911264	0.00000000	0.00000000	
0.38040346	0.50000000	0.01527498	0.02899894	0.00000000	0.00000000	
0.04899135	0.13513514	0.29289291	0.05925480	0.00396201	0.00000000	
0.07204611	0.00000000	0.71567421	0.43457137	0.00543665	0.09119262	
0.00000000	0.05405405	0.55309561	0.24150778	0.00000000	1.00000000	
0.05763689	0.68918919	0.39957641	0.20747867	0.00000000	0.08052550	
0.00000000	0.10810811	0.11545634	0.04595999	0.08499537	0.00000000	
0.00000000	0.45945946	0.05087090	0.01966425	0.25371508	0.00000000	
0.05763689	0.55405405	0.06756751	0.30459946	0.10568728	0.09478374	
0.32276657	0.40540541	0.03500552	0.01465062	0.19677755	0.00000000	
0.32276657	0.00000000	0.34979152	0.08372709	0.09679507	0.22986320	
0.32276657	0.37837838	0.05623797	0.01123395	0.31267810	0.00000000	
0.06340058	0.29729730	0.10758052	0.01803359	0.21237514	0.29310330	
0.65994236	0.45945946	0.05924290	0.02108308	0.02976394	0.28945965	
0.32276657	0.40540541	0.06123931	0.01465062	0.18179407	0.00000000	
0.68299712	0.29729730	0.05586054	0.02018274	0.21727702	0.22061112	
0.04899135	0.32432432	0.13947239	0.02490405	0.16574812	0.00000000	
0.00000000	0.47297297	0.09045741	0.02482606	0.14364248	0.20793498	
0.32276657	0.50000000	0.01989110	0.01609815	0.24024558	0.12000095	
0.07204611	0.27027027	0.12010089	0.01687151	0.61826308	0.30956842	
0.27953890	0.45945946	0.07519191	0.23160530	0.08364510	0.00000000	
0.36023055	0.05405405	0.26527429	0.32621881	0.00000000	0.36675895	
0.32276657	0.32432432	0.04950892	0.01976377	0.37481273	0.17631433	
0.65417867	0.55405405	0.08736161	0.02648604	0.00000000	0.14287661	
0.35158501	0.37837838	0.04688811	0.01742339	0.19268239	0.55011690	
0.02881844	0.10810811	0.43383488	0.26730063	0.00000000	0.00000000	
0.32276657	0.29729730	0.07957721	0.01841419	0.13550095	0.31547976	
0.32276657	0.59459459	0.04295661	0.02796758	0.00000000	0.00000000	
0.00000000	0.55405405	0.10266837	0.03280838	0.03613117	0.33557550	
0.00000000	0.43243243	0.06200644	0.01663848	0.34251718	0.00000000	
0.32276657	0.29729730	0.08691895	0.01958282	0.23717974	0.10268238	
0.62536023	0.00000000	0.26787225	0.07805677	0.09861848	0.07686803	
0.32276657	0.63513514	0.02016539	0.02622430	0.00008245	0.12188754	
0.00000000	0.37837838	0.07719055	0.01606102	0.29564072	0.12957805	
0.12103746	0.05405405	0.48394869	0.35874454	0.00000000	0.97870525	
0.35158501	0.32432432	0.04450591	0.01657109	0.35712651	0.55084358	
0.43804035	0.54054054	0.21365076	0.10793078	0.00000000	0.00000000	
0.66858790	0.45945946	0.06952546	0.02040080	0.04400227	0.16002614	
0.00000000	0.05405405	0.18381718	0.03686239	0.02879177	0.39138297	
0.00000000	0.29729730	0.10698622	0.02310431	0.25595369	0.71652159	
0.38040346	0.18918919	0.45998728	0.27756124	0.00000000	0.18496690	
0.12103746	0.00000000	0.44086497	0.07489217	0.16329482	0.24694046	
0.00000000	0.37837838	0.08684592	0.03352777	0.23048288	0.00000000	
0.32276657	0.72972973	0.01033385	0.02403304	0.03324387	0.12019723	
0.33141210	0.00000000	0.09100098	0.41272740	0.18392532	0.00000000	
0.00000000	0.40540541	0.19258333	0.00600225	0.83133285	0.00000000	
0.34582133	0.55405405	0.10569783	0.10844583	0.00000000	0.00000000	
0.00000000	0.05405405	0.62962942	0.41382553	0.00000000	0.11821269	
0.32276657	0.32432432	0.10179922	0.00810523	0.57822715	0.18139277	
0.12103746	0.10810811	0.17437366	0.04003604	0.03372285	0.10298924	
0.05763689	0.00000000	0.65771078	0.12615061	0.04783536	0.00000000	
0.06340058	0.32432432	0.05848358	0.01432836	0.18280444	0.00000000	
0.00000000	0.05405405	0.26087003	0.06854831	0.00000000	0.00000000	
0.12680115	0.18918919	0.69000127	0.14732073	0.00000000	0.00000000	
0.02881844	0.32432432	0.56596275	0.17793067	0.00000000	0.00000000	
0.00000000	0.05405405	0.64134811	0.35431460	0.00000000	0.00000000	
0.00000000	0.18918919	0.16164925	0.15649881	0.00000000	0.09033127	
0.06340058	0.47297297	0.19396482	0.04085246	0.00961096	0.33599294	
0.00000000	0.47297297	0.54956105	0.37978675	0.00000000	0.00000000	
0.07204611	0.55405405	0.11701623	0.03766041	0.00000000	0.35146243	
0.05763689	0.13513514	0.17951327	0.03986383	0.02462399	0.12838101	
0.36599424	0.00000000	0.27962438	0.07026600	0.07164458	0.30574192	
0.68011527	0.32432432	0.79883114	0.19654983	0.00000000	0.08653163	
0.32276657	0.40540541	0.04927199	0.01465062	0.19294130	0.00000000	
0.06340058	0.29729730	0.05841222	0.01275542	0.35752592	0.10268238	
0.04899135	0.05405405	0.24670949	0.04822394	0.03373580	0.03075092	
0.62536023	0.00000000	0.26791685	0.42435755	0.09860616	0.00000000	
0.32276657	0.37837838	0.05489550	0.01226407	0.31341535	0.11153913	
0.05763689	0.18918919	0.38759013	0.20754419	0.00000000	0.22546089	
0.32276657	0.63513514	0.03166163	0.02475369	0.01470804	0.00000000	
0.32276657	0.50000000	0.04522564	0.02622430	0.00624068	0.21667127	
0.32276657	0.63513514	0.02943664	0.02706069	0.00000000	0.00000000	
0.32276657	0.13513514	0.04473950	0.03041652	0.00194528	0.00000000	
0.32276657	0.50000000	0.01814333	0.02776230	0.01208791	0.21667127	
0.32276657	0.63513514	0.02379361	0.02622430	0.00000000	0.24813395	
0.32276657	0.63513514	0.01941499	0.02622430	0.01208791	0.21667127	
0.38040346	0.37837838	0.06362877	0.01011929	0.58979747	0.00000000	
0.60230548	0.54054054	0.03587467	0.01416332	0.18347539	0.12000095	
0.30259366	0.72972973	0.02736998	0.03038033	0.01492459	0.00000000	
0.30259366	0.50000000	0.08731032	0.04264003	0.00000000	0.32349649	
0.00000000	0.47297297	0.12300881	0.03024806	0.10271174	0.17167823	
0.38040346	0.13513514	0.01884913	0.02904168	0.00000000	0.29675168	
0.32276657	0.59459459	0.04146250	0.02713119	0.00000000	0.13336940	
0.36599424	0.00000000	0.44178485	0.46282002	0.00000000	0.36867674	
0.32276657	0.63513514	0.04905623	0.02562782	0.01426572	0.00000000	
0.32276657	0.24324324	0.30871481	0.08679966	0.00000000	0.00000000	
0.30259366	0.54054054	0.02310286	0.03577175	0.36298034	0.28264510	
0.32276657	0.40540541	0.05572451	0.01465062	0.18181302	0.00000000	
0.36599424	0.00000000	0.27760622	0.58864276	0.10288350	0.00000000	
0.27953890	0.00000000	0.27699855	0.07832599	0.18938922	0.00000000	
0.05763689	0.27027027	0.26942210	0.02547527	0.56550121	0.14430547	
0.32276657	0.63513514	0.01249361	0.02470720	0.00224383	0.22351348	
0.34582133	0.00000000	0.37820180	0.61550004	0.00000000	0.00000000	
0.36599424	0.00000000	0.28382236	0.07026600	0.05520522	0.00000000	
0.36599424	0.00000000	0.42761874	0.46401486	0.00000000	0.16956731	
0.12103746	0.18918919	0.54046263	0.33370603	0.00000000	0.61965262	
0.32276657	0.40540541	0.06975738	0.01465062	0.17922078	0.00000000	
0.32276657	0.40540541	0.03936686	0.01709114	0.19610818	0.11153913	
0.32276657	0.29729730	0.08280905	0.01676264	0.26394035	0.27862745	
0.38040346	0.13513514	0.01812270	0.02904168	0.00000000	0.43033001	
0.05763689	0.13513514	0.17878684	0.03986383	0.03910828	0.22316475	
0.31412104	0.00000000	0.49102896	0.11683963	0.00224122	0.00000000	
0.28818444	0.18918919	0.75602617	0.38403887	0.00000000	0.79100976	
0.63976945	0.18918919	0.28374431	0.14109011	0.00000000	0.49445910	
0.30259366	0.50000000	0.05548144	0.03774433	0.00050703	0.00000000	
0.00000000	0.40540541	0.07347592	0.02797132	0.11692244	0.43195318	
0.00000000	0.55405405	0.07190878	0.02583621	0.14834244	0.00000000	
0.00000000	0.50000000	0.08514331	0.02508063	0.16359793	0.19761816	
0.00000000	0.18918919	0.12031106	0.14143827	0.01433378	0.41890462	
0.00000000	0.05405405	0.18288225	0.07408355	0.06337028	0.00000000	
0.00000000	0.50000000	0.09379741	0.02567555	0.13473622	0.42915311	
0.00000000	0.40540541	0.04931993	0.01649341	0.19547354	0.12000095	
0.00000000	0.55405405	0.07676796	0.02501792	0.13107000	0.00000000	
0.00000000	0.55405405	0.06821366	0.41537601	0.16046262	0.12000095	
0.27953890	0.00000000	0.39082364	0.08605998	0.13161055	0.14366134	
0.05763689	0.10810811	0.40488940	0.18367118	0.00000000	0.13966502	
0.00000000	0.50000000	0.04465141	0.01665033	0.19539460	0.00000000	
0.00000000	0.24324324	0.62827469	0.17409815	0.00000000	0.00000000	
0.63976945	0.32432432	0.29404137	0.12480167	0.00000000	0.00000000	
0.39481268	0.72972973	0.46105768	0.27419199	0.00000000	0.27169758	
0.32276657	0.50000000	0.01286992	0.02634878	0.01603584	0.27854452	
0.00000000	0.18918919	0.09315572	0.03576895	0.02261730	0.27233144	
0.32276657	0.00000000	0.31808083	0.44533736	0.09501840	0.00000000	
0.33141210	0.45945946	0.09599954	0.02648448	0.00411349	0.00000000	
0.00000000	0.35135135	0.05277588	0.01534662	0.35657080	0.12000095	
0.00000000	0.29729730	0.04841511	0.01194617	0.35780535	0.22186779	
0.00000000	0.47297297	0.09537123	0.03100052	0.08499537	0.00000000	
0.00000000	0.45945946	0.07450562	0.01674018	0.19502203	0.64085653	
0.00000000	0.05405405	0.36636047	0.25446753	0.00000000	0.00000000	
0.65417867	0.63513514	0.00721017	0.02297142	0.01665548	0.00000000	
0.05763689	0.05405405	0.24502026	0.05819660	0.00000000	0.22074184	
0.00000000	0.41891892	0.16845522	0.03358923	0.03111578	0.00000000	
0.97118156	0.37837838	0.19063264	0.11141920	0.00000000	0.18405422	
0.05763689	0.45945946	0.08085166	0.24653669	0.05798311	0.00000000	
0.33141210	0.55405405	0.66471300	0.38605106	0.00000000	0.48260718	
0.05763689	0.05405405	0.13014706	0.29784225	0.07787210	0.24480269	
0.32276657	0.40540541	0.07792311	0.00723359	0.63811370	0.30432806	
0.05763689	0.40540541	0.05266884	0.02772518	0.14848689	0.23810859	
0.36023055	0.32432432	0.04820549	0.01388599	0.25496226	0.00000000	
0.27953890	0.45945946	0.07369446	0.03002531	0.09928548	0.12000095	
0.07204611	0.32432432	0.05239567	0.02073742	0.25410187	0.36619459	
0.27953890	0.45945946	0.07008296	0.35264246	0.14562502	0.00000000	
0.00000000	0.24324324	0.55021333	0.30954727	0.00000000	0.00000000	
0.38040346	0.05405405	0.06041700	0.04462196	0.00000000	0.45444457	
0.33141210	0.32432432	0.04057440	0.02726690	0.31309803	0.54379009	
0.00000000	0.24324324	0.52586724	0.24266018	0.00000000	0.51671353	
0.60230548	0.32432432	0.22668961	0.11410368	0.00000000	0.25717789	
0.38040346	0.13513514	0.02233295	0.02904168	0.00000000	0.00000000	
0.32276657	0.00000000	0.52909517	0.09588134	0.05652439	0.12898329	
0.30259366	0.00000000	0.13038623	0.03447771	0.21856682	0.00000000	
0.05763689	0.05405405	0.27117265	0.32852425	0.00000000	0.73834950	
0.32276657	0.51351351	0.06394208	0.00790557	0.52356137	0.28302739	
0.06340058	0.51351351	0.61371833	0.32783168	0.00000000	0.14700997	
0.33141210	0.37837838	0.12989061	0.02503695	0.06218152	0.32928265	
0.00000000	0.10810811	0.45373769	0.20832722	0.00000000	0.00000000	
0.05763689	0.00000000	0.11703407	0.03420568	0.37148324	0.21365439	
0.97118156	0.24324324	0.19148394	0.14511793	0.00000000	0.24827928	
0.00000000	0.37837838	0.08023562	0.00827026	0.65670136	0.58632824	
0.05763689	0.00000000	0.85328789	0.17567795	0.00000000	0.17839168	
0.33141210	0.18918919	0.63574522	0.38439451	0.00000000	0.32995600	
0.27953890	0.72972973	0.10047795	0.05321105	0.00000000	0.31223342	
0.00000000	0.32432432	0.08028636	0.02181090	0.27886857	0.16675855	
0.05763689	0.00000000	0.43121462	0.12315354	0.14840227	0.00000000	
0.33141210	0.54054054	0.19549126	0.00244583	0.91672810	0.00000000	
0.05763689	0.00000000	0.77702168	0.15767088	0.01684082	0.17280418	
0.05763689	0.59459459	0.59694311	0.25349544	0.00000000	0.00000000	
0.02881844	0.32432432	0.58573733	0.13694375	0.00000000	0.00000000	
0.00000000	0.37837838	0.10192466	0.00945199	0.64162000	0.39618416	
0.00000000	0.45945946	0.13916354	0.00566252	0.69477338	0.00000000	
0.00000000	0.54054054	0.20855854	0.00000000	0.97647731	0.00000000	
0.39481268	0.40540541	0.02743800	0.02297142	0.26975630	0.07754060	
0.30835735	0.00000000	0.48303439	0.44049875	0.02781045	0.43757701	
0.00000000	0.45945946	0.05210019	0.01544146	0.25424395	0.53463556	
0.12103746	0.50000000	0.39825513	0.32273101	0.00000000	0.93378171	
0.32276657	0.37837838	0.38309109	0.07415530	0.00000000	0.00000000	
0.65417867	0.67567568	0.28692207	0.19975748	0.00000000	0.49243310	
0.68299712	0.45945946	0.12387963	0.14457822	0.00000000	0.52485309	
0.33141210	0.77027027	0.36016105	0.10984938	0.00000000	0.09363093	
0.00000000	0.29729730	0.04833538	0.01784423	0.44890762	0.09478374	
0.06340058	0.05405405	0.22222402	0.20323155	0.00163952	0.38051286	
0.65417867	0.00000000	0.28270179	0.05860466	0.09165908	0.00000000	
0.00000000	0.40540541	0.05611699	0.43770664	0.19974867	0.09478374	
0.00000000	0.24324324	0.64096343	0.13244175	0.00000000	0.00000000	
0.73198847	0.63513514	0.22276424	0.20014868	0.00000000	0.70258839	
0.06340058	0.18918919	0.59754521	0.27518405	0.00000000	0.00000000	
0.30259366	0.50000000	0.06624401	0.03251169	0.00000000	0.42158621	
0.00000000	0.37837838	0.04460626	0.01107828	0.44938281	0.00000000	
0.04899135	0.24324324	0.33526303	0.08747288	0.00000000	0.14241612	
0.30259366	0.63513514	0.03200784	0.02920141	0.07650241	0.00000000	
0.32276657	0.50000000	0.02027633	0.02687382	0.01586661	0.16265007	
0.30259366	0.59459459	0.05380392	0.03268796	0.00000000	0.00000000	
0.38040346	0.13513514	0.09262052	0.02607549	0.27465817	0.00000000	
0.38040346	0.50000000	0.00769352	0.02726690	0.00021255	0.14620549	
0.32276657	0.63513514	0.02871412	0.02630198	0.01683119	0.11153913	
0.32276657	0.50000000	0.01133847	0.01989323	0.29018315	0.00000000	
0.32276657	0.41891892	0.05084247	0.01982585	0.16788569	0.00000000	
0.00000000	0.54054054	0.17596644	0.00039339	1.00000000	0.12000095	
0.06340058	0.37837838	0.04262099	0.01217453	0.36248463	0.29310330	
0.04899135	0.05405405	0.57520055	0.32011673	0.00000000	0.00000000	
0.28530259	0.60810811	0.62137283	0.10391139	0.00000000	0.00000000	
0.39481268	0.05405405	0.05731004	0.02904168	0.31611494	0.00000000	
0.27953890	0.63513514	0.05938228	0.13851794	0.07053665	0.21037645	
0.00000000	0.43243243	0.07563122	0.00839037	0.65730916	0.25511161	
0.00000000	0.18918919	0.17863297	0.15649881	0.00000000	0.00000000	
0.04899135	0.47297297	0.53063945	0.30004162	0.00000000	0.14950752	
0.12103746	0.40540541	0.42626958	0.30719503	0.00000000	0.00000000	
0.04899135	0.60810811	0.57991144	0.23679114	0.00000000	0.00000000	
0.00000000	0.05405405	0.60996077	0.29953311	0.00000000	0.23873930	
0.04899135	0.74324324	0.54195673	0.22109418	0.00000000	0.00000000	
0.12103746	0.05405405	0.52215985	0.34557327	0.00000000	0.18087857	
0.06340058	0.47297297	0.04307257	0.01666811	0.16943913	0.00000000	
0.02881844	0.05405405	0.39896316	0.25392845	0.00000000	0.00000000	
0.65417867	0.32432432	0.04648281	0.01771383	0.21933249	0.00000000	
0.05763689	0.32432432	0.10413739	0.02397502	0.20447689	0.49287147	
0.65417867	0.87837838	0.62680847	0.10166834	0.00000000	0.00000000	
0.39481268	0.68918919	0.10516319	0.05437375	0.00000000	0.27278167	
0.38040346	0.29729730	0.07853246	0.01717880	0.28609904	0.00000000	
0.00000000	0.43243243	0.07506647	0.00839037	0.65733284	0.13511066	
0.65417867	0.45945946	0.04729007	0.02738451	0.01171272	0.45020694	
0.05763689	0.55405405	0.16044337	0.04854246	0.01455380	0.00000000	
0.39481268	0.74324324	0.68465483	0.11211457	0.00000000	0.00000000	
0.65417867	0.47297297	0.07880675	0.02245636	0.12659343	0.00000000	
0.65417867	0.37837838	0.05707701	0.01291265	0.29488926	0.00000000	
0.05763689	0.00000000	0.30126101	0.08280429	0.21946352	0.00000000	
0.39481268	0.45945946	0.04624085	0.02609078	0.00860338	0.51017345	
0.28818444	0.55405405	0.67638150	0.38877454	0.00000000	0.00000000	
0.02881844	0.43243243	1.00000000	0.17353193	0.00000000	0.47284841	
0.05763689	0.60810811	0.58172332	0.26087378	0.00000000	0.00000000	
0.05763689	0.24324324	0.71563519	0.13210919	0.00000000	0.69890762	
0.05763689	0.55405405	0.60703389	0.29673788	0.00000000	0.52633013	
0.38616715	0.32432432	0.79131602	0.14732073	0.00000000	0.00000000	
0.62247839	0.74324324	0.57787098	0.26932218	0.00000000	0.20647491	
0.00000000	0.05405405	0.23465630	0.06613774	0.00000440	0.35175745	
0.36023055	0.68918919	0.55480714	0.22032861	0.00000000	0.47132397	
0.05763689	0.18918919	0.79621088	0.21482208	0.00000000	0.00000000	
0.05763689	0.60810811	0.61608771	0.21373269	0.00000000	0.00000000	
0.12103746	0.10810811	0.45204288	0.25060912	0.00000000	0.09416290	
0.30259366	0.45945946	0.05259804	0.38323087	0.17980333	0.00000000	
0.38040346	0.63513514	0.43373453	0.27634144	0.00000000	0.00000000	
0.00000000	0.32432432	0.11740983	0.02302071	0.22686291	0.00000000	
0.06340058	0.40540541	0.05437090	0.01023565	0.35867048	0.00000000	
0.68299712	0.82432432	0.56222191	0.25885567	0.00000000	0.00000000	
0.05763689	0.24324324	0.42938602	0.15431629	0.00000000	0.00000000	
0.00000000	0.32432432	0.15078187	0.08384096	0.01108733	0.00000000	
0.00000000	0.05405405	0.14612339	0.24411676	0.05602331	0.12398028	
0.27953890	0.05405405	0.14430928	0.05110153	0.00000000	0.17230419	
0.00000000	0.47297297	0.12579521	0.02526750	0.13314236	0.32022211	
0.65417867	0.40540541	0.09339600	0.02464169	0.12760585	0.00000000	
0.32276657	0.50000000	0.05015841	0.01836085	0.13454946	0.27829334	
0.00000000	0.50000000	0.13573880	0.06291199	0.01143662	0.24001572	
0.05763689	0.10810811	0.37632860	0.26033408	0.00000000	0.77254668	
0.39481268	0.55405405	0.07448388	0.07883325	0.00000000	0.00000000	
0.05763689	0.00000000	0.81411783	0.17536442	0.00583134	0.34732236	
0.00000000	0.37837838	0.47940506	0.43019758	0.00000000	0.00000000	
0.30259366	0.55405405	0.03759456	0.02695836	0.10475600	0.24818015	
0.38040346	0.00000000	0.22920951	0.03818014	0.10060243	0.00000000	
0.00000000	0.37837838	0.07824534	0.00840472	0.64192469	0.00000000	
0.68299712	0.37837838	0.03965899	0.00476062	0.66289304	0.00000000	
0.12103746	0.10810811	0.50636583	0.35052732	0.00000000	0.50840811	
0.00000000	0.05405405	0.13947964	0.23494648	0.04735354	0.12755956	
0.38040346	0.45945946	0.07413600	0.02675090	0.00773364	0.53909039	
0.30259366	0.29729730	0.09498377	0.01790912	0.28036676	0.00000000	
0.30259366	0.50000000	0.09666519	0.04348983	0.00000000	0.00000000	
0.30259366	0.50000000	0.03393400	0.02048503	0.27236274	0.00000000	
0.38040346	0.18918919	0.47621057	0.28663949	0.00000000	0.00000000	
0.30259366	0.40540541	0.05793222	0.01269552	0.27203121	0.45681811	
0.65417867	0.41891892	0.08326007	0.02589892	0.11090332	0.00000000	
0.30259366	0.54054054	0.02014309	0.03048952	0.42431299	0.24818015	
0.00000000	0.37837838	0.05986284	0.43770664	0.18390322	0.00000000	
0.30259366	0.54054054	0.02701429	0.02920141	0.43840608	0.00000000	
0.04899135	0.10810811	0.32856744	0.19131969	0.00000000	0.00000000	
0.30259366	0.54054054	0.03120448	0.03448364	0.35955297	0.00000000	
0.00000000	0.40540541	0.05896415	0.02682515	0.18415739	0.09478374	
0.12103746	0.05405405	0.39202784	0.30984364	0.00000000	0.93410161	
0.30259366	0.40540541	0.03620973	0.47749498	0.27360044	0.00000000	
0.30259366	0.40540541	0.02802728	0.00912879	0.43819295	0.13455775	
0.07204611	0.55405405	0.15134773	0.03863125	0.01192409	0.00000000	
0.07204611	0.00000000	0.50490518	0.11157424	0.03994484	0.08005118	
0.06340058	0.40540541	0.06253272	0.01200201	0.35688496	0.46994566	
0.00000000	0.24324324	0.55519182	0.28861425	0.00000000	0.64992812	
0.00000000	0.18918919	0.13417055	0.02745501	0.22915992	0.00000000	
0.32276657	0.45945946	0.03660388	0.19628777	0.03900741	0.00000000	
0.00000000	0.32432432	0.84713308	0.21449919	0.00000000	0.00000000	
0.45821326	0.55405405	0.38333082	0.33132260	0.00000000	0.59733500	
0.05763689	0.00000000	0.84588427	0.17153596	0.00000000	0.39318623	
0.32276657	0.41891892	0.01727920	0.53259156	0.24136488	0.63702174	
0.04899135	0.05405405	0.11865751	0.03014511	0.08230383	0.00000000	
0.12103746	0.18918919	0.47689072	0.32799391	0.00000000	0.00000000	
0.40634006	0.60810811	0.53412383	0.13032911	0.00000000	0.00000000	
0.28530259	0.05405405	0.61073012	0.21507758	0.00000000	0.00000000	
0.12103746	0.00000000	0.42061652	0.07578377	0.17979385	0.33335677	
0.00000000	0.05405405	0.15324156	0.23583278	0.05237619	0.00000000	
0.27953890	0.00000000	0.39216164	0.08919089	0.14778263	0.00000000	
0.32276657	0.18918919	0.68312170	0.14826256	0.00000000	0.00000000	
0.93371758	0.87837838	0.34447296	0.06585853	0.00000000	0.11941684	
0.07204611	0.00000000	0.55228166	0.09908088	0.02798489	0.41070582	
0.12103746	0.00000000	0.37388116	0.06123704	0.27091980	0.50031990	
0.06340058	0.40540541	0.09511757	0.03104576	0.10462450	0.24630343	
0.30259366	0.40540541	0.03325274	0.00956711	0.35897201	0.00000000	
0.33141210	0.32432432	0.46285284	0.10568679	0.00000000	0.00000000	
0.30259366	0.40540541	0.03378794	0.47099045	0.21058489	0.42972576	
0.30259366	0.45945946	0.10670524	0.04273144	0.00000000	0.12110557	
0.97694524	0.45945946	0.73533172	0.19676540	0.00000000	0.00838816	
0.00000000	0.63513514	0.36004955	0.14900411	0.00000000	0.09363093	
0.30259366	0.40540541	0.04788715	0.01928521	0.18118785	0.00000000	
0.30259366	0.54054054	0.01872480	0.03577175	0.39432235	0.41775536	
0.00000000	0.05405405	0.20077303	0.05734306	0.02366304	0.11941684	
0.27953890	0.05405405	0.17218324	0.05100575	0.01692781	0.17336143	
0.30259366	0.54054054	0.02803898	0.03577175	0.00030944	0.28264510	
0.30259366	0.40540541	0.02757960	0.01108421	0.39068028	0.13511066	
0.30259366	0.40540541	0.03757560	0.47206050	0.21005287	0.00000000	
0.30259366	0.54054054	0.02060135	0.03682215	0.39432235	0.13511066	
0.66858790	0.47297297	0.11867034	0.02428293	0.01571840	0.00000000	
0.04899135	0.05405405	0.11420977	0.03137925	0.08236777	0.29284620	
0.33141210	0.37837838	0.07971046	0.02525471	0.15254984	0.30956842	
0.38040346	0.50000000	0.03653252	0.02684200	0.00000000	0.00000000	
0.33141210	0.40540541	0.10656586	0.00892196	0.48966028	0.00000000	
0.02881844	0.10810811	0.62251570	0.38978219	0.00000000	0.32115691	
0.07204611	0.54054054	0.49018714	0.44898738	0.00000000	0.25066941	
0.00000000	0.45945946	0.42649258	0.45356707	0.00000000	0.68695302	
0.33141210	0.59459459	0.01166014	0.02864798	0.00000000	0.15168913	
0.05763689	0.00000000	0.79195715	0.16766132	0.01661302	0.00000000	
0.32276657	0.18918919	0.22421987	0.13917370	0.00000000	0.26720285	
0.12103746	0.00000000	0.50662786	0.07489217	0.15240239	0.46223263	
0.39481268	0.00000000	0.08539251	0.02904168	0.31023742	0.12000095	
0.30259366	0.50000000	0.03946386	0.02541568	0.03278147	0.00000000	
0.00000000	0.43243243	0.07729647	0.00839037	0.65670136	0.58632824	
0.02881844	0.13513514	0.57767585	0.38491238	0.00000000	0.00000000	
0.00000000	0.50000000	0.05193461	0.41351980	0.18186195	0.00000000	
0.33141210	0.05405405	0.07997025	0.02913371	0.20017650	0.19746611	
0.02881844	0.05405405	0.59013601	0.38491238	0.00000000	0.00000000	
0.33141210	0.00000000	0.10593867	0.02979259	0.22720233	0.00000000	
0.32276657	0.54054054	0.05041431	0.01407036	0.25629784	0.00000000	
0.00000000	0.60810811	0.19012865	0.02726627	0.08720224	0.00000000	
0.07204611	0.32432432	0.04487441	0.01691831	0.43475454	0.46260782	
0.05763689	0.37837838	0.09198385	0.02940387	0.18985335	0.62277653	
0.38040346	0.47297297	0.08497606	0.02156787	0.13743770	0.00000000	
0.00000000	0.47297297	0.06830788	0.02848045	0.10383862	0.00000000	
0.32276657	0.45945946	0.04493518	0.02227167	0.05976247	0.21422151	
0.00000000	0.37837838	0.09929939	0.01674018	0.19683912	0.12670532	
0.00000000	0.63513514	0.52588954	0.30672084	0.00000000	0.00000000	
0.35158501	0.40540541	0.10019306	0.00732500	0.47177198	0.16175200	
0.06340058	0.32432432	0.06492942	0.01432836	0.18115943	0.22756824	
0.27953890	0.05405405	0.18112556	0.05600971	0.00006964	0.00000000	
0.12103746	0.05405405	0.46155943	0.36099071	0.00000000	0.00000000	
0.12103746	0.00000000	0.35915755	0.06224064	0.22412070	0.67472592	
0.38040346	0.18918919	0.45438996	0.32128660	0.00000000	0.00000000	
0.00000000	0.05405405	0.14828872	0.05311184	0.03986369	0.14129885	
0.12103746	0.05405405	0.54550244	0.35889741	0.00000000	0.67880557	
0.33141210	0.59459459	0.00458880	0.02948405	0.00189967	0.00000000	
0.06340058	0.60810811	0.51583221	0.30800615	0.00000000	0.00000000	
0.00000000	0.43243243	0.07793370	0.00840472	0.67090022	0.00000000	
0.33141210	0.50000000	0.04211255	0.02579566	0.00451552	0.00000000	
0.05763689	0.27027027	0.24614641	0.02287221	0.72625274	0.33887634	
0.31412104	0.00000000	0.43491086	0.39425580	0.01751982	0.38239827	
0.04899135	0.45945946	0.10468931	0.00374673	0.75862564	0.10268238	
0.28530259	0.24324324	0.62007385	0.21170739	0.00000000	0.38059658	
0.38040346	0.37837838	0.08281741	0.00624153	0.53386399	0.00000000	
0.04899135	0.47297297	0.06347099	0.42270100	0.15256816	0.27862745	
0.38040346	0.27027027	0.07440360	0.00624153	0.63794478	0.41904679	
0.60230548	0.32432432	0.07764547	0.00601661	0.78889887	0.21478468	
0.32276657	0.00000000	0.44751039	0.10254684	0.00000000	0.00000000	
0.00000000	0.32432432	0.06848739	0.01705994	0.27155128	0.60375265	
0.00000000	0.24324324	0.57707933	0.27915227	0.00000000	0.00000000	
0.05763689	0.27027027	0.21599394	0.02514521	0.65080806	0.00000000	
0.00000000	0.32432432	0.11096567	0.00668203	0.69591795	0.62399687	
0.00000000	0.68918919	0.18895177	0.11504800	0.00004978	0.26535970	
0.05763689	0.27027027	0.25495493	0.02287221	0.72375997	0.55500616	
0.07204611	0.55405405	0.07437126	0.04104869	0.01160453	0.00000000	
0.00000000	0.37837838	0.57433084	0.22943619	0.00000000	0.09713161	
0.96253602	0.45945946	0.57972746	0.22024220	0.00000000	0.00000000	
0.33141210	0.54054054	0.47120978	0.44199931	0.00000000	0.00000000	
0.38040346	0.27027027	0.06894677	0.00695719	0.46386268	0.00000000	
0.60230548	0.40540541	0.04668406	0.00532341	0.67783705	0.29310330	
0.27953890	0.00000000	0.17623126	0.04004009	0.21522155	0.00000000	
0.27953890	0.00000000	0.38628557	0.14265557	0.15534447	0.16845123	
0.06340058	0.51351351	0.71144277	0.29521236	0.00000000	0.02176740	
0.00000000	0.29729730	0.08752105	0.02820529	0.27303211	0.00000000	
0.32276657	0.47297297	0.06100126	0.02189794	0.15311186	0.27862745	
0.60230548	0.40540541	0.04866319	0.00532341	0.67727661	0.00000000	
0.05763689	0.29729730	0.06057477	0.01501281	0.38531426	0.00000000	
0.60230548	0.00000000	0.91606257	0.44364962	0.00000000	0.07236185	
0.39481268	0.67567568	0.10892521	0.02661426	0.00000000	0.00000000	
0.04899135	0.37837838	0.71440311	0.18069096	0.00000000	0.00000000	
0.06340058	0.10810811	0.12017169	0.24424841	0.05058404	0.25537226	
0.30259366	0.45945946	0.07764436	0.02648230	0.06609244	0.36982125	
0.06340058	0.13513514	0.16121718	0.05332741	0.01740995	0.37966020	
0.05763689	0.40540541	0.07740909	0.29431077	0.08584376	0.52971470	
0.00000000	0.27027027	0.37296129	0.14826911	0.00000000	0.00000000	
0.00000000	0.55405405	0.16882373	0.04531827	0.01032236	0.24818015	
0.05763689	0.29729730	0.07658845	0.02169952	0.31033372	0.00000000	
0.65417867	0.00000000	0.08204862	0.03250296	0.29621379	0.00000000	
0.68299712	0.37837838	0.07872925	0.01894766	0.11774116	0.00000000	
0.00000000	0.24324324	0.46789822	0.14807663	0.00000000	0.46659663	
0.65417867	0.00000000	0.08086337	0.03250296	0.31082786	0.22131489	
0.06340058	0.37837838	0.58199649	0.34467481	0.00000000	0.00000000	
0.38040346	0.77027027	0.45399971	0.24440471	0.00000000	0.00000000	
0.32276657	0.67567568	0.05842170	0.02355979	0.00054252	0.26582691	
0.12103746	0.10810811	0.44889300	0.30719503	0.00000000	0.47262725	
0.00000000	0.27027027	0.15822340	0.03302145	0.03024086	0.07978539	
0.00000000	0.10810811	0.49609108	0.31495366	0.00000000	0.00000000	
0.12103746	0.05405405	0.47475549	0.31904980	0.00000000	0.00000000	
0.07204611	0.00000000	0.41784016	0.40859695	0.08796191	0.27682222	
0.00000000	0.47297297	0.09627940	0.03100052	0.08389422	0.11847967	
0.00000000	0.10810811	0.16454770	0.05676155	0.00025137	0.16978531	
0.64841499	0.55405405	0.07531010	0.11083519	0.00000000	0.00000000	
0.00000000	0.18918919	0.13073411	0.17995627	0.02051321	0.11847967	
0.00000000	0.05405405	0.23043044	0.04680917	0.04833770	0.09037590	
0.34582133	0.37837838	0.08165558	0.02432223	0.13143578	0.00000000	
0.00000000	0.05405405	0.16568723	0.04719725	0.08022484	0.00000000	
0.07204611	0.00000000	0.42048829	0.40859695	0.07246219	0.00000000	
0.30259366	0.45945946	0.06547633	0.32938840	0.11582477	0.00000000	
0.30259366	0.00000000	0.57851768	0.12728118	0.00972531	0.12385075	
0.32853026	0.00000000	0.34697056	0.07764903	0.08784335	0.17083781	
0.31700288	0.00000000	0.24769626	0.05738736	0.20615031	0.18947506	
0.00000000	0.45945946	0.11023813	0.02536296	0.13399676	0.00000000	
0.00000000	0.50000000	0.11629872	0.02461798	0.13428171	0.21086459	
0.00000000	0.40540541	0.15103386	0.02304504	0.13428171	0.44572051	
0.04899135	0.05405405	0.27290648	0.05897995	0.04166831	0.00000000	
0.32276657	0.00000000	0.51609423	0.09588134	0.05552302	0.20389640	
0.65417867	0.55405405	0.03175975	0.01992037	0.11988409	0.00000000	
0.32276657	0.60810811	0.42873374	0.07985214	0.00000000	0.00000000	
0.32276657	0.37837838	0.07874319	0.02553298	0.13839692	0.20797882	
0.34582133	0.37837838	0.06860781	0.00449483	0.79619248	0.09478374	
0.34582133	0.45945946	0.09066536	0.00422466	0.79190946	0.00000000	
0.00000000	0.29729730	0.07802123	0.03609526	0.30427781	0.00000000	
0.00000000	0.37837838	0.10463245	0.02386271	0.19564720	0.00000000	
0.34582133	0.32432432	0.07927505	0.00961952	0.70390303	0.25544138	
0.34582133	0.27027027	0.11696104	0.02156007	0.61673963	0.12082043	
0.34582133	0.32432432	0.07038011	0.00412483	0.79569045	0.00000000	
0.00000000	0.37837838	0.06204490	0.03386750	0.31512509	0.31594578	
0.00000000	0.32432432	0.04803155	0.03423438	0.37389392	0.00000000	
0.00000000	0.29729730	0.05337910	0.03609526	0.38702716	0.22116205	
0.34582133	0.32432432	0.08515390	0.00547784	0.77872097	0.46385185	
0.34582133	0.27027027	0.10580264	0.02140315	0.62112211	0.46577912	
0.00000000	0.32432432	0.04506619	0.03386750	0.38891213	0.31594578	
0.00000000	0.40540541	0.09614281	0.02181090	0.19005227	0.00000000	
0.32276657	0.59459459	0.03312284	0.02639183	0.01586661	0.06895991	
0.00000000	0.32432432	0.08332307	0.02181090	0.26294103	0.00000000	
0.28818444	0.27027027	0.25210610	0.02194941	0.57521656	0.12000095	
0.39481268	0.63513514	0.01002555	0.02470720	0.00063687	0.12872974	
0.32276657	0.00000000	0.31305217	0.05627145	0.10991379	0.29101490	
0.04899135	0.10810811	0.09075122	0.20825797	0.08791518	0.11153913	
0.32276657	0.55405405	0.06313482	0.02003206	0.08787445	0.09037590	
0.38040346	0.13513514	0.09128196	0.02607549	0.28958482	0.20536476	
0.32276657	0.63513514	0.03027178	0.11667023	0.00000000	0.30543822	
0.65417867	0.63513514	0.00140212	0.02470720	0.00063687	0.12872974	
0.04899135	0.10810811	0.11584771	0.03166876	0.30493929	0.00000000	
0.04899135	0.10810811	0.08736105	0.03295094	0.08928644	0.12182948	
0.07204611	0.00000000	0.74587965	0.43406286	0.00000000	0.30295883	
0.32276657	0.00000000	0.44392008	0.08138764	0.07285450	0.28723540	
0.32276657	0.00000000	0.38978111	0.06764142	0.08818451	0.08012346	
0.04899135	0.10810811	0.13174654	0.05091216	0.07664986	0.07410192	
0.65417867	0.54054054	0.05138046	0.02316920	0.00075562	0.22351348	
0.38040346	0.50000000	0.03422669	0.02358693	0.13615169	0.00000000	
0.38040346	0.54054054	0.06322402	0.02204893	0.14797681	0.23149269	
0.32276657	0.00000000	0.36933195	0.08964948	0.09365693	0.00000000	
0.32276657	0.00000000	0.39381184	0.06764142	0.08704405	0.25824342	
0.06340058	0.50000000	0.08532338	0.02785464	0.09660342	0.38250806	
0.08645533	0.00000000	0.53557891	0.07838527	0.18547561	0.26685413	
0.40057637	0.40540541	0.11540895	0.02063041	0.11829339	0.00000000	
0.32276657	0.00000000	0.11102142	0.03397950	0.16924022	0.14088733	
0.62536023	0.59459459	0.05836149	0.01827599	0.10524588	0.11847967	
0.32276657	0.00000000	0.15944990	0.03453449	0.16029844	0.00000000	
0.04899135	0.10810811	0.12676526	0.26395072	0.05850487	0.10268238	
0.32276657	0.00000000	0.49412310	0.09487088	0.06178116	0.00000000	
0.32276657	0.00000000	0.10076840	0.04175529	0.18209087	0.05319856	
0.32276657	0.00000000	0.34962985	0.08480182	0.10125049	0.09541128	
0.62536023	0.68918919	0.28979878	0.08231076	0.00000000	0.00000000	
0.00000000	0.13513514	0.18259792	0.15022265	0.01455911	0.01309117	
0.32276657	0.00000000	0.24758476	0.06508485	0.12547176	0.22986320	
0.00000000	0.37837838	0.46441942	0.10053902	0.00000000	0.34251801	
0.31412104	0.00000000	0.36040635	0.42248886	0.05190068	0.00000000	
0.00576369	0.77027027	0.62982455	0.12120936	0.00000000	0.24044975	
0.27953890	0.00000000	0.12772360	0.02732991	0.24780600	0.10268238	
0.32276657	0.55405405	0.41668056	0.20681044	0.00000000	0.10574271	
0.32276657	0.00000000	0.40687411	0.08130716	0.07785252	0.15433083	
0.00000000	0.05405405	0.21972251	0.04546303	0.05743041	0.22452490	
0.32276657	0.00000000	0.25905257	0.47859934	0.13121461	0.00000000	
0.08645533	0.00000000	0.26284358	0.07711587	0.27766087	0.26685413	
0.06340058	0.29729730	0.15097253	0.02751772	0.10118498	0.24059587	
0.00000000	0.10810811	0.14604589	0.03686239	0.08040055	0.00000000	
0.00000000	0.37837838	0.13946514	0.02577944	0.12128930	0.32247480	
0.00000000	0.32432432	0.09258707	0.02619092	0.25283101	0.20632286	
0.30259366	0.00000000	0.60237875	0.46126955	0.00770704	0.00000000	
0.00000000	0.41891892	0.10760059	0.02087063	0.25396926	0.00000000	
0.06340058	0.05405405	0.17868315	0.04055827	0.01396919	0.00000000	
0.00000000	0.63513514	0.37527492	0.11220130	0.00000000	0.00000000	
0.32276657	0.00000000	0.37956210	0.06840324	0.08349844	0.00000000	
0.00000000	0.47297297	0.09231334	0.01927210	0.16130881	0.31335977	
0.30259366	0.29729730	0.05813180	0.01927210	0.33828625	0.20632286	
0.32276657	0.32432432	0.05231149	0.02885294	0.16099307	0.41636125	
0.30259366	0.00000000	0.62177423	0.46632030	0.00139463	0.18537882	
0.00000000	0.55405405	0.07320553	0.02342470	0.14686304	0.21857603	
0.30259366	0.63513514	0.04359829	0.03450049	0.01091663	0.35014139	
0.30259366	0.45945946	0.06289398	0.29846930	0.08687876	0.11153913	
0.30259366	0.00000000	0.28917438	0.05540387	0.14020833	0.00000000	
0.07204611	0.00000000	0.42238937	0.10477117	0.11483997	0.37752362	
0.30259366	0.00000000	0.54881957	0.10630542	0.04696423	0.33131536	
0.27953890	0.00000000	0.26591541	0.06264027	0.16975961	0.16996145	
0.30259366	0.45945946	0.06530239	0.29531531	0.06952928	0.27503752	
0.04899135	0.47297297	0.11214367	0.01959780	0.10370980	0.00000000	
0.32276657	0.55405405	0.07094207	0.02165398	0.08466968	0.20417759	
0.32276657	0.41891892	0.06678869	0.01808132	0.15301288	0.26173660	
0.32276657	0.13513514	0.10377222	0.02625019	0.10153245	0.00000000	
0.00000000	0.13513514	0.11371025	0.05044421	0.04761403	0.00000000	
0.00000000	0.13513514	0.11177237	0.23494648	0.04816278	0.43389624	
0.05763689	0.45945946	0.05534318	0.02958544	0.14633070	0.00000000	
0.05763689	0.10810811	0.22476623	0.05287537	0.00729323	0.01791740	
0.27953890	0.00000000	0.21834269	0.04531983	0.20853732	0.23531879	
0.00000000	0.10810811	0.12474041	0.02788272	0.12084931	0.00000000	
0.00000000	0.05405405	0.12897910	0.03236663	0.26987470	0.06006090	
0.00000000	0.55405405	0.16763291	0.04337690	0.00982885	0.40354175	
0.05763689	0.10810811	0.14792858	0.04056170	0.04693329	0.31376062	
0.00000000	0.68918919	0.17842112	0.06027275	0.00000000	0.44190547	
0.00000000	0.05405405	0.17080063	0.03236663	0.30917653	0.00000000	
0.33141210	0.00000000	0.13719110	0.03891296	0.16679007	0.00000000	
0.00000000	0.18918919	0.12188322	0.03292131	0.06137038	0.10268238	
0.00000000	0.05405405	0.21930327	0.05074557	0.02464120	0.42902673	
0.00000000	0.05405405	0.13903643	0.04902663	0.04737091	0.43389624	
0.05763689	0.40540541	0.04924355	0.02772518	0.16227340	0.39039169	
0.00000000	0.18918919	0.11745220	0.04804144	0.03166154	0.24818015	
0.07204611	0.63513514	0.12508105	0.03100208	0.04960351	0.21478468	
0.62536023	0.40540541	0.03447255	0.01774658	0.17872191	0.00000000	
0.62536023	0.50000000	0.03915556	0.01609815	0.14913905	0.00000000	
0.00000000	0.55405405	0.14781094	0.20781061	0.00799724	0.30259510	
0.00000000	0.32432432	0.08434218	0.03577456	0.04123669	0.07640003	
0.65417867	0.00000000	0.14801778	0.03366348	0.18672121	0.00000000	
0.00000000	0.10810811	0.13851628	0.17429063	0.01682519	0.00000000	
0.27953890	0.00000000	0.14867563	0.02981380	0.24187323	0.24438920	
0.04899135	0.05405405	0.20751992	0.21473472	0.01969907	0.23450997	
0.05763689	0.18918919	0.17576184	0.04868066	0.00819851	0.00000000	
0.38040346	0.35135135	0.05800581	0.01646721	0.24865692	0.00000000	
0.65417867	0.29729730	0.09957479	0.01708022	0.26842703	0.00000000	
0.39481268	0.45945946	0.09544705	0.02161748	0.06787764	0.19510639	
0.65417867	0.29729730	0.04089218	0.01342303	0.31515982	0.00000000	
0.65417867	0.37837838	0.04500821	0.01303650	0.34175467	0.06754210	
0.30259366	0.00000000	0.40793893	0.09015237	0.07689425	0.42834350	
0.00000000	0.40540541	0.07394031	0.02797132	0.11508846	0.00000000	
0.05763689	0.00000000	0.51103769	0.11201693	0.09188988	0.00000000	
0.31412104	0.00000000	0.61238590	0.46116036	0.00173419	0.00000000	
0.33141210	0.63513514	0.17686792	0.12283502	0.00000000	0.29732552	
0.31412104	0.00000000	0.59451240	0.44924008	0.00000000	0.73234258	
0.62536023	0.37837838	0.03365302	0.01952542	0.17813779	0.00000000	
0.59365994	0.00000000	0.61466051	0.42940206	0.00000000	0.18200412	
0.63400576	0.00000000	0.33289923	0.11160139	0.05095330	0.00000000	
0.05763689	0.00000000	0.35700559	0.08804597	0.16951491	0.21768664	
0.30259366	0.77027027	0.09247278	0.03256754	0.00034822	0.35568663	
0.62536023	0.37837838	0.04627765	0.01793033	0.16663851	0.21174213	
0.31412104	0.00000000	0.51133875	0.12111515	0.00000000	0.35849855	
0.30259366	0.77027027	0.11064566	0.03256754	0.00000000	0.08705294	
0.05763689	0.00000000	0.32232342	0.06845534	0.19110211	0.00000000	
0.31412104	0.00000000	0.29529575	0.05530872	0.11382960	0.00000000	
0.31412104	0.00000000	0.41785689	0.08826154	0.03582142	0.27727876	
0.00000000	0.05405405	0.09872237	0.03321799	0.08720224	0.00000000	
0.32853026	0.00000000	0.15903122	0.04809666	0.11873416	0.00000000	
0.00000000	0.05405405	0.09519673	0.30976252	0.10329728	0.00000000	
0.27953890	0.00000000	0.33169502	0.08983385	0.17482883	0.13263641	
0.32853026	0.00000000	0.36469354	0.07403831	0.05795106	0.11153913	
0.32853026	0.00000000	0.20424627	0.04140682	0.10746616	0.10268238	
0.00000000	0.05405405	0.09569068	0.03349439	0.10315757	0.12182948	
0.00000000	0.40540541	0.09054829	0.04345926	0.10014840	0.00000000	
0.27953890	0.05405405	0.11344041	0.02788272	0.25024194	0.00000000	
0.32276657	0.54054054	0.04858236	0.02235247	0.12057604	0.14366963	
0.32853026	0.00000000	0.32923644	0.14359584	0.07207194	0.21422151	
0.32276657	0.54054054	0.04668908	0.02235247	0.12111217	0.00000000	
0.27953890	0.00000000	0.22147864	0.04707496	0.20764850	0.10268238	
0.00000000	0.37837838	0.09513541	0.31872223	0.07307663	0.05321080	
0.05763689	0.40540541	0.12590448	0.02475057	0.17170773	0.00000000	
0.30259366	0.24324324	0.25084057	0.09456078	0.00000000	0.41194591	
0.32276657	0.13513514	0.02663854	0.03110035	0.04713552	0.00000000	
0.00000000	0.32432432	0.37638435	0.10446794	0.00000000	0.42555133	
0.30259366	0.68918919	0.26282686	0.08749909	0.00000000	0.22869775	
0.32276657	0.13513514	0.02866561	0.03110035	0.04634427	0.24086640	
0.00000000	0.10810811	0.42965362	0.17907590	0.00000000	0.34907665	
0.05763689	0.59459459	0.10161581	0.02577476	0.09946861	0.05871852	
0.32276657	0.59459459	0.02567183	0.02342252	0.03086350	0.00000000	
0.00000000	0.10810811	0.13583358	0.04358124	0.02341928	0.00000000	
0.32276657	0.00000000	0.25623161	0.44499732	0.09815465	0.25491217	
0.06340058	0.29729730	0.08775186	0.01843666	0.13482321	0.00000000	
0.06340058	0.10810811	0.16666787	0.05344191	0.00284779	0.39145090	
0.32276657	0.00000000	0.13320496	0.02625019	0.21701811	0.00000000	
0.00000000	0.50000000	0.13247909	0.02440896	0.17231395	0.12000095	
0.32276657	0.29729730	0.07355062	0.02134513	0.20890515	0.00000000	
0.07204611	0.55405405	0.07200690	0.17438641	0.03711833	0.00000000	
0.04899135	0.13513514	0.10663555	0.02870507	0.08647777	0.00000000	
0.00000000	0.18918919	0.16467313	0.04166950	0.03689273	0.21148147	
0.32276657	0.00000000	0.44293331	0.44499732	0.04849668	0.00000000	
0.32276657	0.00000000	0.26080870	0.05087192	0.11569832	0.00000000	
0.07204611	0.64864865	0.06487645	0.26197908	0.12839031	0.15678691	
0.06340058	0.29729730	0.08355443	0.47456872	0.15293300	0.00000000	
0.05763689	0.00000000	0.42579571	1.00000000	0.13445474	0.34022385	
0.32276657	0.05405405	0.29331104	0.26511592	0.00000000	0.42300006	
0.32276657	0.37837838	0.06825603	0.02236339	0.13513453	0.47054200	
0.06340058	0.63513514	0.09968518	0.02818564	0.08146949	0.00000000	
0.12103746	0.40540541	0.12129227	0.02535360	0.04856472	0.00000000	
0.00000000	0.05405405	0.14260611	0.04166950	0.07218434	0.21037645	
0.65417867	0.00000000	0.29482744	0.06332067	0.08664022	0.31819571	
0.00000000	0.50000000	0.04367411	0.02429977	0.21316292	0.00000000	
0.00000000	0.05405405	0.21809014	0.04379400	0.06286888	0.00000000	
0.06340058	0.05405405	0.17536378	0.04773571	0.03415210	0.39145090	
0.33141210	0.00000000	0.68080249	0.44568989	0.00000000	0.71975214	
0.62536023	0.68918919	0.41825829	0.38297194	0.23983196	0.00000000	
0.32276657	0.00000000	0.38849328	0.41257766	0.06717038	0.09774020	
0.32276657	0.00000000	0.46172668	0.09229964	0.03445316	0.30142057	
0.00000000	0.10810811	0.09044849	0.03570437	0.16573865	0.00000000	
0.02017291	0.43243243	0.64443109	0.39201276	0.42596747	0.00000000	
0.35158501	0.64864865	0.64105263	0.41930680	0.08456296	0.00000000	
0.05763689	0.00000000	0.61983970	0.14400545	0.04666649	0.12547471	
0.05763689	0.00000000	0.52624634	0.12685129	0.06954759	0.00000000	
0.05763689	0.00000000	0.68388547	0.14216890	0.03230281	0.00000000	
0.05763689	0.00000000	0.55639045	0.11504675	0.06482553	0.19282448	
0.02881844	0.05405405	0.25594171	0.07727217	0.03885790	0.00000000	
0.32276657	0.00000000	0.58725373	0.38655645	0.00000000	0.17800741	
0.05763689	0.50000000	0.06557222	0.32933849	0.13087645	0.00000000	
0.62536023	0.82432432	0.39526135	0.38297194	0.39130545	0.00000000	
0.05763689	0.50000000	0.06402961	0.02932214	0.13131312	0.00000000	
0.32276657	0.55405405	0.31855471	0.38378306	0.05005770	0.00000000	
0.00000000	0.18918919	0.08710962	0.30297099	0.16573865	0.00000000	
0.62536023	0.63513514	0.46004860	0.38323087	0.14644657	0.00000000	
0.05763689	0.50000000	0.08837069	0.02621931	0.16060313	0.31746706	
0.32276657	0.45945946	0.47169481	0.38378306	0.02940762	0.00000000	
0.00000000	0.05405405	0.09759065	0.03570437	0.33675491	0.00000000	
