101000              3660                1470.82             104.885             441.829             46.2879             
58000               2940                1278.18             126.019             352.607             0                   
58000               3350                1919.94             161.446             47.9202             0.0916707           
101000              3490                1597.68             105.207             315.896             45.4664             
58000               2420                1730.53             172.766             270.278             0                   
123000              3810                1451.77             105.531             427.719             4.57612             
146000              4060                1602.1              127.81              53.4397             22.0461             
106000              3650                1801.31             123.389             520.756             0                   
58000               3920                1234.78             125.267             402.365             44.1666             
58000               2470                1740.77             155.837             240.209             39.1264             
58000               4080                1267.84             127.173             358.417             0                   
126000              2910                1885.61             122.609             276.81              20.9352             
81000               2800                1589.76             167.656             206.684             13.3669             
148000              3770                1702.05             144.104             81.2999             0                   
101000              3470                1481.73             106.394             421.344             12.1396             
126000              3280                2109.96             129.969             3.07761             0                   
126000              3240                1899.13             123.608             195.702             0                   
78000               2610                1515.44             164.516             311.261             0                   
78000               3850                1451.08             133.752             109.892             0.0916707           
126000              2850                1871.02             112.449             361.835             14.8169             
58000               2560                1717.84             132.889             54.1301             1.73841             
126000              3070                1687.22             122.438             428.701             29.1064             
58000               2420                1522.29             144.142             412.801             12.4058             
58000               2420                1490.61             138.509             428.711             40.6413             
81000               2550                1643.5              131.652             48.2201             22.2383             
81000               2500                1978.4              168.963             1.00013             0                   
58000               3450                1299.41             125.835             326.246             32.2493             
58000               3380                1339.93             158.596             307.716             1.765               
126000              3670                1696.13             128.082             36.2352             46.9398             
106000              3280                2534.91             164.243             0                   0                   
58000               2480                1682.19             136.643             307.267             0                   
126000              2910                2005.3              123.445             67.4346             0                   
81000               2500                1887.23             155.699             4.53588             9.47217             
58000               3110                1265.68             125.267             362.902             19.6975             
101000              3880                1617.25             108.059             287.44              35.5701             
123000              3580                1624.67             116.838             316.932             41.32               
58000               2640                1766.97             142.047             8.99097             15.724              
146000              3700                1643.54             126.214             59.6731             41.6153             
126000              3830                1850.25             123.445             6.23373             26.7037             
58000               3170                1235.11             133.026             385.767             44.2548             
163000              3010                3847.25             195.626             0                   0                   
81000               3000                1599.93             123.957             436.627             0                   
78000               2550                1780.69             150.992             67.3071             46.2014             
81000               2500                1879.82             145.556             15.3978             0                   
101000              4020                1554.21             111.774             366.991             45.4133             
101000              3770                1638.68             122.542             266.595             46.2879             
58000               3750                1603.09             138.923             3.54416             43.192              
81000               3820                1569.02             123.389             440.008             0                   
58000               4050                1692.29             159.768             7.53439             0.102591            
123000              3750                1382.23             124.24              480.8               25.2385             
168000              3100                1703.59             110.343             507.941             0                   
81000               3610                1719.18             153.203             46.977              0                   
100000              4130                1474.72             128.57              63.5166             27.9282             
58000               2970                1503.92             155.18              263.219             18.4139             
150000              3160                2000.06             130.737             8.05249             3.03486             
58000               4140                1477.71             128.57              52.4517             24.5036             
126000              2870                1745.83             108.243             493.879             8.63527             
58000               3580                1303.89             125.966             325.253             0.506844            
126000              2930                2165.15             143.056             51.4155             0                   
101000              3770                1565.93             118.788             464.399             10.5181             
184000              2660                4034.48             188.879             0                   4.35516             
123000              3870                1416.9              114.609             394.311             36.8617             
81000               2810                1877.02             159.386             0                   36.8606             
58000               2750                1830.43             167.656             29.4471             0.0916707           
172000              3540                2262.43             162.298             0.0817008           0                   
58000               3920                1240.89             130.757             403.033             28.9949             
58000               3100                2100.2              176.319             0                   1.74855             
126000              3780                1735.19             162.095             1.75904             0                   
81000               2500                1736.24             177.924             46.8467             18.5498             
101000              2920                1650.33             127.377             55.5452             34.7974             
58000               2560                1944.33             153.58              2.82788             46.0778             
78000               2490                1471.16             158.883             446.319             0                   
101000              3400                1481.03             113.296             524.144             46.2879             
58000               3750                1554.22             129.724             3.99864             34.6656             
81000               2830                1542.53             127.377             261.214             42.6311             
126000              3260                1673.21             121.62              480.279             12.0976             
80000               2770                1291.04             126.019             410.32              0                   
81000               3170                1657.6              129.712             29.0872             45.3167             
81000               3830                1776.13             126.551             262.579             10.505              
81000               3560                1720.34             134.244             0                   44.1568             
184000              2920                3939.16             195.626             0                   0                   
58000               3130                1844.82             136.521             236.359             0                   
81000               2870                1871.62             173.494             0                   1.73841             
126000              3890                1696.32             144.104             1.75904             9.13251             
58000               2860                1425.61             146.453             289.899             38.388              
101000              3630                1585.81             106.125             315.896             31.2199             
184000              2630                4048.49             175.268             0                   0                   
58000               2420                1581.23             175.781             350.591             22.0779             
143000              3890                1565.93             127.81              112.446             20.2035             
126000              3150                1704.06             121.62              397.853             16.1671             
126000              2990                1734.96             120.092             479.527             0                   
81000               2830                1607.92             145.556             125.728             22.6877             
123000              3980                1452.01             119.879             362.46              45.1374             
123000              4030                1360.37             106.394             474.091             0                   
126000              4390                1729.16             139.92              3.29366             12.0893             
101000              2600                1627                131.652             84.9979             18.5498             
58000               2500                1593.23             165.861             303.503             14.2737             
58000               2420                1571.21             144.142             381.908             46.1506             
58000               3140                1553.75             169.749             94.8141             17.6727             
58000               4000                1613.52             138.923             3.54416             27.676              
58000               2420                1778.61             172.982             258.994             15.4928             
58000               2480                1673.84             176.303             288.119             41.6387             
78000               2490                1432.26             127.294             460.022             9.66734             
123000              3780                1456.43             109.261             376.268             27.5878             
81000               2720                1615.17             127.377             139.913             44.7489             
146000              3700                1639.15             127.81              24.5259             35.3465             
58000               4380                1630.99             131.742             17.7761             2.54119             
78000               2490                1444.92             127.294             431.86              19.3395             
58000               2730                1940.87             153.755             0                   27.7395             
58000               3670                1235.1              126.019             392.069             34.1413             
58000               3050                1726.21             126.804             205.773             45.8332             
126000              3830                1782.15             124.098             5.77642             0                   
81000               2560                1850.99             173.494             0                   44.5672             
58000               2560                1807.55             131.652             66.5377             42.9499             
126000              4130                1872.49             165.483             1.62282             0                   
58000               2470                1803.16             149.902             202.654             0                   
58000               3270                1482.29             128.853             183.068             38.5676             
58000               2420                1496.24             144.142             428.711             30.0779             
126000              4120                1823.02             123.415             88.0556             0                   
81000               2610                1988.49             143.712             3.05267             43.2496             
58000               2530                1852.56             172.766             184.381             0                   
81000               2980                1839.79             173.494             0                   45.6375             
58000               4050                1480.13             129.991             70.1737             0.0916707           
58000               2500                1443.55             153.58              367.424             29.2415             
81000               2610                1793.68             130.987             120.243             5.02244             
58000               3220                1490.91             158.926             262.944             0                   
126000              2910                1735.83             108.243             437.95              19.683              
123000              3610                1420.21             108                 516.361             4.8441              
148000              3440                1508.72             111.771             468.99              0                   
126000              2910                1949.86             122.412             154.579             2.28288             
78000               4300                1435.69             133.752             113.079             1.4312              
58000               3330                1249.35             127.173             381.415             8                   
150000              3050                1957.68             129.889             34.9314             21.0033             
163000              2680                4371.8              206.872             0                   0                   
81000               2500                1957.36             159.303             4.53575             46.1184             
163000              3040                3907.51             174.629             0                   0                   
101000              4020                1471.6              111.774             435.58              25.6253             
58000               2550                1357.24             126.988             431.841             39.0608             
58000               2560                2010.05             165.736             2.82788             10.7261             
81000               2610                1682.51             127.377             80.7389             32.997              
58000               3750                1547.06             129.724             4.82622             12.2156             
126000              4240                1816.84             140.631             4.67599             0                   
81000               2560                1856.7              173.494             0                   32.7569             
58000               3360                1534.04             139.832             92.8696             0.0916707           
148000              2880                1744.39             117.472             440.87              8.63527             
78000               2560                1461.28             148.273             297.056             40.8163             
126000              3860                1682.14             144.104             215.136             0                   
58000               2470                1760.81             136.718             240.754             33.1179             
81000               3830                2027.96             137.247             17.6673             0.881393            
101000              3970                1530.07             111.798             414.173             15.2784             
81000               3440                1816.58             123.429             414.333             13.2546             
58000               4130                1620.5              127.294             7.53439             8.9526              
80000               3850                1242.75             125.214             470.013             36.5097             
143000              3880                1832.9              155.835             1.92361             0                   
81000               2530                1861.71             158.173             159.909             39.8867             
103000              2520                1577.94             145.556             257.367             46.4147             
184000              2830                3973.65             182.925             0                   0.108632            
58000               3000                1544.43             129.724             6.98405             40.1117             
58000               3250                1554.87             128.57              3.99864             29.2509             
58000               3270                1447.35             123.99              341.807             43.5844             
150000              2970                1990.52             127.256             53.6509             0                   
123000              3760                1383.8              105.531             439.598             19.1776             
58000               4050                1441.69             133.752             119.15              46.2091             
101000              3470                1473.21             106.125             441.829             31.2199             
100000              4130                1481.54             135.761             63.5166             19.4017             
123000              3550                1413.49             115.04              537.011             0                   
58000               3000                1429.22             131.652             132.38              14.9294             
81000               3500                1630.49             143.481             0                   20.6318             
148000              2900                1651.01             123.067             551.762             2.28288             
81000               4080                2075.56             159.64              0                   0                   
58000               2870                1881.12             144.402             0                   6.9996              
97000               3400                1245.93             127.173             427.083             0                   
80000               3420                1220.9              125.835             403.654             51.9116             
101000              3880                1606.91             105.082             299.501             46.2879             
58000               4000                1557.19             128.517             3.99864             44.6332             
58000               2420                1869.56             172.766             204.469             8.83632             
123000              3850                1390.86             120.186             518.263             14.6015             
58000               2750                1364.34             125.254             400.555             45.5547             
81000               3720                2220.63             170.624             0                   0                   
58000               3380                1319.25             158.118             311.061             14.1063             
58000               3270                1538.51             149.569             85.482              37.0589             
58000               2480                1711.87             126.351             369.752             28.7985             
148000              3580                1782.86             114.536             341.075             0                   
58000               2750                1578.25             123.389             339.099             15.18               
101000              3550                1553.8              119.364             408.939             46.2879             
81000               2500                1885.21             155.699             10.9001             26.9443             
58000               3570                1997.12             176.319             0                   1.74855             
58000               2810                1668.45             142.047             110.975             40.9286             
101000              2600                1658.73             139.226             247.81              1.66734             
58000               3910                1451.14             128.853             178.138             34.6963             
123000              3450                1473.9              108.129             374.468             0                   
78000               4130                1548.02             151.185             51.9762             9.11896             
58000               3220                1507.01             145.209             272.629             8.19906             
123000              3750                1385.5              105.531             519.698             25.2385             
58000               2480                1515.12             126.351             394.506             0                   
126000              2910                1864.71             109.318             373.008             0.600328            
80000               3850                1239.52             125.214             470.247             44.1666             
126000              4280                1712.99             123.445             39.7757             20.4996             
126000              4280                1732.34             123.445             6.23373             12.0893             
58000               4190                1707.94             145.969             7.07991             0.102591            
