39000               4050                1676.51             132.777             93.1654             37.4176             
60000               2720                1861.31             207.443             38.1636             45.8857             
63000               3160                2425.84             207.095             9.90498             41.6769             
123000              2460                2377.57             200.01              61.6115             11.3333             
103000              3890                2090                158.996             8.78274             10.9238             
41000               2700                1951.24             171.081             32.5923             9.63876             
123000              2890                1671.45             126.849             58.5327             37.6336             
59000               3970                1638.57             149.528             119.877             48.1645             
39000               3050                1857.32             124.229             48.6104             0                   
39000               3020                1877.38             130.296             21.2073             41.4204             
39000               3380                1900.96             131.956             27.053              36.3351             
102000              2880                2494.94             156.552             3.18552             0                   
41000               2690                1788.43             171.081             90.1675             27.1363             
57000               3300                2143.94             153.561             12.3358             0                   
123000              2780                1817.85             167.032             32.8456             26.7404             
148000              2810                2337.5              176.088             8.61075             0.0191608           
63000               3340                1611.3              159.762             129.905             0                   
120000              3710                2336.14             211.435             3.2032              0.943588            
42000               3420                1910.93             123.844             191.612             0                   
105000              2610                1724.37             175.479             301.354             3.79137             
100000              3210                2426.93             149.38              13.463              10.2977             
79000               2930                2550.68             201.409             24.3187             10.0251             
42000               2750                1882.87             123.844             253.065             34.5477             
106000              2630                2079.2              204.774             60.1307             33.3043             
84000               2680                2446.37             142.458             81.3851             31.5164             
142000              2440                1882.06             161.642             105.945             17.6963             
128000              3940                2325.88             195.62              3                   10.9238             
39000               2940                2559.02             187.45              79.3375             0                   
82000               4110                1627.78             136.596             107.5               8.86287             
102000              2410                1921.31             138.249             388.784             6.59114             
118000              2430                2088.77             162.484             158.938             1.67291             
106000              3890                1838.51             215.281             19.5335             9.2732              
81000               2420                1878.49             138.249             397.438             49.3143             
123000              2720                1753.32             131.809             51.1919             29.3316             
85000               3010                2050.46             206.744             20.6705             28.9528             
78000               2850                1642.79             132.969             232.351             2.69118             
39000               3120                2262.27             187.441             16.3358             10.2977             
105000              4140                1622.35             137.978             72.9073             1.31431             
60000               2510                2037.84             201.579             159.696             31.1869             
39000               4080                1617.18             125.955             134.529             16.3083             
42000               2620                1771.11             125.548             317.111             6.06226             
39000               2850                2931.08             222.561             122.201             119.081             
99000               2580                1785.85             140.358             129.789             41.0523             
105000              2500                1712.66             128.119             307.671             27.3766             
59000               4050                1542.36             129.967             143.017             0                   
39000               3040                1996.59             151.956             21.1068             56.9212             
42000               2470                2104.73             135.497             201.54              0                   
39000               3940                1618.35             124.772             237.655             27.9696             
65000               2730                1925.32             123.844             327.302             0                   
85000               2880                2508.89             170.498             3.18552             0                   
59000               4050                1680.33             176.127             117.308             27.2725             
108000              2600                2667.62             153.977             41.1711             25.1512             
57000               3110                2277.29             145.699             16.3358             28.564              
39000               3780                2009.63             162.739             12.7                0                   
63000               3470                1798.17             185.2               32.2035             0.183852            
82000               2320                2235.1              154.562             205.074             28.1946             
60000               3980                1947.44             140.68              21.7785             0                   
79000               3480                2067.88             172.165             8.30034             32.6474             
60000               2830                1819.67             225.117             63.9918             9.25492             
106000              3800                1881.19             176.63              19.086              20.3128             
61000               2560                1961.16             160.407             116.586             67.9166             
123000              3700                1774.65             131.873             21.3538             17.6811             
99000               2620                2887.55             192.003             34.7397             0                   
99000               3750                1991.45             210.89              4.92866             16.942              
147000              2770                1842.05             171.49              72.5481             0.318212            
106000              4050                1861.89             176.63              21.0147             11.7996             
61000               2710                1828.01             167.316             246.142             20.6801             
42000               2550                1973.55             142.684             191.899             57.3197             
79000               2620                1829.29             185.57              324.231             4.9292              
82000               4250                1786.94             156.836             21.1223             5.78042             
42000               2530                2288.23             180.491             128.236             0                   
63000               2730                1552.19             126.692             165.715             23.5691             
61000               2720                1714.34             132.075             288.113             53.6523             
105000              4360                1742.62             128.854             58.0094             10.6369             
39000               2940                2695.87             146.701             187.688             21.5804             
83000               2550                2486.4              159.787             48.237              65.3024             
39000               2930                2208.63             158.769             316.272             0                   
39000               2890                2644.74             179.871             168.93              7.0184              
82000               3000                1789.74             133.908             33.3089             46.3489             
123000              3530                1696.73             139.68              37.124              0                   
123000              2670                1862.56             169.937             16.4991             0.318212            
39000               3940                1736.72             122.823             244.515             0                   
84000               2640                2364.04             134.617             256.726             7.6006              
39000               3580                1692.58             134.229             150.612             32.0962             
39000               3300                2213.62             171.03              12.3358             0                   
131000              2320                2290.79             157.205             134.927             23.6384             
102000              2320                2145.43             151.552             230.171             36.7603             
39000               4030                1656.83             150.042             245.248             0                   
39000               3580                1593.79             153.87              300.627             26.4977             
79000               2450                2612.05             188.767             66.9016             11.1314             
61000               2480                2565.6              174.13              52.3132             0                   
99000               2540                1735.84             138.095             231.232             44.0055             
39000               3670                1980.28             162.739             13.8647             27.6731             
39000               2700                3119.37             217.651             438.766             28.682              
105000              3250                1746.24             124.788             133.772             10.0337             
100000              2630                2466.28             163.941             34.7981             53.8086             
65000               3600                1706.78             123.844             373.368             0                   
61000               2490                1887.56             134.239             390.769             31.5915             
59000               4100                1689.08             129.229             189.56              12.9857             
60000               2390                2257.41             142.51              83.4155             0                   
42000               2450                1922.09             138.249             409.593             15.748              
42000               2600                2526.15             159.758             45.3322             25.8042             
59000               3750                1631.12             124.854             164.291             29.1192             
81000               2500                1851.37             157.233             213.293             60.5468             
60000               2490                2064.39             141.544             334.417             0                   
56000               3060                2358.29             201.378             27.5132             10.2977             
60000               3030                1724.56             207.443             66.0579             16.5875             
120000              2650                2622.94             166.542             33.0687             51.476              
63000               3390                1520.16             148.093             190.698             30.8087             
39000               2820                3128.41             175.135             431.522             97.4978             
63000               2980                1519.77             130.189             199.06              40.2168             
105000              2480                1926.65             154.126             70.824              33.8041             
125000              2700                1727.05             162.501             415.519             1.97346             
123000              3280                1773.95             131.873             32.701              0.318212            
82000               4080                1704.1              137.863             42.8003             39.214              
105000              2550                1719.48             147.401             306.108             18.1767             
100000              3140                1517.9              171.398             246.152             9.36907             
123000              2780                1693.32             131.873             48.5603             0.318212            
41000               2660                1750.21             149.439             305.042             38.1812             
118000              2460                2189.6              157.988             104.264             5.6226              
61000               2620                2399.05             139.918             140.711             28.5548             
42000               2720                2426.55             153.131             35.3464             47.2856             
82000               3950                1664.87             142.558             76.4862             28.8408             
105000              2480                1920.08             201.721             83.4514             32.3036             
99000               3670                2132.52             148.796             16.3055             0                   
39000               2810                3212.29             184.957             355.88              28.4825             
39000               3350                1701.69             124.573             240.706             15.6953             
39000               3050                1726.26             147.45              270.034             58.3283             
120000              2380                2267.39             141.562             243.184             0.0989772           
123000              3190                1763.82             156.728             33.8729             43.2621             
63000               3580                1514.36             117.496             141.006             4.18733             
59000               4140                1601.31             121.406             338.802             7.68874             
60000               2660                2156.83             216.608             45.5196             5.75903             
84000               2640                1797.68             133.18              465.281             4.9292              
39000               2920                2616.91             143.49              213.319             0                   
79000               3840                1999.97             172.165             11.2808             0                   
39000               3130                1684.15             124.573             294.342             0                   
41000               3340                1805.47             195.219             53.6904             0.183852            
42000               2380                1998.29             149.081             166.439             16.9317             
125000              2530                1693.53             125.548             115.549             6.46339             
81000               3050                2260.1              134.98              20.5747             5.65854             
82000               2510                1921.25             140.213             475.246             0                   
128000              2630                2117.54             228.082             52.6002             14.3783             
60000               3470                1853.72             225.117             32.486              0.183852            
100000              2730                1597.5              135.423             116.854             0.246211            
59000               3890                1636.37             121.406             337.335             30.2517             
118000              2520                2445.18             198.948             81.5333             22.5358             
39000               4160                1800.72             135.927             33.3147             10.6137             
61000               2630                1723.64             123.345             354.977             21.7147             
41000               3450                1534.09             141.165             175.021             2.10269             
78000               3410                1769.63             124.573             71.9096             0                   
104000              2690                2989.93             172.641             49.344              1.64329             
84000               2320                1976.28             152.229             278.611             4.9292              
61000               3030                2017.38             127.138             44.2795             28.9528             
63000               2670                1798.56             201.575             83.3253             45.8787             
82000               3780                1707.42             144.593             24.6933             11.7996             
39000               2920                2761.16             144.417             102.067             0                   
81000               2450                2053.88             159.43              147.242             60.7385             
79000               2810                2614.83             148.708             34.0777             0                   
60000               2420                2096.52             197.492             200.671             7.80741             
42000               2530                2148.23             129.218             157.3               24.801              
59000               3640                1588.74             121.406             397.76              3.30905             
123000              2720                1617.27             133.311             253.373             45.8012             
42000               2510                2472.78             159.758             50.3888             0                   
78000               2720                1967.31             228.175             32.3002             0.183852            
105000              2390                1743.89             128.119             227.396             1.97346             
60000               2720                1884.77             225.117             35.2052             29.4821             
61000               2440                2159.32             169.502             87.8527             67.1363             
90000               2800                2014.29             126.338             137.111             0                   
39000               3860                2050.58             145.168             12.0069             24.0199             
99000               2570                1704.26             173.231             328.089             69.2445             
105000              2390                1883.43             155.502             204.88              19.981              
85000               2450                2171.82             178.808             90.3838             25.6813             
60000               2340                2176.23             191.692             116.74              1.04988             
59000               4360                1588.71             123.925             113.1               0                   
42000               2380                2060.43             169.5               317.847             4.27716             
42000               3600                1806.05             123.844             333.706             6.06226             
60000               2610                2393.24             181.173             51.0209             38.3388             
130000              2420                1986.67             183.298             136.257             4.25904             
42000               2500                1831.32             145.986             304.688             49.9125             
79000               2450                2353.84             209.429             74.2151             7.04438             
106000              2850                2220.5              205.216             68.4828             3.08548             
39000               4410                1667.06             132.777             66.7546             3.32255             
61000               3720                1660.91             164.09              110.499             9.92653             
39000               3030                1698.4              134.591             442.372             28.065              
100000              2760                2589.68             204.647             26.1108             11.0464             
61000               2860                1715.6              177.83              67.4867             52.6117             
39000               2880                2877.82             152.541             244.893             15.8551             
129000              3030                2085.71             155.279             20.0413             0                   
81000               4100                1541.42             124.621             204.509             0                   
61000               2550                1779.67             151.207             441.491             2.57346             
105000              2640                1781.53             195.516             130.048             14.3582             
105000              2390                1799.58             186.823             220.951             1.97346             
79000               2620                1745.53             133.18              399.332             15.6525             
105000              2530                1706.14             124.788             146.664             18.3238             
63000               2920                1537.8              117.666             114.605             10.4922             
42000               2730                2015.07             123.844             254.303             0                   
126000              2990                2305.1              158.296             18.3252             0                   
60000               2370                2007.38             139.606             265.296             37.7932             
86000               2970                1589.58             150.493             102.378             4.18733             
