58000               3090                4951.51             238.877             407.065             157.131             
38000               3480                1807.45             145.151             490.346             107.161             
38000               3480                1910.98             165.758             542.815             79.0503             
76000               4170                1912.01             212.313             107.918             0                   
61000               3120                1402.32             133.9               117.505             12.0645             
61000               4260                2062.16             226.003             0                   67.5919             
188000              3000                5771.09             239.716             199.927             6.834               
102000              4320                1808.24             188.645             115.948             0                   
38000               3540                4520.48             239.01              9.91086             51.9853             
38000               4200                1824.12             223.185             396.474             36.6805             
38000               3210                4630.96             238.751             532.3               177.719             
38000               2940                4707.77             236.243             594.388             27.6155             
146000              3720                1578.38             153.024             21.607              0                   
85000               3000                1284.07             135.99              500.973             36.6962             
38000               3210                5858.55             239.732             0                   0                   
38000               2850                6996.57             236.724             275.099             30.8572             
38000               4680                3633.69             234.191             -1.06581e-14        0                   
105000              3210                1323.53             231.034             296.477             24.8141             
147000              3390                1304.98             141.086             199.708             70.0627             
38000               3540                4102.27             232.068             256.189             161.104             
38000               4080                1765.61             146                 602.69              111.849             
105000              4110                1805.59             125.805             76.9356             0                   
57000               4470                3757.84             217.102             -2.13163e-14        40.83               
124000              3210                1902.2              121.118             232.783             0                   
38000               2880                4849.6              207.166             628.448             48.7716             
168000              2850                4958.67             237.756             717.198             6.68058             
168000              2940                4543.69             235.033             897.432             0                   
38000               3300                5476.53             206.627             83.5639             135.021             
38000               3570                1917.39             158.376             318.878             127.044             
105000              3060                1806.48             226.324             232.399             8.39787             
85000               2970                1419.11             169.43              85.9244             111.508             
38000               4350                1820.37             137.891             407.715             112.567             
121000              2850                5578.24             205.575             671.16              0                   
57000               4410                1820.94             155.222             419.27              0                   
146000              3420                1557.26             223.199             1.759               61.1513             
81000               3960                1367.97             116.256             322.565             56.9272             
161000              3510                5404.32             218.976             0                   51.5104             
130000              3060                2047.72             132.884             5.51848             0                   
38000               4350                1962.1              133.454             1.83946             73.4624             
124000              2970                1349.23             134.113             250.678             101.511             
38000               3360                3943.77             237.802             626.196             133.76              
145000              2940                4473.2              202.516             662.974             27.6155             
191000              3630                1805.06             234.029             1.759               6.28513             
121000              3810                1499.62             113.56              9.51946             0                   
105000              3450                1070.86             104.184             446.026             76.9921             
56000               3150                4669.72             238.341             418.411             0                   
123000              3120                6105.11             208.451             0                   0                   
58000               3900                3231.2              217.49              13.7287             103.061             
168000              3000                5739.65             205.306             304.777             0                   
105000              3090                1792.42             134.553             4.43536             37.7743             
85000               2970                1434.85             134.349             66.8001             95.2316             
57000               4320                1854.29             161.326             151.841             96.2216             
58000               2940                6199.2              192.994             313.943             0                   
82000               3060                1373.72             215.422             320.122             120.732             
124000              2970                1093.66             122.557             369.991             101.511             
38000               3150                4856.62             190.274             426.142             0                   
38000               4020                2481.05             238.994             1.83946             96.5646             
38000               3750                2095.58             220.924             6.68871             164.592             
38000               4410                1705.11             154.045             360.779             69.0717             
121000              4050                1434.35             123.818             12.1721             20.6522             
56000               3930                1778.23             178.069             417.332             85.4889             
165000              3330                1551.95             188.423             1.759               89.7535             
132000              2910                7011.98             232.252             104.691             0                   
38000               4410                1919.78             189.644             396.889             0                   
56000               3120                5963.06             202.541             27.0231             22.4726             
167000              3330                1524.08             204.566             23.4714             38.4757             
105000              3210                1129.43             104.184             477.377             19                  
151000              2880                6854.59             232.252             73.3812             61.9436             
38000               4260                2194.72             134.235             73.7088             0                   
61000               2970                1502.13             148.116             44.6568             61.1975             
38000               3600                3774.99             200.421             12.7335             38.7937             
61000               2970                1301.06             137.689             320.558             101.59              
57000               3570                3662.26             237.163             222.485             45.0722             
121000              3420                1508.52             113.56              43.3392             0                   
61000               2970                1357.86             157.361             168.369             122.696             
147000              3360                1323.95             195.977             76.7584             70.0627             
57000               3480                5339.68             200.996             3.32391             147.587             
61000               3510                1170.25             135.99              345.948             0                   
121000              3960                1335.25             154.499             214.749             0                   
61000               2940                1289.24             144.198             467.406             65.2039             
105000              4110                2056.37             208.107             0                   86.6573             
124000              3060                1963.01             165.388             121.168             0                   
38000               3030                6033.85             220.738             348.683             120.774             
38000               3420                5852.36             238.681             307.698             0                   
140000              3360                1472.49             212.093             1.759               122.807             
38000               4020                2222.09             135.558             236.111             44.2662             
38000               4230                2487.18             189.644             -1.42109e-14        101.16              
132000              2790                6756.2              237.756             163.389             46.2827             
103000              2940                5236.29             225.936             373.509             78.7448             
61000               3360                1451.23             137.199             44.8991             109.454             
77000               2850                5480.87             207.422             749.771             0                   
38000               4020                1900.28             213.687             302.022             107.764             
38000               3060                6056.31             219.055             0                   0                   
81000               3210                1210.69             109.943             371.638             12.0877             
105000              3270                1773.12             231.333             29.9425             81.7135             
57000               3570                5240.26             220.017             375.621             97.0802             
124000              3060                1125                122.557             408.283             53.1532             
83000               2970                5682                236.243             536.08              31.678              
101000              3780                2107.84             143.111             237.039             0.226656            
38000               4200                1889.68             199.967             395.691             99.1372             
102000              2850                5630.74             236.243             666.715             0                   
38000               4500                3888.44             203.98              -1.06581e-14        0                   
62000               3930                2238.1              136.067             56.8892             0                   
61000               2910                7155.73             237.383             239.87              0                   
38000               3960                2582.89             169.11              -1.42109e-14        102.822             
168000              2850                4840.67             222.961             785.436             18.0702             
121000              3360                1326.04             141.086             12.165              70.0627             
38000               4260                1802.26             205.145             487.765             0                   
61000               3300                1431.93             239.451             248.367             9.4307              
38000               2880                6471.47             217.761             275.619             0                   
56000               3960                1991.33             238.159             32.637              152.071             
61000               3450                5872.49             237.087             0                   0                   
38000               3630                2105.6              209.114             341.883             0                   
38000               4500                1800.18             137.782             479.327             29.792              
38000               3240                6065.46             194.617             5.74101             106.377             
147000              3870                1441.43             118.145             105.946             0                   
105000              3420                1084.15             141.533             523.92              90.82               
38000               3870                3416.08             237.898             36.6179             0.0757937           
123000              3000                6911.71             228.392             0                   17.4489             
81000               4170                2171.26             177.068             3.65315             87.7018             
105000              3450                1090.97             104.184             337.727             0                   
121000              3720                1679.32             217.895             8.04987             1.89456             
148000              3000                6277.24             205.306             1.81369             0                   
38000               3450                2170.9              186.418             321.846             112.76              
81000               3420                1107.78             133.763             492.524             90.82               
121000              2940                4735.95             202.516             564.064             0                   
38000               4560                2093.18             160.709             0.910081            0                   
38000               3990                1959.22             176.256             538.531             0                   
76000               3000                5482.88             192.723             574.69              29.5516             
57000               3540                5440.4              219.055             27.1356             4.63684             
121000              2910                5300.29             207.422             859.205             0                   
79000               4170                2175.47             239.805             0                   0.32725             
38000               3900                3136.47             234.387             2.63715             122.18              
149000              2880                5506.41             217.452             469.208             0                   
57000               3120                5368.86             236.084             361.297             246.045             
56000               4200                1892.85             236.929             44.8395             119.306             
56000               3090                5507.8              212.54              410.959             129.346             
38000               4200                1848.58             179.089             691.522             0                   
83000               3480                5391.33             199.329             7.00088             171.746             
38000               4110                2244.87             210.262             -1.42109e-14        9.33502             
142000              3240                5859.81             203.25              0                   19.4592             
191000              3510                1863.79             175.863             2.24019             0                   
76000               2910                5805.1              230.798             628.254             0                   
81000               3510                1128.75             104.184             463.114             0                   
77000               3150                5762.68             219.055             22.4315             129.954             
58000               4260                2044.46             133.307             25.64               112.957             
57000               3390                5553.42             237                 3.55271e-15         69.3                
38000               3450                5808.7              205.575             409.878             0                   
38000               3240                5965.52             195.705             142.188             57.3164             
105000              3210                1807.9              209.452             4.19302             142.162             
38000               3000                5842.7              200.583             637.251             22.0327             
145000              2970                1276.02             156.47              272.604             55.4112             
124000              3120                1780.84             233.793             0.242336            111.2               
81000               3450                1113.57             104.184             432.265             108.909             
82000               3450                1309.13             232.364             263.898             114.421             
95000               2910                5385.78             207.422             466.597             69.8933             
38000               4200                1850.24             137.782             645.855             0                   
81000               3300                1484.88             187.239             328.069             0                   
151000              2850                6522.77             223.402             293.358             2.87661             
57000               3870                2115.2              171.936             58.6605             127.792             
38000               4110                1795.34             137.782             694.964             99.1372             
75000               2940                5537.65             235.182             317.738             146.478             
57000               4050                1923.11             231.73              422.706             2.34148             
57000               3330                3833.01             211.579             495.227             154.465             
147000              3630                1360.09             141.086             146.753             0                   
105000              3150                1141.46             122.557             303.775             110.317             
64000               3390                5481.85             218.497             13.9863             157.442             
84000               2850                6033.89             207.422             429.071             0                   
168000              3570                5657.17             213.649             7.10543e-15         22.8655             
38000               3450                3852.3              191.964             450.945             76.4231             
168000              3030                5942.9              215.526             74.2558             0                   
121000              3510                1275.14             172.869             97.2807             98.1006             
58000               3360                4753.09             239.537             235.448             99.5167             
168000              2910                5348.84             224.518             657.849             0                   
187000              3210                5494.35             231.799             0                   87.9206             
106000              3030                6533.22             231.848             193.871             11.5156             
84000               3420                1802.65             238.144             205.279             0                   
38000               3030                5428.93             238.622             504.947             43.8126             
76000               4050                2064.55             239.009             1.83946             80.8799             
105000              3300                1249.36             193.228             317.261             35.0797             
105000              3600                1082.62             104.184             396.376             36.1851             
124000              3180                1748.73             234.341             58.4354             37.7743             
79000               3900                2412.06             174.045             0.898258            0.226656            
161000              3660                1644.12             214.947             1.759               0                   
145000              3030                2032.52             192.416             222.179             0                   
38000               4020                1945.57             203.199             46.4486             141.488             
56000               3480                5216.55             238.837             48.3528             169.941             
38000               3900                2205.36             139.028             137.508             112.856             
85000               3090                2016.58             162.308             9.09977             0                   
38000               4500                1945.27             137.615             59.2761             105.267             
147000              3570                1441.75             157.742             249.031             0                   
105000              3210                1258.26             176.214             340.55              101.511             
83000               4320                2032.12             137.227             32.3742             20.7655             
168000              2820                5305.41             237.756             523.713             40.7197             
56000               4200                1990.55             193.554             1.83946             147.481             
61000               3030                1442.14             157.666             367.649             0                   
38000               4500                1896.68             161.326             0                   47.9731             
147000              3660                1788.13             236.315             4.98283             27.4083             
105000              3210                1130.89             141.533             494.464             0                   
38000               2850                6172.83             207.422             400.335             0                   
