192000              4400                842.221             918.66              406.683             0                   
297000              3400                654.582             243.749             77.7675             73.6284             
297000              3400                657.015             250.421             77.7675             37.2345             
192000              6500                812.376             293.704             1608.66             0                   
192000              4400                901.085             918.66              350.587             55.3122             
192000              5800                817.217             281.319             1888.38             75.1421             
297000              6700                636.181             214.556             0                   0                   
192000              4400                1054.43             326.828             197.238             93.0398             
192000              3800                1127.44             352.708             207.269             30.2426             
192000              3400                941.367             307.847             1279.37             56.1406             
207000              3400                825.82              243.749             2022.61             0                   
297000              5400                744.376             197.343             2163.86             0                   
192000              3800                940.32              307.847             311.352             0                   
207000              3800                861.111             257.276             0.598246            0                   
192000              3400                1106.03             307.847             1108.83             80.154              
192000              4400                1064.32             326.828             198.689             59.9961             
297000              4100                664.651             230.366             0                   112.153             
192000              4400                933.162             918.66              315.742             15.2558             
192000              3800                940.32              918.66              311.352             0                   
192000              3800                1227.66             918.66              173.774             83.6561             
192000              6200                1017.87             290.53              1281.94             113.67              
192000              4400                960.322             918.66              291.349             0                   
207000              3800                892.784             764.532             -5.68434e-14        0                   
207000              6100                835.462             238.266             2022.61             0                   
297000              3400                660.022             253.428             6.59143             20.4435             
192000              4400                983.397             918.66              265.506             66.1192             
297000              6700                625.241             215.805             0                   24.9732             
192000              3800                927.665             969.764             375.111             118.298             
192000              6400                948.557             283.684             1361.39             111.071             
192000              5800                1088                284.885             757.696             0                   
192000              3400                954.615             307.847             1266.12             0                   
297000              6700                656.952             196.537             1120.15             0                   
291000              7800                1051.21             654.195             -7.10543e-15        0                   
297000              7400                598.202             226.085             4.95737             0                   
192000              5800                873.125             232.028             1802.33             0                   
297000              6000                704.578             187.999             1383.67             0                   
192000              5800                864.131             241.199             1833.37             96.909              
192000              3800                994.667             307.847             257.005             28.1901             
297000              6700                647.524             189.643             1396.9              81.5854             
409000              4400                779.347             592.051             -1.77636e-14        0                   
291000              3400                1046.39             324.747             841.628             0                   
297000              3400                679.11              230.294             0                   0                   
207000              3800                777.667             253.454             111.57              0                   
297000              6100                753.837             210.945             922.888             0                   
297000              4400                653.599             594.409             314.779             0                   
304000              5400                850.929             225.417             1660.69             0                   
207000              3800                1010.25             310.905             0                   0                   
284000              7700                714.709             1359.73             1795.83             0                   
192000              4400                1224.12             925.731             173.774             70.1486             
207000              3400                886.669             239.324             1815.57             110.413             
192000              5200                837.398             243.762             1601.25             0                   
192000              6400                957.603             261.97              1540.12             0                   
192000              3800                1005.53             307.847             246.142             80.154              
192000              3800                1032.3              414.068             216.605             0                   
402000              8100                762.886             568.856             -1.42109e-14        0                   
396000              4400                1084.36             592.051             -1.77636e-14        106.327             
192000              3400                1143.17             307.847             1056.39             6.05749             
291000              4400                1208.43             664.289             -7.10543e-15        20.7815             
207000              3800                819.541             251.288             2131.27             0                   
192000              6400                891.127             230.045             1702.15             111.071             
291000              3400                1056.37             1399.89             727.46              0                   
192000              3800                1005.53             918.66              246.142             80.154              
396000              4800                981.073             629.938             -5.68434e-14        0                   
192000              6400                1061.38             280.327             1300.14             0                   
192000              4400                839.288             307.847             409.615             0                   
304000              4400                853.4               653.683             -7.10543e-15        36.3648             
297000              6000                722.162             184.721             2117.69             0                   
306000              4800                1018.94             630.587             -5.68434e-14        0                   
297000              4100                665.715             250.579             6.59143             0                   
207000              3400                868.355             254.265             1524.21             0                   
192000              6500                812.376             2275.03             1608.66             0                   
185000              6700                650.439             1367.91             1130.42             0                   
291000              3400                1086.62             323.922             690.382             0                   
291000              3400                1101.78             319.554             957.392             129.941             
192000              4400                961.53              918.66              289.539             95.9011             
297000              5800                696.612             215.709             944.326             0                   
192000              3400                913.893             307.847             1454.05             0                   
297000              6100                774.013             210.945             916.906             106.816             
284000              3400                1190.17             1622.26             886.564             0                   
192000              3800                1228.76             918.66              173.774             0                   
306000              4800                1298.84             624.237             -1.7053e-13         0                   
192000              4400                888.022             307.847             363.65              55                  
291000              3400                1232.54             431.39              641.411             0                   
192000              3800                1175.93             918.66              173.774             58.5934             
192000              4400                972.824             307.847             278.847             106.055             
297000              6000                635.279             1546.75             1411.85             0                   
291000              7100                771.582             293.374             1993.08             0                   
297000              3800                994.245             741.079             -2.84217e-14        0                   
297000              5800                745.292             189.74              2164.24             71.6271             
192000              3800                1132.66             357.917             173.774             0                   
396000              7000                1041.51             592.051             -3.55271e-15        90.3161             
322000              4800                1176.92             687.093             -1.49214e-13        0                   
192000              5200                983.059             277.653             1598.85             0                   
297000              6700                618.209             195.3               1396.9              0                   
192000              6500                820.508             293.704             1353.8              0                   
207000              3800                935.952             799.1               -7.10543e-14        33.2938             
192000              3400                1273.11             423.424             1036.46             0                   
297000              5400                687.479             185.106             2188.42             0                   
192000              3800                1060.71             356.129             213.156             80.154              
322000              4800                1085.71             687.696             -1.27898e-13        0                   
192000              3800                840.671             918.66              416.682             56.1406             
192000              4400                983.397             392.426             265.506             66.1192             
207000              6100                870.833             238.266             1933.97             0                   
207000              3400                900.903             240.467             1774.17             70.299              
192000              3800                1148.8              352.806             207.171             129.65              
192000              3400                941.323             307.847             1341.64             111.071             
192000              3400                1122.56             307.847             1092.14             0                   
192000              6100                930.709             299.338             1359.96             52.6023             
297000              4400                655.338             584.845             251.756             23.2426             
192000              5800                971.322             274.725             1348.98             0                   
192000              6100                1014.11             293.704             1238.08             0                   
192000              4400                875.399             305.838             658.878             52.6023             
192000              4400                1222.02             918.66              173.774             116.5               
192000              5800                902.896             233.533             1702.21             128.453             
207000              3800                1230.09             799.322             -2.13163e-13        33.5166             
291000              7100                1024.48             288.028             0                   0                   
192000              5200                1057.07             297.406             1565.03             0                   
192000              3400                990.127             307.847             1250.87             111.071             
207000              3400                908.512             250.94              1652.72             0                   
192000              3800                1225.38             918.66              173.774             41.011              
291000              7100                881.939             584.845             0.598246            23.2426             
192000              4400                946.65              307.847             304.42              83.4109             
297000              4400                653.644             243.749             305.383             0                   
192000              3800                811.984             969.764             558.693             52.6023             
297000              5800                737.309             201.535             1865.7              0                   
192000              5200                824.268             243.762             1666.76             91.0711             
297000              5200                754.871             228.505             1666.83             0                   
207000              3800                847.046             250.402             111.57              16.4434             
192000              3800                930.447             307.847             321.224             65.6956             
207000              3400                952.761             279.495             1479.65             110.413             
192000              4400                1073.78             918.66              189.231             94.1931             
291000              3400                1133.85             333.7               657.09              0                   
192000              3800                814.767             307.847             504.807             0                   
396000              4400                1069.46             592.051             -1.42109e-14        0                   
297000              6100                636.542             195.3               1196.2              0                   
192000              4400                1066.07             339.917             190.179             0                   
297000              4100                678.503             233.84              0                   15.8678             
192000              5200                1053.26             295.18              1536.73             126.985             
297000              6400                747.015             229.089             476.651             0                   
297000              5800                719.67              213.104             769.274             0                   
297000              5400                823.358             226.275             1034.73             0                   
297000              6500                716.13              195.79              1121.66             0                   
192000              4400                916.472             322.589             351.308             125.629             
192000              3800                1001.9              307.847             249.772             0                   
192000              4400                1058.24             918.66              193.431             0                   
192000              4400                1061.97             918.66              189.699             63.6184             
192000              3800                936.319             969.764             366.457             52.6023             
284000              3400                1097.95             1526.14             834.505             115.163             
192000              4400                1084.39             338.593             188.728             101.043             
297000              3400                662.248             247.221             4.15794             97.3895             
192000              5800                898.202             289.76              1503.56             0                   
291000              4400                1213.5              669.355             -7.10543e-15        0                   
192000              3800                1054.62             918.66              207.56              0                   
192000              3800                811.984             307.847             558.693             52.6023             
192000              3800                1111.95             356.129             174.573             79.6921             
192000              5800                1027.36             282.544             886.081             0                   
291000              3400                1123.91             1392.89             668.159             0                   
192000              5800                1005.03             297.983             921.866             28.0644             
192000              3400                1049.71             334.346             1142.5              0                   
297000              3800                1105.23             742.367             -5.68434e-14        0                   
192000              4400                1222.52             918.66              173.774             87.3625             
192000              5200                1069.02             297.578             1371.27             0                   
291000              8100                1091.93             572.486             -7.10543e-15        64.3263             
192000              3800                937.537             307.847             365.238             52.6023             
192000              3400                895.657             307.847             2198.79             0                   
207000              3400                875.413             239.324             1860.12             0                   
192000              5600                1036.91             280.538             1568.05             8.24725             
192000              3400                923.003             307.847             1359.96             52.6023             
297000              3400                665.098             254.265             1.39767             73.6284             
412000              3800                961.579             741.138             -2.84217e-14        0                   
306000              4800                1201.59             629.174             -1.7053e-13         0                   
297000              7100                768.837             656.048             -1.42109e-14        0                   
297000              5400                701.191             199.762             1907.7              0                   
192000              4400                881.199             307.847             367.705             15.2558             
192000              3800                840.671             307.847             416.682             56.1406             
297000              3800                915.892             692.413             -1.42109e-14        0                   
297000              6000                656.307             188.662             1325.18             0                   
192000              3400                1162.55             313.956             1052.15             114.868             
192000              4400                979.242             326.828             272.43              29.4214             
291000              7100                767.276             290.693             2054.68             54.283              
192000              6400                977.184             278.082             1340.66             70.299              
297000              8100                789.006             555.951             -1.42109e-14        0                   
192000              5600                1023.88             282.636             1566.93             43.77               
322000              4800                976.324             687.86              -2.13163e-14        0                   
192000              6400                992.955             263.66              1429.74             113.485             
192000              6500                887.318             293.704             1311.88             0                   
192000              5800                819.602             243.762             1710.38             0                   
297000              6700                621.401             229.867             0.598246            5.31298             
192000              6500                810.713             2275.03             1610.32             52.6023             
207000              3800                780.674             638.06              40.3942             0                   
297000              5800                681.128             217.728             2173.19             0                   
207000              6500                811.608             250.674             2167.91             0                   
207000              3800                985.881             849.029             -9.9476e-14         0                   
192000              3800                1194.34             920.957             173.774             102.284             
192000              6500                988.914             271.931             1396.83             0                   
192000              4400                881.199             918.66              367.705             15.2558             
192000              4400                1175.15             920.957             173.774             41.011              
207000              3800                1079.33             764.532             -1.7053e-13         0                   
192000              6400                864.017             235.762             1815.45             0                   
192000              3800                817.447             918.66              439.906             0                   
