461000              3100                3218.27             510.82              991.778             31.9637             
551000              3050                3861.44             575.072             389.273             0                   
649000              3200                2662.96             711.436             516.906             45.3788             
841000              3100                2221.13             493.827             1762.9              0                   
457000              4000                2932.82             568.355             542.42              15.2393             
829000              3050                3531.89             624.414             409.193             31.0388             
367000              3050                3650.04             593.067             754.789             0                   
750000              3700                3419.08             478.15              1699.62             55.6429             
464000              3500                2162.33             489.315             1887.08             30.4846             
829000              3050                3074.36             599.612             745.517             41.2331             
649000              3200                2836.1              667.389             366.971             4.14573             
367000              3050                2897.4              713.763             1312.84             54.2306             
367000              3200                3164.76             626.981             480.077             37.745              
742000              3150                2093.95             489.315             1779.3              18.6846             
458000              3650                2616                489.315             1269.36             18.6846             
841000              3700                3192.44             488.717             1605.51             66.2095             
750000              3950                2880.33             490.32              1773.61             14.5372             
367000              3250                2711.87             537.017             730.009             85.3073             
367000              3050                2722.89             686.08              1420.92             0                   
367000              3200                3487.62             747.848             2.32137             0                   
642000              3600                3708.6              691.285             79.8717             0                   
651000              3050                2912.46             498.627             1277.44             0                   
750000              4000                3066.31             486.159             1558.12             30.2011             
367000              3300                2150.7              587.881             1451.58             18.6846             
649000              3450                2276.78             660.853             829.796             57.4299             
464000              3100                3548.31             575.072             389.273             60.1813             
732000              3400                4197.19             853.98              -2.84217e-13        1.21552             
367000              3250                3401.76             715.659             0                   91.7817             
638000              3450                3901.09             953.707             -3.41061e-13        14.3353             
454000              3350                4386.21             705.189             18.5662             0                   
638000              3200                4350.43             894.368             -2.84217e-13        20.2569             
750000              4150                3126.22             436.229             1564.32             30.624              
367000              3500                2101.95             489.315             1652.67             44.6126             
750000              3700                3506.95             469.693             1584.97             0                   
367000              3350                3085.25             715.659             8.90231             0                   
458000              3450                2058.79             498.627             1234.29             0.434491            
458000              3200                2430.98             490.455             1319.99             81.4632             
829000              3100                3766.36             653.211             357.407             47.8601             
642000              3500                2992.71             694.311             200.438             35.2357             
829000              3050                3312.46             624.414             582.621             57.3114             
367000              3350                2666.02             606.005             469.516             18.6846             
367000              3550                2285.53             489.315             1437.8              18.6846             
545000              3900                4106.15             892.193             -3.41061e-13        1.21552             
841000              3700                2027.41             489.315             1424.17             18.6846             
644000              3050                3512.96             715.659             124.414             42.6592             
750000              3950                2904.1              414.058             1768.96             0                   
639000              3250                4081.06             913.994             -3.41061e-13        1.21552             
464000              3100                3939.27             710.178             5.36761             54.4027             
460000              3600                2807.45             489.315             950.876             79.9146             
458000              3050                2916.29             643.65              778.811             18.6846             
829000              3050                3253.92             577.668             687.966             0                   
638000              3800                3899.15             944.951             -3.41061e-13        7.36631             
367000              3050                3270                542.875             1364.23             53.8726             
638000              3150                4526.04             903.251             -2.70006e-13        50.0027             
545000              3650                4330.29             946.118             -3.97904e-13        96.8365             
642000              3050                4097.12             750.627             0                   0                   
367000              3250                2565.77             711.436             686.703             32.4442             
458000              3050                2346.6              493.827             1581.89             0                   
829000              3350                3842.08             713.582             1.9636              68.3399             
750000              3750                3060.75             413.793             1762.95             55.5208             
548000              3200                2845.4              489.315             1038.96             71.1132             
555000              3050                2279.19             491.488             1633.67             54.1665             
367000              3050                3868.93             580.277             405.107             0                   
649000              3700                2204.91             523.279             960.237             0                   
649000              3450                2438.72             716.488             687.56              0                   
829000              3050                3055.28             498.627             885.46              0                   
742000              3550                3006.16             493.827             1126                0                   
829000              3250                2739.97             490.455             960.486             18.6846             
651000              4000                3011.29             491.175             2026.74             6.90564             
367000              3050                3059.57             713.763             1146.78             27.5657             
367000              3350                2082.68             490.455             1147.66             39.3109             
464000              3300                2558.95             537.017             721.837             0                   
649000              3150                2193.03             490.455             1387.99             49.8394             
648000              3400                2052.1              563.276             1480.6              27.0643             
367000              3250                2337.47             490.455             919.98              32.4442             
367000              3100                3812.7              606.916             324.167             69.9625             
736000              3150                2388.96             624.414             1031.32             31.0388             
551000              3050                4000.98             667.819             289.502             31.5633             
654000              3050                3298.57             512.49              1119.78             32.2995             
367000              3550                3456.02             580.277             405.107             0                   
829000              3050                3075.95             490.455             869.566             47.6815             
649000              3450                2025.4              490.455             1153.33             31.7086             
458000              3250                2469.3              498.627             862.612             96.3528             
367000              3450                3775.75             580.277             405.107             18.28               
735000              4000                3609.66             695.924             0.60235             28.0475             
545000              3550                3990.06             938.753             -3.41061e-13        23.8632             
555000              3050                2238.47             491.488             1732.48             18.6846             
367000              3150                2233.09             513.459             1516.27             49.3431             
642000              3050                3828.13             706.394             233.917             0                   
551000              3250                3748.42             643.35              351.653             71.5269             
367000              3300                3389.08             490.455             850.765             42.8774             
367000              3700                4139.57             715.659             -2.41585e-13        9.75749             
829000              3050                2945.52             553.195             846.509             18.6846             
551000              3650                3579.02             575.072             389.273             0                   
750000              3750                3170                414.058             1558.12             0                   
545000              3750                4066.27             880.585             -3.41061e-13        36.9293             
638000              3650                4084.81             880.302             -3.41061e-13        56.0185             
829000              3100                3649.01             699.891             184.339             41.8103             
750000              4300                3114.48             452.036             1564.06             0                   
458000              3250                3363.85             715.659             0.418874            31.2268             
742000              3800                2031.13             547.803             1257.06             13.4413             
367000              3500                3006.48             489.315             1080.79             55.3073             
367000              3050                4151.07             633.921             242.491             62.8764             
367000              3050                3992.21             677.566             300.976             21.6174             
639000              3650                2382.74             490.455             852.522             18.6846             
458000              3050                2257.93             489.315             1937.16             30.4846             
651000              4150                2801.2              490.008             2048.65             0.429975            
555000              3100                3668.91             667.819             289.502             82.4265             
750000              3650                3595.32             441.988             1798.54             0                   
466000              3200                3823.9              710.178             5.36761             126.942             
649000              3200                2038.83             498.627             1211.55             0                   
750000              3750                2904.82             413.793             1779.2              30.624              
545000              3750                2486.66             516.029             852.522             50.2035             
642000              3050                3072.81             489.315             1388.11             58.2181             
648000              3200                2101.86             609.524             1479.04             18.6846             
732000              3700                4537.89             958.755             -3.97904e-13        31.2954             
458000              3150                3761.24             715.945             0.0254184           94.3288             
642000              3250                3184.35             715.659             6.14876             0                   
638000              3550                3774.18             952.621             -3.41061e-13        84.6682             
736000              3150                2949.94             624.414             616.158             53.5873             
367000              3100                2248.84             489.315             1827.96             18.6846             
649000              3450                2752.95             599.612             491.772             41.2331             
651000              3950                3286.11             429.275             1558.38             44.7521             
738000              3150                3446.88             560.372             475.538             31.623              
551000              3050                3630.01             575.072             705.574             34.4438             
649000              3200                2205.4              632.585             963.628             0                   
736000              3400                3638.26             705.22              12.0429             120.272             
555000              3050                2675.71             519.511             1260.55             0                   
552000              3250                2659.86             615.132             563.103             0                   
551000              3050                4150.45             710.178             5.36761             17.8418             
829000              3550                3855.22             706.758             10.8801             11.0907             
829000              3050                2700.48             490.455             1224.26             54.1665             
367000              3450                4003.43             641.426             324.507             55.6778             
367000              3650                4101.91             645.167             181.811             58.1625             
732000              3200                4263.57             947.829             -3.41061e-13        59.6153             
641000              3550                3771.59             705.22              48.9443             80.2643             
559000              3700                2089.22             493.827             1696.45             0                   
741000              3200                3322.66             715.659             54.748              4.77926             
367000              3100                3807.37             715.945             0.44243             64.0758             
367000              3450                2670.26             489.315             1115.89             108.423             
367000              3350                2931.45             489.315             1135.7              90.1134             
367000              3100                3444.67             490.455             850.765             57.2916             
742000              3350                2034.64             493.827             1451.96             0                   
367000              3700                2789.8              493.827             1188.5              0.171068            
829000              3100                3563.65             553.374             560.12              0                   
735000              3850                3570.09             695.924             0.60235             56.9595             
367000              3050                4330.92             715.659             -2.41585e-13        0                   
750000              4200                2843.55             475.948             1717.13             0                   
742000              3050                2848.43             490.455             1194.05             47.6815             
464000              3600                2245.87             493.827             2149.25             0                   
367000              3650                2881.65             489.315             1197.72             28.6424             
732000              3550                4490.44             936.812             -4.40536e-13        60.9329             
367000              3350                2484.13             711.436             641.95              0                   
367000              3650                3874.47             664.775             327.063             0                   
829000              3900                3621.71             695.924             0.60235             10.819              
735000              3400                4125.71             705.67              137.167             0                   
367000              3450                4175.94             715.659             -2.41585e-13        0                   
367000              3050                2625.03             546.18              1427.69             18.6846             
458000              3050                2487.14             668.41              1220.36             31.0388             
545000              3600                3846.1              696.381             0.144668            0                   
829000              3900                3618.26             695.924             0.60235             35.1182             
645000              3650                2062.69             535.487             1181.12             48.5797             
458000              3250                2541.75             537.017             730.009             73.1265             
639000              3950                3905.74             695.924             0.60235             0                   
742000              3750                2001.07             493.827             1485.78             0                   
841000              3150                2179.99             493.827             1321.76             0                   
644000              3050                3137.63             674.391             499.372             16.6592             
829000              3750                3709.09             695.924             0.60235             64.0225             
367000              3600                2635.09             498.627             757.791             0                   
367000              3350                2883.16             706.089             234.21              48.7422             
367000              3100                3320.81             498.627             910.424             0                   
742000              3350                2241.11             489.315             1222.94             54.1665             
742000              3350                2336.11             498.627             917.904             0                   
461000              3300                2121                589.026             1471.03             0                   
464000              3700                3418.23             574.448             463.895             0                   
638000              3650                4058.59             892.578             -3.41061e-13        1.21552             
458000              3100                3393.39             706.253             193.248             0                   
367000              3100                3560.8              563.832             699.812             58.0526             
645000              3650                2178.58             489.315             1142.61             86.162              
742000              3800                2004.04             543.161             1279.51             44.0554             
732000              3600                3945.88             913.768             -2.84217e-13        101.423             
367000              3350                2212.89             614.177             928.619             0                   
367000              3600                2760.82             493.206             765.294             82.0335             
555000              3650                2074.5              489.315             1610.34             41.5277             
742000              3750                2511.56             489.315             1070.89             18.6846             
367000              3050                3389.73             776.767             988.771             0                   
551000              3650                3762.88             667.819             295.44              31.5633             
454000              3700                3725.13             706.394             164.548             0                   
732000              3150                4435.66             903.251             -2.70006e-13        18.3063             
367000              3050                2380.87             493.827             1762.94             0                   
551000              3850                3584.97             636.164             325.013             0                   
741000              3050                3242.21             674.391             402.787             0                   
645000              3100                2226.29             493.827             1792.54             0                   
742000              3700                2017.07             582.906             1653                47.9956             
841000              3550                2009.13             490.455             1356.81             18.6846             
545000              3300                3992.34             887.178             -3.41061e-13        32.5565             
367000              3350                3200.28             710.178             5.36761             44.9451             
551000              3050                4218.29             750.627             0                   44.3462             
367000              3050                2494.1              489.315             1711.97             55.3073             
367000              3450                2786.52             546.18              1349.37             0                   
