642000              3850                1991.73             412.267             1549.1              47.2426             
278000              3750                3606.33             551.228             1185.8              100.258             
278000              3500                1888.24             953.789             2109.92             47.3752             
650000              3000                2203                864.435             2404.9              29.1889             
457000              3600                1864.63             841.587             1758.76             47.2426             
544000              3500                3585.15             679.249             0.0283619           0                   
457000              3000                3884.81             710.77              1310.72             43.9617             
457000              3400                1887.94             841.587             2151.97             0                   
741000              3750                1820.13             480.736             2413.88             0                   
548000              3700                3271.88             480.736             927.768             0                   
647000              3050                3879.66             584.555             607.449             40.5345             
462000              3700                3088.65             729.341             0.726103            3.70723             
278000              3100                3549.3              551.228             1191.74             27.2133             
371000              3250                3497.76             729.341             0.367268            92.7042             
650000              3000                2128.48             864.435             2562.94             0                   
278000              3250                2357.57             551.228             1703.85             122.301             
642000              3600                1840.75             506.67              2167.92             0                   
751000              4300                3164.63             476.72              1163.29             63.4493             
556000              3100                3364.51             666.179             170.532             93.6017             
278000              3100                2682.4              480.736             2305.55             60.7065             
371000              3650                3680.22             770.282             -8.52651e-14        106.398             
278000              3100                2585.23             623.417             2222.66             70.5017             
278000              3100                2523.47             551.228             2257.26             27.2133             
650000              3150                2491.67             484.104             1143.37             77.0902             
572000              4100                3071.85             629.867             210.188             56.5053             
572000              4250                3110.62             632.826             196.989             93.4357             
551000              3100                2097.87             958.169             1937.53             0                   
457000              3150                1990.11             931.764             1865.92             47.2426             
457000              3150                1976.43             857.446             3105.44             0                   
278000              3100                4103.2              727.511             779.716             35.8866             
371000              3600                2919.57             664.764             208.115             21.0818             
551000              3000                2368.83             864.435             2450.16             0                   
278000              3900                3872.73             727.511             815.593             0                   
556000              3000                2784.81             490.578             2540.79             0                   
548000              3800                1805.12             841.587             2164.26             0                   
457000              3050                2999.61             903.237             800.65              75.5247             
837000              3950                2635.26             426.832             1917.78             32.8332             
371000              3300                2036.12             911.667             1219.38             0                   
457000              3100                3405.57             887.716             142.394             54.4654             
457000              3000                4571.98             855.569             1173.5              102.836             
664000              4200                2756.02             422.658             1756.22             0                   
650000              3000                2715.54             841.587             1967.59             0                   
548000              3000                4030.1              950.781             930.948             107.18              
751000              4000                2482.67             404.401             2033.74             0                   
548000              3000                4091.77             887.716             791.142             107.18              
371000              3550                4325.23             677.727             97.3376             0                   
371000              3500                1867.09             841.587             1953.18             60.7065             
548000              3050                3934.2              695.931             51.7851             24.0091             
278000              3100                3944.12             665.756             1017.5              0                   
556000              3100                3073                727.943             492.374             82.2791             
371000              3550                2366.96             429.082             1368.18             116.826             
371000              3100                4198.42             729.341             219.768             0                   
651000              3400                3352.66             576.104             406.697             0                   
371000              3250                2449.04             501.652             691.53              0                   
278000              3400                1965.9              480.736             2335.16             60.7065             
371000              3400                4166.5              800.594             -8.52651e-14        132.445             
278000              3150                3532.24             701.52              1028.75             158.091             
371000              3250                2738.5              600.749             405.577             71.518              
278000              3700                4025.89             694.869             869.351             0                   
278000              3250                2684.26             690.893             1298.45             38.094              
556000              3550                1859.48             882.197             2063.62             0                   
278000              3550                3550.6              757.163             1016.92             64.3024             
751000              4150                3146.23             431.814             1197.78             63.4493             
278000              3400                2216.99             623.417             2111.26             47.2426             
556000              3050                2162.14             434.751             1850.16             75.1002             
278000              3250                3110.34             666.521             847.876             101.517             
457000              3050                2088.12             852.136             3181.05             68.9241             
278000              3200                2174.41             551.228             2101.52             74.4559             
462000              3850                3652.94             770.282             -8.52651e-14        0                   
650000              3000                2118.72             947.119             2918.68             47.2426             
548000              3850                2190                515.964             866.99              0                   
278000              3600                2428.14             643.256             1960.68             0                   
570000              3200                3198.37             727.558             0.952451            24.6778             
278000              3550                2578.56             480.736             1781.42             127.885             
278000              3350                3241.53             579.974             1391.67             95.2104             
664000              4200                2478.24             396.479             2021.81             0                   
457000              3700                2397.32             659.504             669.679             86.8537             
457000              3600                1973.77             484.527             1198.56             92.7578             
278000              3150                3136.92             484.527             1427.66             37.9321             
371000              3500                3391.72             657.037             148.92              160.382             
278000              3100                2892.63             650.329             1921.69             13.2975             
462000              3750                2008.42             412.267             1311.74             47.2426             
837000              3950                3007.28             426.832             1260.1              0                   
371000              3200                1978.83             852.136             2361.17             0                   
572000              4100                3295.32             625.973             227.31              116.536             
470000              3200                2582.93             694.83              663.422             0                   
371000              3650                3837.89             769.904             -8.52651e-14        0                   
837000              3750                2888.89             426.832             1670.88             0                   
369000              3600                1939.2              484.527             2070.09             70.8353             
278000              3300                4129.34             727.793             773.779             0                   
664000              4200                2663.47             396.479             1826.18             29.7545             
457000              3600                2597.74             507.265             674.932             99.8265             
278000              3550                3287.63             484.527             1391.67             113.142             
278000              3550                3930.22             782.132             782.927             33.9682             
278000              3900                3268.76             484.527             1430.9              20.3457             
462000              3800                1808.4              480.736             2266.73             47.2426             
371000              3650                3745.61             765.295             -8.52651e-14        55.4024             
369000              3550                1943.8              480.736             2385.7              0                   
278000              3100                2916.12             620.686             1991.89             101.778             
462000              3750                3102.54             655.481             105.842             29.7193             
556000              3050                3880.23             695.931             51.7851             90.8182             
278000              3100                3350.8              490.223             1393.33             0                   
371000              3200                1936.92             852.136             2703.88             47.2426             
371000              3550                2349.91             611.647             736.258             86.8537             
650000              3000                2444.8              852.652             2158.08             60.5401             
457000              3050                3395.57             597.253             487.04              0                   
561000              3650                1770.17             480.736             2108.03             47.2426             
369000              3750                2962.81             487.62              1391.67             49.93               
556000              3050                2755.99             614.236             1054.56             0                   
371000              3450                3850.87             765.295             -8.52651e-14        30.801              
556000              3050                2115.62             480.736             2354.71             0                   
556000              3050                2557.1              434.751             1496.49             44.7301             
278000              3150                2651.15             480.736             2005.8              127.146             
462000              3750                2033.55             430.375             1273.11             0                   
462000              3700                2385.42             633.011             660.496             0                   
551000              3500                1970.03             426.762             1568.19             60.7065             
278000              3550                4023.54             782.132             773.779             91.6321             
647000              3400                1893.46             484.527             1642.38             47.2426             
457000              3100                2085                434.751             1855.27             44.7301             
457000              3250                1845.5              936.25              2134.47             0                   
751000              4150                3102.14             453.302             1182.53             33.8521             
551000              3300                2025.26             430.375             1670.48             0                   
457000              3000                2834.61             537.33              2674.5              0                   
369000              3500                3724.1              782.132             773.779             0                   
741000              3000                2958.82             864.435             1903.52             13.2975             
371000              3150                2873.19             500.503             984.144             82.2921             
572000              4100                3314.34             641.821             154.749             26.0332             
457000              3000                3776.36             659.972             1376.95             13.2975             
278000              3700                3074.16             480.736             1769.23             67.3162             
653000              3050                4358.07             558.614             684.37              16.4474             
457000              3000                2197.91             841.587             2439.88             60.7065             
372000              3150                2041.02             480.736             2526.26             47.2426             
647000              3050                3080.84             648.342             757.244             0                   
650000              3000                2129.22             841.587             3033.59             47.2426             
556000              2950                3619.5              911.421             2817.27             25.3705             
837000              4150                3087.77             476.72              1163.29             0                   
278000              3650                2090.57             480.736             1929.58             0                   
278000              3100                3502.02             551.228             1221.8              75.8657             
278000              3100                2317.6              480.736             2463.12             0                   
551000              3000                2193.13             841.587             3296.67             0                   
371000              3600                3121.49             661.271             105.777             84.2451             
457000              3000                3249.18             480.736             1849.47             0                   
556000              3050                2694.45             650.329             1010.33             80.6703             
371000              3700                3673.39             770.282             -8.52651e-14        151.699             
642000              3200                2277.69             484.527             1277.59             0                   
551000              3300                2197.39             416.538             1438.26             81.3328             
650000              3000                2578.66             864.435             2032.32             91.2523             
548000              3500                2034.68             546.629             1129.58             0                   
647000              3050                3523.7              480.736             927.768             0                   
278000              3100                4045.33             747.07              849.204             68.6444             
642000              3850                1778.28             480.736             2230.38             0                   
647000              3050                3727.18             551.228             854.593             60.5795             
751000              4200                2439.19             396.479             2064.91             13.0913             
371000              3850                3620.67             662.609             151.788             0                   
551000              3050                2169.39             864.435             2259.03             82.388              
278000              3550                3428.83             650.329             1228.3              89.0441             
457000              3000                4629.11             918.164             1153.45             0                   
647000              3050                4025.99             689.834             439.52              13.2975             
369000              3850                3186.54             484.527             1391.67             0                   
837000              4350                2753.23             423.028             1495.89             0                   
278000              3900                3850.84             650.329             975.199             13.2975             
371000              3600                1984.82             852.136             1687.54             95.9783             
371000              3350                3616.93             520.31              665.237             29.9222             
751000              4000                2900.42             401.774             1246.81             0                   
278000              3500                2366.94             650.329             1483.01             99.4472             
371000              3600                2026.45             412.267             1367.86             56.5046             
650000              3150                2854.74             482.276             1043.72             22.7795             
371000              3450                1977.35             852.136             1517.35             109.962             
371000              3750                2572.54             564.219             556.963             0                   
371000              3350                4149.11             616.65              265.269             0                   
462000              3750                3458.84             520.31              658.467             76.9722             
278000              3550                3141.2              620.686             1548.51             0                   
371000              3250                2260.08             481.907             889.857             52.2052             
371000              3350                3637.39             531.474             644.779             98.6283             
371000              3300                2531.33             629.215             579.591             102.882             
278000              3100                3025.89             675.172             1816.46             78.4801             
278000              3900                3473.04             584.555             1306                13.3212             
548000              3350                1845.81             852.136             2205.7              47.2426             
650000              3000                2654.02             623.417             1989.9              0                   
371000              3800                2018.17             882.197             1637.58             0                   
369000              3450                2038.68             519.452             1787.97             108.591             
371000              3250                3165.4              727.558             0.952451            0                   
278000              3500                3432.25             727.511             1224.34             0                   
642000              3850                1778.28             826.708             2230.38             0                   
642000              3050                3559.37             659.757             359.496             57.7237             
837000              3750                2616.88             399.406             1936.16             13.0913             
928000              3900                2649.95             426.832             1874.91             13.0913             
371000              3600                3240.64             807.344             0.065035            56.6774             
278000              3500                2058.67             484.527             1791.27             86.1496             
457000              3000                2914.77             841.587             2021.24             92.2739             
750000              3850                3236.43             426.832             1398.64             0                   
457000              3300                2355.44             416.538             1430.49             114.621             
556000              3100                3500.58             727.943             110.555             114.873             
556000              3150                2304.56             650.329             1238.42             60.5401             
457000              3100                3547.49             727.943             18.7092             121.729             
457000              3200                1889.63             480.736             2134.47             0                   
371000              3600                2073.08             430.375             1216.04             0                   
457000              3050                3875.72             747.744             -8.52651e-14        0                   
371000              3150                4064.81             727.558             2.87641             56.8805             
278000              3300                2663.38             480.736             2119.11             0                   
