285000              3800                1124.26             1345.68             611.202             0                   
202000              5800                2536.58             654.523             417.745             217.868             
284000              4800                1214.65             859.535             267.849             48.3453             
185000              3800                1474.02             495.706             500.013             166.124             
202000              5200                801.076             248.036             1940.67             0                   
297000              3400                702.451             235.802             1779.8              93.831              
297000              6000                623.553             188.662             3103.18             30.7374             
185000              4400                767.07              1378.03             1232.91             28.1231             
297000              6700                662.766             196.169             1606.09             43.831              
297000              3800                1195.23             338.525             188.174             83.967              
185000              6700                1218.2              349.35              589.709             0                   
297000              3800                1088.46             335.681             202.648             0                   
202000              6500                757.248             1762.43             1361.33             163.421             
185000              6700                721.602             239.258             2863.09             188.839             
185000              7700                719.319             1189.95             1125.62             0                   
412000              3800                1409.57             899.127             144.133             0                   
297000              4400                710.731             235.802             337.904             126.156             
185000              6500                1588.02             470.018             314.343             46.0981             
185000              4000                807.112             1701.24             1287.07             0                   
202000              6700                696.568             220.603             2970.82             26                  
185000              6500                1537.68             1314.82             314.267             46.0981             
396000              3800                938.157             817.242             253.761             80.6094             
297000              3800                1365.79             398.706             144.036             54.3743             
297000              3400                687.754             235.802             3069.35             56.3246             
202000              7100                713.818             1853.31             1618.21             30.3852             
297000              5200                867.57              224.156             1798.73             36.6023             
185000              7100                1040.83             302.08              624.879             0                   
185000              6500                1550.72             471.31              314.343             169.548             
202000              5800                824.162             217.377             2790.32             139.659             
185000              5400                834.432             278.278             2800.82             0                   
297000              3400                730.19              1377.08             1036.67             26                  
185000              7100                759.672             1286.24             877.455             24                  
202000              5200                2577.24             687.1               381.591             197.766             
202000              5200                2533.32             673.205             480.121             236.647             
202000              6100                747.108             1762.43             1494.89             26                  
285000              7100                1242.2              1345.68             494.566             0                   
185000              3400                1249.77             1378.03             630.382             28.1231             
185000              6000                851.417             1286.24             871.202             43.831              
185000              7100                1139.67             401.795             521.188             142.254             
297000              4400                675.043             235.802             2967.59             93.831              
402000              4400                678.339             498.976             197.886             0                   
297000              3800                832.24              261.588             840.747             178.867             
185000              3800                973.631             1314.82             730.966             0                   
202000              5200                2579.29             687.1               379.015             13.8688             
185000              6700                764.762             234.759             2979.97             134.628             
202000              6700                782.318             202.333             2353.75             0                   
297000              3400                857.649             1283.21             799.608             80.6094             
202000              6500                734.105             228.633             1700.84             88.7097             
185000              3400                1406.62             1314.82             505.142             179.132             
185000              6100                936.725             238.501             2450.84             41                  
185000              3400                1469.27             1314.82             505.142             134.293             
297000              7700                592.983             212.815             3011.74             0                   
185000              6000                814.815             276.873             916.799             71.4365             
185000              6000                747.21              260.042             2230.73             0                   
297000              3400                745.572             244.157             930.88              71.4365             
185000              3400                858.873             1314.82             992.641             88.153              
202000              6500                737.993             1762.43             1380.59             75.2213             
297000              3000                839.868             237.123             2889.27             143.707             
297000              3000                764.737             239.039             2972.83             0                   
285000              3400                1236.65             1417.13             602.418             126.497             
185000              7100                1130.05             421.391             535.651             32.3246             
297000              6700                621.144             214.909             1.39767             30.4349             
185000              3400                859.245             1396.4              926.932             185.248             
185000              5400                880.076             239.258             2290.97             134.628             
202000              6500                718.778             1762.43             1399.8              0                   
185000              6700                725.392             260.042             920.73              0                   
397000              3400                1246.8              1363.99             560.163             5.72846             
297000              7700                776.106             209.111             813.752             71                  
185000              6700                872.202             240.252             2684.33             0                   
297000              7400                598.202             226.085             37.3366             30                  
202000              6100                766.851             248.249             1381.4              120.282             
297000              7700                773.558             211.791             724.209             0                   
185000              6500                1505.16             511.612             314.267             114.463             
202000              5800                837.851             217.978             2088.2              210.771             
297000              6400                656.545             185.66              2607.37             34.2111             
202000              7100                713.532             225.533             1642.1              32.3246             
185000              3400                1311.39             1314.82             505.55              0                   
185000              6000                875.043             304.985             847.576             0                   
297000              3000                802.392             236.724             2926.75             189.367             
202000              5600                2607.1              690.49              347.224             34.0086             
185000              3400                828.272             244.157             2809.07             58.153              
185000              7100                1522.83             452.334             336.986             129.124             
185000              6100                906.151             238.955             2441.69             140.264             
297000              5000                813.092             248.95              0                   19.7877             
185000              6700                724.854             1286.24             921.268             43.831              
297000              6700                643.19              196.169             1579.06             130.156             
297000              5200                792.211             204.893             2338                107.771             
202000              5200                786.326             222.326             2759.95             95.7966             
185000              6500                908.016             233.335             2129.52             170.264             
290000              4800                823.756             1286.2              1259.22             140.264             
185000              3800                1316.46             440.425             500.089             31.831              
297000              5400                722.977             193.005             2971.38             96.3956             
297000              4400                680.681             242.772             12.2251             0                   
297000              6500                849.005             237.14              911.255             0                   
185000              7100                1059.31             1314.82             606.393             88.153              
185000              3800                1014.78             317.064             699.001             0                   
297000              7700                590.281             217.529             3107                30.4349             
297000              3400                1480.76             1311.83             490.28              166.124             
185000              6700                721.388             1466.73             1220.18             0                   
202000              5200                2584.39             687.1               369.926             95.2569             
290000              4400                763.307             1378.03             1141.86             28.1231             
202000              5600                770.922             246.894             1926.9              30.3852             
185000              3400                1238.07             392.959             679.811             157.249             
202000              6500                695.896             225.533             2971.01             88.7097             
202000              5200                2596.04             672.651             380.317             271.799             
185000              7100                1462.86             1314.82             349.903             0                   
185000              6500                1459.98             1314.82             359.447             185.075             
185000              6700                835.874             213.417             2780.35             58.4721             
297000              3400                824.1               230.145             2438.41             0                   
202000              6700                710.893             1853.31             1636.5              56.3852             
284000              4800                1197.26             859.535             574.884             78.3453             
397000              3400                906.291             1317.07             784.822             0                   
202000              5200                2602.76             670.252             379.864             61.2483             
297000              4400                673.688             235.802             3083.42             156.156             
396000              3800                1079.24             861.341             202.464             0                   
185000              6500                1221.25             1314.82             506.165             0                   
284000              3800                1417.31             931.754             160.909             73.6861             
285000              3400                1530.35             1345.68             474.932             134.293             
297000              6400                712.856             185.151             2440.1              83.3238             
297000              7400                625.951             238.208             0                   0                   
185000              7100                800.08              1286.24             837.047             103.267             
202000              7100                714.755             237.451             1526.4              0                   
185000              7100                1501.61             486.749             315.643             74.8015             
297000              3400                685.674             235.802             3071.43             126.156             
297000              3400                861.585             244.157             807.078             0                   
297000              4400                670.68              492.714             199.284             0                   
185000              3400                1335.54             413.58              517.198             0                   
202000              5200                2520.05             687.1               438.784             157.002             
297000              3800                922.455             1311.83             779.15              25.8284             
285000              3400                1372.46             1345.68             475.34              0                   
185000              6500                1038.94             301.205             626.768             181.264             
297000              3800                1220.17             881.959             191.018             53.967              
185000              3400                875.267             244.157             884.339             0                   
297000              4400                681.86              235.802             2790.23             0                   
396000              3800                1435.25             897.138             100.428             53.5615             
285000              7100                1101.9              1345.68             594.669             0                   
185000              3400                855.345             244.157             2677.91             0                   
202000              5600                2508.63             670.698             471.707             0                   
185000              6500                1146.27             1314.82             519.44              142.254             
290000              4400                791.075             1394.49             1130.56             156.054             
185000              7100                1445.78             447.22              366.98              0                   
297000              6700                652.631             194.637             2999.72             181.057             
185000              6000                766.862             239.258             2817.22             162.233             
285000              6500                1554.83             1345.68             292.184             5.67469             
297000              3400                710.522             235.802             1226.39             0                   
297000              5700                665.568             196.169             3018.22             0                   
297000              5800                803.144             225.923             1430.42             0                   
297000              5400                858.63              229.472             2147.75             0                   
284000              3800                1144.05             882.013             203.64              87.3882             
297000              3400                731.158             1286.67             945.294             0                   
185000              6500                983.848             313.29              750.633             140.264             
185000              3800                829.546             1314.82             875.05              140.264             
185000              3800                829.546             244.157             875.05              140.264             
297000              6700                614.444             195.3               1720.85             0                   
185000              3800                1194.26             337.462             575.162             93.1077             
202000              5200                787.115             222.326             2664.31             0                   
185000              3400                871.969             244.157             1114.23             112.153             
185000              6700                743.579             239.258             1042.08             134.628             
185000              3400                1270.4              434.895             546.536             85.2132             
185000              6500                1505.16             1314.82             314.267             114.463             
285000              4000                929.497             272.952             743.012             0                   
185000              3400                824.787             244.157             2882.44             112.153             
297000              3800                749.162             230.145             2553.15             24                  
297000              3800                893.601             275.12              317.877             80.6094             
185000              3400                1270.4              1314.82             546.536             85.2132             
185000              3800                1308.33             1098.81             424.035             0                   
297000              3400                709.554             1560.46             1317.77             26                  
185000              3400                957.147             347.096             747.45              68.5009             
284000              4800                1427.93             868.764             211.459             15.261              
297000              3000                772.632             238.689             1898.2              126.156             
185000              4800                822.713             1378.03             1173.12             168.387             
185000              6500                985.631             1314.82             675.226             28.937              
297000              4400                696.11              235.802             1692.02             93.831              
185000              7100                1199.61             371.741             506.291             88.153              
185000              3800                835.31              244.157             961.932             49.8284             
297000              3800                1373.25             870.498             151.829             0                   
297000              3000                758.001             238.689             2950.64             82.3246             
285000              6500                1131.95             349.009             549.589             0                   
297000              6000                677.449             186.899             2392.26             0                   
185000              3400                866.66              1314.82             891.24              25.8284             
185000              6000                811.01              1286.24             920.605             0                   
185000              7100                936.898             1314.82             723.958             140.264             
396000              3800                1236.82             916.202             144.632             108.369             
185000              6400                819.385             227.501             2189.74             97.6532             
297000              3000                768.578             247.464             1689.54             0                   
297000              3000                902.291             277.812             1564.68             43.831              
185000              3400                1469.27             497.722             505.142             134.293             
185000              7100                879.303             237.403             880.068             105.365             
297000              3800                1408.11             427.377             109.521             15.261              
185000              3800                826.81              244.157             2694.16             140.264             
297000              3400                1076.03             337.462             663.28              93.1077             
285000              3400                989.239             1345.68             752.686             57.6594             
297000              3000                833.382             235.802             2601.62             187.538             
297000              6700                597.308             195.3               3007.41             0                   
297000              3400                1059.85             401.417             692.499             40.1785             
297000              6700                701.337             202.514             975.044             60                  
185000              7100                1056.54             297.881             653.858             159.406             
297000              5800                697.562             210.756             1118.82             30                  
185000              6500                1496.32             508.625             319.833             5.67469             
185000              6500                1465.14             1314.82             351.014             153.755             
