290000              5000                1141.13             1602.32             3309.3              0                   
312000              3800                1011.46             328.054             457.985             99.1194             
312000              7700                1174.26             364.157             68.4252             136.344             
290000              5000                989.287             217.23              4452.2              101.452             
312000              3400                1131.29             337.141             1088.79             146.859             
312000              3400                987.849             351.122             2279.62             30                  
185000              5200                1687.99             642.36              97.0425             148.487             
312000              5400                805.881             1632.24             966.552             0                   
185000              5800                1521.35             1433.74             -2.84217e-13        0                   
185000              6800                1615.99             1376.76             -2.84217e-13        0                   
312000              3800                1145.39             423.749             126.158             123.054             
402000              5400                790.639             1906.33             1161.29             0                   
312000              3000                1347.93             457.66              492.085             127.204             
422000              5000                1039.86             219.788             4531.78             0                   
312000              3400                987.346             351.122             2280.12             60.3852             
427000              7100                984.804             970.795             103.397             179.587             
312000              6400                881.386             248.157             373.708             0                   
312000              3000                1390.11             483.626             421.307             51.151              
312000              7000                1129.73             896.689             0.0886786           114.709             
185000              5400                746.228             228.004             1508.08             91.2404             
312000              3400                1664.4              1420.45             -1.13687e-13        0                   
312000              3000                1779.68             564.202             1.44552             49.7325             
312000              6500                816.906             256.702             529.401             135.46              
312000              3000                1320.19             427.472             509.413             13.0591             
312000              7000                1087.1              414.715             5.33934             17.8242             
185000              5800                1110.08             328.799             281.873             16.2703             
312000              6000                1603.6              1365.05             -1.13687e-13        0                   
185000              5600                667.41              183.009             2284.07             0                   
290000              4400                2306                621.077             855.457             85.2903             
185000              5200                1951.51             511.171             0.159982            0                   
312000              3800                1502.22             498.332             0                   0                   
185000              5400                1273.03             1433.66             128.828             0                   
312000              6400                1041.94             1036.42             240.426             0                   
312000              3800                1016.63             328.565             329.112             0                   
290000              5000                1348.94             314.966             2989.18             149.992             
312000              7700                924.598             302.1               255.554             97.8234             
185000              6400                1248.7              501.55              143.252             19.1209             
312000              7100                819.32              252.244             503.029             80.1345             
185000              6700                1074.6              291.073             488.033             62.2037             
312000              5800                1337.35             1283.06             3.4027              38.2628             
312000              7100                1006.53             315.312             84.6158             59.6888             
185000              5800                1467.28             410.741             26.4975             0                   
312000              7000                1090.93             880.765             1.50838             43.3103             
290000              5000                1482.07             427.942             3100.09             77.4522             
312000              6400                1251.48             405.931             0                   104.257             
290000              5000                964.756             248.448             3482.29             77.4522             
312000              3000                1852.77             552.302             19.7689             121.888             
312000              5200                1523.71             1376.62             -2.27374e-13        27.3583             
312000              3400                1571.16             442.645             4.60923             43.4051             
312000              4000                1351.26             443.77              42.1473             80.372              
312000              5200                1285.33             1283.06             11.0225             152.856             
185000              6500                728.586             1571.98             1211.88             57.3911             
312000              3000                1619.49             455.277             261.94              17.3209             
185000              6700                926.297             242.06              622.803             30.3852             
312000              3000                1174.28             337.141             1879.11             146.859             
185000              5200                1315.57             542.375             1675.9              59.8098             
185000              5200                1496.04             412.258             1078.15             110.896             
185000              6400                1246.02             396.392             160.903             73.654              
185000              5200                1364.9              408.777             1477.46             13.3332             
185000              6000                1195.32             1466.73             239.615             11.3787             
312000              3000                1327.8              369.303             1638.91             119.944             
290000              4400                2394.06             666.94              769.382             132.693             
290000              5000                906.449             224.3               3609.86             113.72              
185000              6100                731.265             1663.04             1210.25             143.837             
290000              5000                2440.92             561.33              2808.45             0                   
297000              4400                1567.39             1455.43             219.28              89.3965             
312000              3400                985.177             348.953             2282.29             106.276             
312000              6400                860.036             1045.73             306.17              45.9301             
185000              5200                1298.59             483.519             770.502             122.941             
200000              4800                1609.57             1399.29             1096.45             0                   
290000              5000                895.413             224.803             4444.56             47.067              
185000              5200                1316.36             630.691             745.373             69.045              
312000              3000                1114.99             348.953             2003.01             45.8909             
185000              5400                984.506             1433.66             444.658             0                   
185000              5200                1942.16             655.571             0                   144.548             
185000              5800                827.035             292.435             687.931             0                   
297000              3400                1526.32             1448.48             32.869              106.631             
312000              5800                1352.78             387.116             0                   0                   
185000              5200                1169.42             502.102             1782.06             20.1792             
185000              5200                1747.9              568.809             204.542             116.664             
312000              4400                1204.79             412.384             107.703             103.138             
290000              5000                1173.1              321.178             3743.94             0                   
185000              5200                1829.82             1688.46             19.7964             0                   
290000              5000                1035.68             244.495             3405.12             144.439             
312000              7700                867.198             263.883             300.975             41.0109             
185000              5400                889.653             283.493             639.82              30.3852             
185000              6700                681.251             1563.5              1234.71             0                   
312000              3000                1328.23             340.416             1561.99             71.7814             
185000              5200                1050.67             335.485             1915.15             128.875             
312000              3400                1491.24             1150.41             -8.52651e-14        59.9763             
185000              5200                1517.22             398.768             1070.2              0                   
185000              6400                1413.78             381.57              139.248             112.482             
290000              5000                1493.77             431.726             3044.67             0                   
312000              3400                1695.84             507.267             0                   120.058             
290000              5000                918.445             224.3               4143.79             30.3852             
312000              5800                838.504             230.891             512.868             111.46              
185000              6800                1735.9              1403.26             -3.41061e-13        149.034             
312000              5200                825.895             228.483             1721.41             118.175             
427000              7100                950.707             879.806             140.77              0                   
312000              3000                1309.85             425.538             683.058             145.607             
290000              5000                1327.53             414.362             3228.9              69.6178             
427000              6500                817.253             911.268             512.868             111.46              
312000              7100                976.385             312.289             114.76              0                   
185000              5800                1620.99             1533.37             -3.41061e-13        35.2953             
312000              5800                1151.87             312.289             250.94              31.1302             
312000              6500                1280.48             528.107             44.5265             0                   
427000              7100                1055.59             970.795             32.611              77.3059             
185000              5200                710.416             179.864             1979.44             0                   
185000              5200                1249.53             409.563             1716.29             128.875             
185000              5200                1963.25             494.828             658.266             0                   
290000              4400                2100.19             621.077             1107.21             41.8102             
185000              5200                991.023             335.485             1960.46             30.3852             
185000              5800                820.83              1466.73             727.208             0                   
185000              5400                1297.1              681.944             104.755             44.6964             
185000              6500                736.826             1387.38             822.193             0                   
290000              5000                904.512             224.3               4435.47             139.24              
185000              5200                683.167             178.16              2275.72             139.759             
200000              5200                1316.91             1535.35             231.033             46.8035             
312000              3000                1205.48             335.132             1971.59             91.2242             
312000              7100                868.503             279.257             269.499             148.451             
422000              5000                1045.65             219.788             4525.99             32.2161             
185000              7100                727.167             226.515             939.647             0                   
312000              3400                1094.05             348.953             914.605             75.8909             
402000              6800                835.178             912.725             512.365             81.0744             
312000              7000                1187.03             896.689             0                   77.8467             
185000              6700                750.906             224.093             1036.28             50.0385             
312000              3800                1016.12             328.054             329.622             34.6632             
312000              6500                875.635             237.956             700.766             30.3852             
185000              5200                1919.32             493.584             27.5185             46.2164             
185000              5800                1527.76             412.258             10.5899             56.8593             
312000              7100                829.385             262.061             496.901             0                   
185000              6200                792.903             212.434             1799.86             0                   
312000              6400                1116.68             422.83              21.1342             63.3309             
185000              6800                1574.48             1379.91             -5.68434e-14        57.6981             
312000              3400                1281.49             407.426             773.745             115.222             
185000              6700                766.429             226                 853.461             108.665             
427000              7000                1120.5              911.526             2.7003              0                   
312000              3000                1117.16             351.122             2000.84             0                   
297000              5200                876.557             1653.88             1006.53             30.3852             
312000              5800                1464.72             1283.07             -1.42109e-14        136.476             
312000              5200                1316.15             1285.07             6.10701             119.62              
185000              7100                834.828             225.102             846.601             77.2145             
185000              6000                686.649             196.567             1238.19             30.3852             
312000              5400                794.096             1632.24             974.584             111.46              
312000              7100                993.756             973.739             98.1831             107.858             
312000              7100                1457.99             1394.4              -5.68434e-14        0                   
312000              5200                1291.31             425.768             5.04975             140.038             
290000              5000                1470.06             492.05              3083.77             45.4197             
312000              5400                795.27              230.891             1064.8              135.46              
312000              3400                1058.6              351.122             1224.06             0                   
312000              3800                1016.12             1193.72             329.622             34.6632             
290000              5000                1240.08             319.769             3212.67             101.147             
297000              6500                735.875             1385.45             821.216             68.6817             
402000              7400                877.735             912.725             373.708             0                   
312000              5800                840.385             228.483             866.754             78.4356             
185000              5200                1569.98             680.459             491.753             30.3852             
312000              5400                799.87              1632.24             877.958             69.6196             
185000              7100                720.539             1475.17             1016.42             30.3852             
312000              5200                1379.3              1283.92             -1.42109e-14        0                   
185000              5800                1602.02             456.849             0                   140.32              
312000              5200                877.065             229.361             1099.79             54.3852             
185000              5200                1098.8              568.569             1852.68             0                   
312000              3000                1265.28             335.132             1701.43             26                  
290000              5000                1336.34             418.948             3580.71             0                   
185000              5400                888.264             1515.32             689.801             30.3852             
312000              3000                1407.61             381.671             1559.1              0                   
185000              7100                727.167             1405.03             939.647             0                   
185000              6700                678.275             197.07              1237.69             0                   
312000              5800                846.535             1228.33             504.837             0                   
427000              5400                799.151             1720.13             966.568             0                   
185000              5400                1112.93             415.976             316.236             0                   
185000              5200                1594.3              494.691             730.771             78.9422             
306000              4400                1959.66             1407.56             775.497             83.8487             
290000              5000                1097.2              255.847             3345.97             46.537              
312000              3000                1590.1              488.503             226.891             81.151              
185000              6700                1016.07             304.02              477.311             0                   
312000              5400                806.501             238.42              871.327             0                   
290000              5000                2377.86             553.296             2494.6              101.153             
312000              7000                1235.39             512.34              3.4564              86.285              
290000              5000                898.193             227.583             4353.88             77.4522             
290000              5000                908.203             224.803             4431.78             0                   
185000              6500                764.641             1413.72             820.713             99.863              
185000              5800                1411.2              1450.17             0                   57.6981             
312000              3800                1129.42             1193.72             239.788             84.4393             
312000              3000                1786.52             564.202             0                   0                   
185000              5200                1876.24             590.635             16.5059             79.6726             
185000              5200                1190.34             360.051             889.793             149.021             
312000              3800                1281.54             557.215             64.2056             34.6632             
312000              5800                1008.79             347.792             359.969             149.026             
312000              7100                822.68              250.844             405.492             121.974             
427000              6500                825.639             911.623             504.837             0                   
185000              5400                721.549             228.004             1508.08             135.167             
200000              4800                1638.44             576.864             1075.47             0                   
185000              5400                1425.19             683.951             20.3545             91.8353             
185000              5400                1424.57             683.332             69.051              0.315928            
185000              6700                981.787             1376.61             459.937             0                   
312000              3400                1272.94             444.105             69.9047             0                   
312000              3000                1838.62             564.144             0.0394667           147.045             
185000              5600                692.848             192.891             2258.63             30.3852             
185000              5200                685.026             181.991             2266.45             56.1787             
