185000              6500                1145.98             391.351             104.411             87.4085             
185000              3400                2098.21             1329.79             -7.10543e-14        253.099             
509000              5000                1281.38             286.026             3637.19             44.8625             
300000              3400                831.553             294.419             1325.16             0                   
185000              7100                1350.23             390.368             0                   121.821             
397000              3000                1568.97             437.707             260.621             87.4072             
290000              3400                1040.14             1739.71             1227.57             30                  
299000              9700                1094.19             357.921             44.5835             129.408             
297000              7000                1240.83             423.646             0                   47.2437             
300000              6000                732.775             1662.75             1150.2              95.8722             
300000              3400                831.553             1668.89             1325.16             0                   
185000              3800                1273.63             825.036             0                   24.1745             
185000              3400                1120.02             298.577             1506.18             99.972              
185000              3400                2005.93             716.217             54.7544             73.7982             
300000              7000                807.246             220.936             870.298             14.868              
185000              3400                2045.25             1343.9              -7.10543e-14        0                   
412000              7400                694.595             506.382             188.067             79.4467             
300000              3400                1446.17             610.19              368.121             0                   
300000              5400                936.623             257.568             1273.3              97.938              
282000              4800                1186.6              900.62              275.227             0                   
300000              3400                1598.93             1214.88             278.754             0                   
300000              5400                793.109             227.473             1477.38             200.02              
185000              3400                1804.95             589.115             163.543             168.774             
300000              6400                770.379             228.593             26.0561             0                   
185000              3800                961.928             990.945             728.348             30                  
185000              6500                1142.09             921.142             130.975             30.3852             
185000              3400                1815.47             613.447             50.0426             206.609             
397000              3000                1770.97             515.119             11.0783             74.1901             
185000              3400                1297.76             364.338             895.341             0                   
397000              3000                1875.01             1678.67             0                   0                   
185000              3400                1857.63             610.903             111.14              111.221             
185000              3400                1869.99             1431.22             0                   223.311             
185000              4400                1208.72             379.992             147.146             64.2023             
185000              3400                1243.79             479.541             1385.65             0                   
300000              5200                802.437             218.608             1695.03             86.3144             
300000              3800                970.189             799.511             435.005             30                  
185000              6500                1207.56             913.89              0.0838553           0                   
185000              3800                968.022             303.972             446.512             0                   
185000              3800                1349.13             358.331             147.146             161.704             
300000              5400                714.538             198.12              1605.82             166.573             
185000              3400                2044.64             613.447             0                   213.322             
300000              4400                791.702             294.419             2.19399             0                   
397000              3000                1535.7              479.988             1159.97             0                   
300000              3400                816.992             294.419             1431.12             132.859             
185000              3400                1033.44             307.085             1558.33             73.7662             
185000              3400                1791.08             641.4               104.485             0                   
397000              3000                1670.98             1648.32             81.2266             20.0406             
397000              3000                1506.04             444.082             486.583             59.2924             
185000              3400                1186.09             1763.53             1007.02             0                   
185000              3400                2034.6              616.911             12.8766             91.0476             
300000              3000                1732.86             1672.86             0.868285            161.211             
300000              7000                711.268             229.535             55.7941             182.713             
185000              3400                1096.83             299.099             1347.12             30                  
397000              3000                1788.05             1648.32             0                   166.392             
300000              5400                720.772             198.12              1611.25             104.226             
412000              8100                680.049             320.041             299.854             62.8412             
509000              5000                1116.55             237.349             3692.01             18.105              
297000              7000                890.226             1483.26             972.633             5.29596             
397000              3000                1307.51             441.197             1222.7              99.7816             
300000              3400                1606.46             610.19              249.43              40.6362             
300000              8400                720.272             259.568             2.71898             0                   
300000              5200                806.253             221.973             1240.94             155.35              
397000              3000                1386.88             359.768             1524.01             30.3852             
300000              6400                713.645             728.112             184.701             0                   
412000              8400                708.089             394.887             184.701             0                   
397000              3000                1758.95             538.437             0.117537            211.716             
185000              3400                1823.76             1313.87             102.854             12.6003             
397000              3000                1902.92             515.744             0                   0                   
185000              6700                1000.73             285.296             924.375             76.216              
412000              8100                683.416             320.041             296.487             0                   
185000              4000                1330.84             402.115             0                   0                   
300000              6000                778.368             223.692             1048.2              143.3               
185000              3400                2056.43             739.9               0                   142.553             
185000              3400                2024.24             1322.89             -5.68434e-14        26.3351             
185000              6400                841.917             222.825             1176.36             24                  
185000              3400                1975.06             605.898             27.1276             141.551             
185000              3400                1969.74             742.087             0                   28.9936             
185000              3400                1059.15             1763.53             1322.6              45.1837             
185000              6000                1058.03             297.697             886.314             0                   
397000              3400                1749.56             1641.65             11.8148             54.1495             
300000              6100                688.165             1483                1346.82             0                   
300000              7100                803.484             251.61              0.389702            83.7842             
509000              5000                1170.14             269.85              2892.48             82.3852             
397000              3000                1556.22             437.646             1160.79             115.965             
397000              3000                1346.72             377.413             1802                115.965             
300000              3400                987.641             339.272             1169.08             6.96349             
185000              3400                1696.53             1426.21             342.422             0                   
300000              7100                682.752             235.695             299.854             62.8412             
185000              6400                997.94              287.264             1003.91             221.797             
300000              6000                848.527             229.535             929.542             189.524             
185000              3800                997.836             303.972             416.374             60.8284             
185000              7100                1008.78             296.31              691.532             30                  
397000              3000                1361.7              346.54              1585.92             149.486             
300000              3400                899.273             294.419             837.336             62.8412             
185000              3400                1651.52             564.398             679.828             0                   
300000              3400                1183.84             393.953             524.99              0                   
397000              3000                1543.97             444.971             293.461             0                   
185000              6500                1348.97             372.273             43.2042             97.5015             
300000              6000                734.79              1662.75             1152.8              16.6056             
185000              3400                1317.51             1763.53             875.594             0                   
300000              5200                771.116             198.232             1726.35             14.868              
185000              5400                1042.6              301.559             1590.9              39.7942             
397000              3400                1817.25             498.89              36.4279             185.337             
397000              3000                1657.94             444.971             191.414             120.425             
397000              3000                1887.5              515.119             0.0918112           112.443             
300000              3400                1434.04             1120.45             406.044             0                   
397000              3400                1861.8              520.156             7.82796             38.6772             
397000              3000                1741.92             452.498             86.6758             165.026             
185000              3400                1752.52             531.405             269.572             45.1141             
305000              3400                1881.03             1272.68             6.65407             28.3365             
300000              3000                1758.52             1698.52             0.868285            124.986             
397000              3000                1408.51             360.78              1376.35             79.1908             
397000              3000                1348.91             377.413             1709.36             55.9204             
412000              7400                705.059             513.48              184.701             0                   
185000              3400                1030.83             1973.55             1560.94             0                   
185000              3400                2086.99             1335.56             -7.10543e-14        223.883             
300000              8700                736.225             241.268             0.0633245           162.568             
185000              6500                1192.13             434.471             0.0838553           57.0233             
297000              7700                1191.75             470.074             0                   15.917              
185000              3400                1284.57             386.337             1090.78             54                  
300000              5800                836.135             260.052             527.493             183.361             
185000              3800                1372.89             372.273             43.2042             97.5015             
509000              5000                1042.57             231.472             3772.09             89.8255             
185000              7100                1167.41             360.091             160.026             119.712             
300000              4400                788.335             294.419             2.19399             83.7842             
185000              3800                1224.29             1162.1              378.944             28.7576             
185000              3800                1068.58             808.851             345.95              73.3717             
397000              3000                1587.73             1658.85             131.988             50.4257             
300000              5100                781.501             284.477             0.0633245           162.568             
300000              3800                931.64              294.288             447.757             0                   
412000              6400                707.331             725.164             188.067             109.433             
397000              3000                1700.82             469.86              81.2266             20.0406             
300000              6000                757.491             1675.32             1138.05             139.631             
300000              8400                700.199             248.571             156.287             56.2991             
185000              3400                1027.27             303.475             1564.5              0                   
509000              5000                1067.13             231.472             3747.53             141.498             
300000              7100                711.008             355.924             193.898             151.261             
300000              5800                692.076             193.041             1605.06             0                   
397000              3000                1377.18             441.197             1170.3              225.064             
300000              7700                729.443             246.594             0                   197.074             
185000              3400                1107.38             1763.53             1184.14             30                  
185000              3400                1797.23             548.877             171.263             70.3804             
300000              8400                700.826             247.886             13.677              123.58              
185000              3400                1618.61             1386.49             301.13              31.3893             
300000              5200                745.32              216.266             1888.77             38.868              
297000              7000                1045.29             951.747             95.5353             0                   
300000              3800                1245.68             807.318             2.77762             0                   
300000              3400                1112.29             443.457             1013.26             43.4933             
185000              3400                1044.86             1973.55             1546.91             60.8284             
185000              3800                1412.42             412.828             2.64915             157.392             
300000              6400                765.767             636.138             29.4226             78.0491             
300000              5800                842.398             260.052             523.644             87.2031             
300000              6400                809.893             250.411             1.21069             155.732             
282000              7400                978.407             409.572             12.0325             0                   
299000              8700                1089.21             337.215             65.2904             129.408             
300000              7800                686.014             230.385             484.803             0                   
397000              3400                1725.5              1663.99             0.776473            117.494             
185000              3400                1090.9              2093.85             1538.54             0                   
185000              3400                1166.71             299.099             1026.39             75.972              
300000              7800                701.942             230.385             389.445             88.4195             
397000              3000                1385.69             359.768             1559.57             221.042             
185000              3400                1487.4              1476.32             418.497             0                   
185000              3800                962.915             808.851             545.267             0                   
300000              3400                829.105             294.419             1419.01             169.398             
185000              6400                823.959             223.73              1240.06             66.9684             
300000              6400                709.798             726.945             187.381             48.9046             
185000              6000                894.115             1466.6              951.012             37.853              
185000              6400                953.32              313.293             1039.97             0                   
300000              3400                1647.14             610.19              240.836             91.7938             
185000              6400                872.308             222.825             1128.15             156.823             
300000              3400                1259.17             442.649             449.662             38.7074             
397000              3000                1299.93             443.441             1230.27             3.87702             
185000              6500                1144.95             1143.45             292.249             0                   
300000              5400                904.365             276.945             902.516             32.2991             
397000              3000                1382.8              441.197             1167.75             167.787             
300000              7000                725.452             507.548             8.42939             0                   
300000              4000                846.236             891.42              651.587             0                   
397000              3000                1479.56             413.29              1270.93             186.119             
397000              3000                1493.38             546.942             1036.82             33.877              
397000              3400                1441.78             386.704             553.818             24.7021             
185000              3800                1192.63             951.884             292.491             61.853              
185000              3400                2014.67             742.087             0                   0                   
397000              3400                1773.31             514.817             132.197             0                   
300000              6700                739.057             208.062             1174.45             119.872             
185000              7100                1140.11             330.796             210.007             62.6887             
185000              3800                962.417             1080.95             817.859             0                   
397000              3400                1755.79             530.299             0.117537            137.147             
300000              3400                831.3               294.419             1431.12             61.9442             
300000              5100                774.316             284.477             7.24804             119.117             
300000              3800                1093.24             799.187             311.629             72.8606             
302000              3400                2000.52             1299.17             0                   0                   
185000              5800                765.294             223.735             1109.43             0                   
185000              5800                867.574             284.541             1007.15             76.7364             
397000              3000                1414.97             360.78              1335.52             0                   
300000              7000                719.354             506.382             7.24804             173.421             
397000              3000                1884.47             515.119             0.0918112           157.217             
185000              7100                1248.11             388.072             2.13624             0                   
185000              6500                1149.52             391.351             43.3951             0                   
300000              5400                780.762             247.768             1513.39             0                   
185000              3800                1412.06             811.483             -2.84217e-13        0                   
