312000              4000                1628.38             1436.08             -1.7053e-13         39.0685             
312000              5800                1016.05             1400.71             430.74              125.932             
312000              4000                1775.51             1006.63             -5.68434e-14        126.904             
529000              5000                1188.69             255.301             3584.16             0                   
327000              5000                1335.97             297.459             3504.72             71.9024             
312000              3000                1107.28             368.933             349.687             0                   
312000              6200                878.33              224.717             1667.84             0                   
312000              3000                1365.21             1631.08             -5.68434e-14        42.9358             
312000              6400                768.637             225.712             2393.2              0                   
529000              5000                1065.51             237.181             3756.78             58.3852             
307000              5000                1582.86             918.125             10.5809             16.3017             
312000              3400                1298.07             460.35              183.009             44.7234             
327000              5000                1423.84             301.448             3311.17             160.295             
217000              5000                1633.29             991.93              106.482             5.35079             
210000              6400                1609.27             983.849             1476.52             66.1434             
312000              3000                1094.12             1741.74             364.885             28.2426             
312000              6700                1045.33             397.791             272.878             92.275              
312000              5000                1575.11             1338.96             -5.68434e-14        0                   
549000              5000                1374.53             1119.02             -5.68434e-14        64.3934             
312000              6700                989.091             341.553             320.358             73.1133             
312000              6500                1399.44             1480.31             -2.84217e-13        160.362             
312000              5600                870.499             263.452             2432.05             40.983              
316000              4000                1659.19             966.093             -8.52651e-14        0                   
312000              5200                985.021             280.323             2496                30.3852             
643000              7000                1451.5              955.456             -2.84217e-14        0                   
312000              4000                1570.09             1695.6              -2.84217e-13        28.125              
424000              4000                1376.81             1431.96             -5.68434e-14        122.175             
411000              4000                1478.08             931.306             -5.68434e-14        0                   
312000              5200                964.84              290.04              1032.8              40.983              
327000              5000                1401.74             293.82              3419.23             124.484             
429000              4000                1456.06             1617.79             -1.7053e-13         8.59232             
412000              5200                943.388             263.499             1725.97             58.3852             
312000              5200                1131.79             322.122             800.305             157.671             
312000              6400                868.729             274.475             599.535             95.5499             
312000              7700                1532.62             1496.26             -2.84217e-13        0                   
312000              6000                1493.98             1693.94             -2.84217e-13        0                   
312000              5700                1397.33             364.114             104.74              0                   
312000              4000                1093.31             1741.74             667.186             64.676              
412000              6500                1273.91             1518.53             -2.27374e-13        0                   
412000              5200                1115.52             300.42              892.695             7.01087             
312000              3000                1096.13             2030.57             651.696             0                   
327000              6400                1012.39             206.829             5132.42             119.809             
312000              6700                985.288             1745.57             330.026             60.373              
312000              6400                780.455             238.333             687.81              17.1022             
312000              6500                1283.83             1505.07             -2.27374e-13        25.6096             
312000              5200                956.293             280.499             1384.91             140.521             
327000              6000                1145.26             208.266             4835.89             0                   
621000              6000                1646.98             919.35              -8.52651e-14        0                   
312000              6400                966.249             319.219             322.704             113.022             
327000              5000                1433.72             302.121             4867.09             47.9024             
312000              6400                768.31              228.919             2163.16             34.2111             
427000              5000                1619.94             1415.66             -1.7053e-13         37.6541             
312000              5200                1349.98             350.739             777.276             55.3305             
312000              6000                1121.35             400.101             230.142             122.677             
210000              6000                1938.14             1616.51             1755.47             101.069             
529000              5400                1058.83             231.822             3792.7              88.7703             
312000              6400                771.04              1400.71             769.994             0                   
529000              5000                1065.17             237.181             3757.12             88.7703             
312000              4000                1582.85             1601.95             -1.13687e-13        12.0666             
312000              6400                792.914             228.919             763.773             57.831              
429000              4000                1317.99             1373.75             -5.68434e-14        71.3387             
312000              7100                1277.12             349.966             39.0668             160.411             
312000              3000                1413.8              1679.67             -1.42109e-13        6.50196             
312000              6700                994.622             341.553             314.828             32.1303             
312000              6400                944.569             1400.71             531.982             160.399             
312000              6000                1360.54             1485.84             -2.27374e-13        91.1863             
210000              7400                3147.87             1835.17             2448.32             0                   
312000              6400                1318.81             355.21              37.0903             77.3438             
618000              6000                1545.07             960.667             -1.42109e-13        0                   
312000              6000                1100.09             1400.71             368.178             87.3275             
411000              7000                1673.16             1483.47             -2.84217e-13        0                   
327000              5000                1532.79             325.887             4626.89             0                   
312000              5800                870.92              278.92              769.842             99.5799             
312000              4000                1527.35             1425.4              -5.68434e-14        0                   
312000              4000                1558.05             1365.68             -5.68434e-14        50.0078             
312000              3000                1099.75             368.933             453.819             77.4163             
312000              5800                1123.91             355.344             406.112             9.57037             
312000              5800                1021.72             402.315             465.538             78.4477             
327000              6000                1081.47             208.069             5608.29             0                   
412000              5200                1174.47             364.867             675.621             25.3638             
307000              4000                1406.76             1121.97             0                   0                   
312000              5400                1312.37             366.067             595.631             82.6815             
427000              4000                1549.92             1486.28             -8.52651e-14        122.071             
327000              6000                1144.04             207.042             4837.12             24                  
312000              7000                1031.88             418.218             282.482             160.18              
312000              5800                810.417             223.989             1157.1              30.3852             
312000              7400                959.832             932.815             322.704             0                   
312000              3400                1103.22             368.933             631.13              0                   
327000              6000                1061.75             204.203             5352.42             143.809             
312000              5800                1092.48             1400.71             371.1               140.115             
402000              4000                1554.64             1256.31             -5.68434e-14        0                   
327000              6400                1005.18             206.829             5530.66             143.809             
432000              4000                1320.26             1158.18             -5.68434e-14        0                   
312000              3000                1133.5              368.933             323.474             94.9221             
327000              6400                1025.17             206.829             5208.89             76                  
429000              4000                1282.14             1445.22             -2.84217e-14        0                   
332000              5000                1864.3              987.326             -1.13687e-13        0                   
312000              7700                1428.55             1387.3              -1.7053e-13         59.9983             
312000              3000                1101.75             368.933             355.217             40.983              
427000              4000                1538.33             1673.7              -2.84217e-13        0                   
312000              3400                1358.45             1311.69             -4.26326e-14        0                   
312000              3000                1322.48             374.907             0                   6.14599             
312000              3000                1102.59             1742.63             357.305             0                   
327000              5000                1335.08             297.459             3596.06             95.9024             
427000              8700                1578.55             1459.38             -3.97904e-13        41.1625             
307000              5000                1402.27             1496.42             461.541             0                   
327000              5000                1254.06             281.35              3817.44             80.7703             
217000              5000                1739.45             1056.62             -5.68434e-14        0                   
526000              5000                1393.96             1021.91             -5.68434e-14        101.067             
312000              5800                820.674             215.21              2319.69             0                   
210000              6400                1746.24             1967.37             4846.74             0                   
312000              7000                1297.47             1392.82             -1.7053e-13         0                   
312000              5400                947.387             244.731             1746.75             92.4315             
312000              5800                1352.05             1480.31             -2.27374e-13        151.255             
521000              5000                1532.82             314.865             2932.3              34.4964             
529000              5000                1072.19             248.218             4025.77             0                   
217000              4000                1659.08             1311.93             -5.68434e-14        65.0904             
312000              7500                1463.19             1387.57             -2.27374e-13        160.638             
312000              6400                1265.53             341.553             47.4799             127.893             
217000              5000                1609.08             826.579             293.736             0                   
312000              6100                1329.11             499.271             125.873             0                   
402000              4000                1491.44             1025.18             -5.68434e-14        42.9479             
312000              6700                1396.57             1485.84             -2.27374e-13        0                   
312000              3000                1093.19             1944.51             568.584             28.2426             
312000              6000                1002.39             1400.71             465.875             0                   
312000              6500                1171.85             1485.84             66.2477             0                   
427000              5000                1733.99             856.229             -2.84217e-14        0                   
529000              5000                1072.98             237.181             3663.17             30.3852             
312000              6400                836.273             233.431             647.643             156.417             
312000              3400                1343.59             1505.07             -2.27374e-13        93.3933             
312000              5800                1379.59             1485.84             -1.7053e-13         64.3175             
312000              5000                1587.14             1395.46             -2.27374e-13        65.3481             
312000              6400                956.787             1400.71             549.075             31.2384             
312000              8100                1443.72             1387.3              -1.7053e-13         40.983              
312000              3400                1183.99             349.943             1275.73             22.0293             
412000              5200                940.52              264.002             1728.84             0                   
531000              5000                1566.1              886.79              -1.13687e-13        25.0956             
312000              3000                1390.62             1627.25             -5.68434e-14        93.3519             
312000              5800                1230.31             328.999             525.13              55.311              
327000              6400                1136.34             204.203             5509.46             0                   
312000              4000                1525.81             954.671             -2.84217e-14        39.8454             
312000              3000                1290.77             1456.26             0                   32.1722             
312000              6400                1265.19             341.553             47.4799             160.411             
312000              6400                771.865             223.989             769.953             0                   
312000              7500                1632.38             1477.19             -2.84217e-13        37.9482             
312000              6700                1345.07             1480.31             -2.84217e-13        40.983              
312000              5700                1245.31             358.993             199.661             75.0741             
312000              6100                1373.7              1560.61             -2.55795e-13        73.2186             
402000              5000                1635.57             1248.89             -5.68434e-14        32.1722             
312000              6000                901.96              239.978             1040.43             157.615             
312000              6100                1531.7              1632.69             -2.55795e-13        25.1285             
312000              6400                1224.3              349.201             70.2268             60.6473             
643000              6000                1501.62             1325.92             -8.52651e-14        41.0115             
300000              6000                1302.71             1529.96             5389.51             0                   
312000              5200                930.907             299.56              1077.08             157.706             
312000              5200                1347.98             350.739             875.879             91.7639             
312000              3400                1093.63             368.933             735.262             71.3681             
312000              5000                1555.18             1371.77             -1.13687e-13        45.54               
312000              5200                1015.77             283.823             1748.22             0                   
312000              5200                991.451             272.119             1136.95             120.373             
312000              6700                1076.14             341.553             251.716             155.284             
312000              4800                1337.91             1471.28             -5.68434e-14        33.9751             
327000              5000                1431.58             309.194             3395.42             142.807             
312000              5800                1097.32             427.356             389.943             158.406             
402000              4000                1353.42             1514.16             -5.68434e-14        0                   
312000              5400                1395.77             362.736             871.955             28.2873             
327000              6000                1109.5              204.203             5445.57             28                  
307000              5400                1486.11             1015.02             361.85              47.9625             
312000              3000                1091.19             1944.51             667.186             64.676              
312000              6400                957.381             293.648             363.105             0                   
332000              4000                1633.58             1026.24             -1.13687e-13        33.8546             
312000              6700                1172.51             1480.31             53.8672             76.9257             
412000              5200                931.719             279.226             1724.65             28                  
312000              5400                1050.45             404.17              734.651             155.16              
406000              5000                1624.88             931.778             -1.13687e-13        53.3222             
312000              4000                1770.09             1049.32             -5.68434e-14        113.924             
312000              5800                844.139             215.21              2296.22             27.045              
424000              5000                1425.22             1161.54             -2.84217e-14        0                   
307000              4000                1371.46             1572.11             461.541             15.591              
312000              5800                799.688             223.989             1747.03             57.831              
312000              5400                885.01              250.326             986.121             0                   
312000              5200                1221.25             323.517             1504.92             0                   
312000              5600                866.501             263.452             2532.43             71.3681             
312000              6000                1369.09             1480.31             -2.27374e-13        125.927             
312000              7700                1297.4              1392.82             -1.7053e-13         0                   
312000              6700                1309.62             341.553             47.4799             32.1303             
312000              5800                1067.97             1425.71             453.538             37.8769             
427000              5000                1746.55             1021.78             -1.13687e-13        9.27059             
312000              5800                1016.05             332.318             430.74              125.932             
312000              6400                1224.06             489.157             321.328             0                   
217000              5000                1732.58             826.579             277.769             47.6376             
217000              4000                1515.98             1022.02             0                   0                   
312000              6400                934.042             283.631             637.086             31.2384             
312000              6700                1513.41             1602.67             -3.12639e-13        70.9863             
312000              3000                1127.97             368.933             329.005             135.905             
312000              6400                1246.05             341.553             54.3624             100.818             
312000              5800                1083.51             393.596             519.66              31.2384             
312000              3000                1362.28             368.933             84.3427             31.1906             
312000              3400                1356.67             467.845             0                   0                   
312000              3000                1372.51             368.933             0                   0                   
