210000              6800                1136.79             304.31              1745.05             158.533             
210000              4000                1162.01             1660.36             2873.86             0                   
210000              4000                1215.41             366.485             1549.28             70.7047             
305000              3000                953.489             329.162             1592.05             125.362             
420000              7400                818.549             1267.72             2505.04             0                   
210000              5800                842.387             212.36              4191.99             70.8303             
305000              3400                928.695             325.331             2053.76             160.574             
210000              4400                1210.49             329.12              1583                18.639              
305000              6700                945.787             259.196             898.764             0                   
305000              5400                979.61              202.951             4821.77             163.188             
210000              5400                1249.72             1755.57             154.641             46.7047             
210000              4000                1528.05             621.7               209.687             0                   
317000              5000                1094.04             236.981             3839.37             38.9888             
305000              6100                1388.61             396.944             0                   94.2918             
210000              6800                1143.29             1759.62             1802.58             0                   
210000              6000                1406.08             340.277             2100.91             0                   
210000              5400                1715.29             786.776             -5.68434e-14        0                   
305000              3400                956.779             325.331             934.294             160.574             
210000              5400                1141.38             1351.34             2683.5              126.037             
210000              6800                842.987             211.301             2795.89             42.2718             
210000              4000                1177.2              325.952             2365.08             153.233             
305000              8700                749.326             986.318             925.508             0                   
210000              4000                1477.92             1373.25             444.162             46.7047             
210000              5000                1229.84             745.753             481.855             24                  
305000              8100                1610.76             1758.78             -7.38964e-13        0                   
305000              7000                1112.86             303.439             28.5797             0                   
305000              6400                824.726             177.997             3534.58             30                  
305000              6000                897.887             222.944             2980.91             148.328             
210000              5800                1075.32             268.726             3204.99             126.519             
305000              6000                824.558             274.574             1103.35             82.5149             
305000              3400                996.125             303.534             2251.27             82.5149             
305000              5400                1383.41             1483.42             -6.25278e-13        73.5805             
317000              5000                1032.4              219.517             4919.07             115.173             
305000              3000                1397.46             2364.6              -3.41061e-13        5.70891             
305000              3400                1177.91             425.287             0                   140.624             
210000              4400                1489.87             325.952             2196.31             159.085             
210000              6800                1114.64             1665.28             1765.99             72.5388             
210000              5400                932.398             1675.38             3216.32             76.2554             
427000              6400                1657.71             801.465             -8.52651e-14        0                   
210000              4000                1068.13             1480.23             2927.14             57.241              
305000              3400                959.586             335.758             859.086             0                   
305000              4000                1499.16             1787.12             -4.54747e-13        0                   
210000              5800                870.584             200.525             4193.25             162.329             
210000              6400                808.462             226.537             2713.63             0                   
210000              7100                1306.73             357.655             1182.57             24                  
305000              6000                824.678             213.352             3967.7              63.4194             
305000              7700                1046.31             409.209             57.6806             153.782             
210000              4000                1492.81             579.64              2318.49             0                   
417000              5400                1405.03             1159.11             -2.84217e-13        0                   
210000              5400                1271.52             392.774             12.3617             0                   
210000              6800                1117.18             1468.5              1629.75             49.1416             
325000              6400                829.72              976.297             2106.13             64.3382             
210000              4000                1051.84             325.952             4348.62             77.0899             
305000              3000                1196.39             324.041             1735.53             17.8607             
322000              8700                1557.12             1052.04             -3.41061e-13        0                   
210000              4000                1235.48             1338.03             481.975             70.7047             
210000              4000                1650.23             1456.8              180.727             132.265             
210000              4000                1522.78             624.692             189.41              84.8419             
210000              4400                1498.56             1052.04             -2.84217e-13        33.0738             
210000              4400                1233.21             327.475             2970.95             46.7047             
210000              5400                1030.34             1343.48             2889.6              207.293             
210000              5000                1217.52             1215.29             539.456             145.75              
410000              8700                763.759             986.318             820.787             0                   
210000              6400                805.186             223.764             2797.8              97.2207             
410000              9700                747.677             407                 1214.51             0                   
210000              4400                1503.06             1146.97             -5.68434e-14        0                   
305000              3400                983.076             1661.9              298.099             224.617             
410000              8700                730.558             986.318             1108.01             66.3783             
210000              5400                1164.66             265.051             2724.72             162.329             
305000              5400                976.965             205.403             4824.42             72.3232             
305000              7000                1163.9              1044.59             16.493              0                   
305000              6400                1291.48             404.073             0                   161.376             
305000              7700                792.108             1296.98             573.658             0                   
305000              6000                1305.04             380.204             5.1262              0                   
305000              8100                757.699             249.087             993.566             47.7909             
305000              8100                1438.48             1480.53             -6.82121e-13        39.242              
202000              7800                3536.09             1041.44             1216.29             101.115             
305000              3400                1176.42             318.989             184.752             64.9478             
305000              7700                762.275             187.312             1774.98             0                   
210000              4000                1053.37             345.722             2899.07             110.434             
210000              6400                1614.92             1025.3              -3.41061e-13        102.494             
410000              5400                1420.76             736.856             -2.84217e-14        0                   
210000              4000                1227.81             358.813             539.266             151.081             
305000              4000                1546.25             1403.9              -2.27374e-13        0                   
210000              4000                1054.91             328.511             4337.81             0                   
305000              7100                759.498             224.112             2691.6              66.3783             
305000              6400                1176.55             261.666             1167.05             144.095             
210000              4000                1527.4              366.485             448.001             46.7047             
210000              6000                839.904             233.958             4119.66             40.4451             
305000              7500                761.493             521.475             2911.06             47.7909             
305000              8700                749.326             249.087             925.508             0                   
305000              5400                922.707             214.391             3660.35             0                   
305000              3400                1411.64             393.267             0                   97.2674             
309000              6400                1865.19             687.114             -5.68434e-14        0                   
210000              4000                1154.08             328.511             4296.55             20.5346             
210000              4400                1223.77             356.846             1099.68             121.75              
210000              6800                1007.96             1759.62             1937.91             26                  
325000              7400                813.62              976.297             2244.58             56.3852             
305000              8100                1387.52             1413.96             -5.68434e-13        0                   
305000              3000                1276.57             2116.66             -1.42109e-14        0                   
305000              5400                918.91              221.631             3807.69             135.743             
305000              4400                1348.26             1574.25             -5.68434e-13        152.506             
305000              7400                784.718             986.318             2615.65             0                   
210000              6200                912.372             1185.32             2489.89             68.2718             
210000              6400                832.809             223.764             2186.01             126.641             
325000              6400                817.308             1267.51             2409.75             68.6321             
302000              7100                1024.67             1099.01             165.324             104.52              
309000              5400                1625.75             770.937             -5.68434e-14        46.7047             
210000              4000                1529.46             631.376             188.304             156.265             
210000              4000                1530.93             354.238             1877.5              162.473             
305000              7700                756.209             249.591             675.354             66.3783             
210000              7400                1857.95             958.961             -3.12639e-13        0                   
305000              5400                862.303             265.085             2308.23             0                   
305000              8100                742.514             1462.32             1484.75             47.7909             
210000              5400                1267.69             1215.29             12.3617             46.7047             
210000              6800                909.596             224.664             2036.27             26                  
305000              7000                786.442             187.077             3862.03             0                   
305000              6000                893.769             205.506             4703.21             0                   
305000              3000                932.731             318.989             2094.78             105.333             
210000              5400                1267.69             392.774             12.3617             46.7047             
305000              3400                997.309             318.989             541.43              123.701             
305000              3400                1348.56             375.347             19.8969             9.1201              
305000              6700                1198.09             453.394             77.657              94.0097             
210000              4000                1513.2              366.101             505.292             107.649             
210000              5400                1496.5              1052.04             -3.41061e-13        162.846             
210000              4000                1334.17             352.342             2856.38             77.0899             
210000              6000                838.512             246.532             4215.32             0                   
210000              7100                1493.71             348.136             1533.84             0                   
305000              7100                842.025             224.112             477.717             87.3699             
305000              7700                787.436             986.318             267.672             18.3373             
305000              5400                1321.54             1421.55             -5.68434e-13        0                   
210000              4000                1079.5              338.348             3017.24             163.599             
210000              4000                1070.8              1483.18             3762.27             0                   
305000              6000                829.906             274.071             2234.3              112.9               
322000              5400                1472.03             839.803             -5.68434e-14        17.6967             
210000              5400                1055.95             258.23              3602.95             0                   
305000              3000                1178.75             510.616             11.5814             46.7047             
210000              5400                1258.3              387.604             164.485             156.055             
210000              5400                1267.52             1215.12             12.3617             164.358             
305000              3000                964.018             318.989             876.71              74.9473             
210000              4000                1057.42             1483.18             2804.25             110.434             
305000              3000                1027.96             358.813             399.003             151.081             
210000              4400                1439.32             860.752             -2.84217e-14        202.639             
305000              5400                1640.9              1052.04             -3.41061e-13        0                   
420000              7700                786.842             981.942             263.89              27.764              
210000              8100                1527.68             851.517             -2.55795e-13        63.3702             
210000              6800                1200.72             986.318             1773.18             0                   
210000              4000                1153.85             370.065             2882.02             0                   
305000              7700                856.842             249.591             198.266             31.7043             
210000              6000                962.211             233.958             3622.32             162.329             
210000              5400                1252.83             1755.57             154.641             0                   
420000              7700                755.614             976.297             665.928             66.3783             
305000              8700                900.467             986.318             294.633             0                   
305000              4400                1430.71             1530.9              -5.68434e-13        36.6587             
305000              3000                1039.62             369.045             340.538             24                  
210000              4000                1797.09             1697.07             209.687             0                   
305000              3000                1268.54             504.807             0                   163.894             
410000              6400                1433.01             1044.82             -2.84217e-13        0                   
210000              4400                1659.8              1345.47             -3.69482e-13        38.9116             
210000              5400                1257.88             1215.12             69.8425             239.403             
315000              5400                1419.62             1125.5              -3.41061e-13        85.529              
305000              6000                859.392             202.843             4056.87             148.328             
305000              3000                1248.27             510.616             0                   0                   
305000              3000                1131.55             463.813             31.014              94.2701             
305000              8100                1429.09             1473.28             -6.82121e-13        76.93               
210000              5800                1136.7              414.417             3362.05             0                   
525000              9700                731.231             976.297             1302.05             66.3783             
325000              6400                832.808             976.297             2103.04             0                   
305000              4000                1191.58             366.485             38.6982             163.871             
300000              6700                1256.96             1740.9              68.2261             23.2353             
317000              5000                1066.01             227.656             4889.48             0                   
305000              5400                881.598             239.122             1925.3              82.5149             
210000              6200                886.205             1607.69             2415.52             0                   
210000              5000                1242.1              1225.67             474.399             0                   
210000              5800                883.327             200.307             3893.95             87.2593             
210000              4400                1218.33             369.045             942.623             0                   
305000              4400                868.959             274.769             544.543             0                   
210000              4000                1639.54             1446.11             180.727             230.66              
325000              6400                810.43              1358.5              2507.62             0                   
210000              4000                1185.09             1470.19             2190.83             70.7047             
210000              6400                1213.28             328.175             1852.02             89.3719             
210000              4400                1357.59             421.427             0                   0                   
305000              8700                885.716             267.382             332.431             0                   
410000              5000                1426.15             1522.46             -4.54747e-13        19.6104             
210000              6400                971.761             1382.22             1989.37             26                  
305000              8100                753.119             224.112             2843                0                   
210000              7100                1256.06             355.462             1100.02             70.7047             
305000              7100                814.597             230.637             386.694             18.3373             
210000              4400                1405.42             925.429             -2.84217e-13        79.7785             
305000              7100                790.726             224.112             2283.92             18.3373             
305000              3000                936.632             318.989             1995.48             46.7047             
210000              6400                848.689             986.318             2097.18             70.3006             
305000              4000                1252.68             1573.2              -3.41061e-13        46.7047             
417000              7100                1027.22             981.765             42.7191             42.0807             
305000              6400                817.954             1071.16             2396.56             97.2207             
305000              7700                1104.33             1020.91             35.2989             153.979             
210000              4000                1466.28             345.103             4065.59             46.7047             
305000              3000                942.576             324.932             1989.54             0                   
305000              7000                1088.47             997.071             76.4955             54.0165             
210000              6400                817.473             1369.07             2614.07             0                   
