43000               2880                5900.2              186.689             670.494             0                   
43000               4290                5611.51             239.328             123.648             0                   
95000               4320                1638.38             236.39              586.601             0                   
142000              3090                3625.27             238.695             550.383             92.4886             
95000               4500                1271.48             122.082             666.209             41.735              
165000              4170                2013.02             211.424             82.4107             17.3144             
105000              2940                5270.96             186.689             1089.42             0                   
170000              3330                2041.09             143.099             708.256             11.0567             
80000               3210                5747.82             207.836             341.039             61.0045             
95000               4500                1480.1              176.635             543.16              91.4266             
121000              4470                1677.6              196.005             261.563             0                   
63000               3300                5810.85             237.981             570.82              90.5273             
164000              2940                4830.06             183.876             1281.39             31.9748             
145000              3030                2176.2              127.19              773.287             22.1072             
145000              3240                2358.53             220.258             531.78              137.449             
145000              3090                6064.85             215.693             8.17814             33.9166             
63000               4020                2547.39             184.544             2.28776             72.0746             
118000              3090                3735.25             239.061             493.258             61.6243             
212000              3240                2657.64             238.695             469.606             58.7199             
43000               4470                5816.45             206.815             73.4353             18.458              
43000               3300                5623.03             212.142             737.931             0                   
63000               4260                1812.06             178.927             473.621             86.3832             
43000               4230                5078.87             170.88              713.134             45.6887             
138000              4620                2379.4              234.44              1.99123             0                   
99000               3540                2455.53             172.93              29.8178             116.428             
189000              4620                2266.46             194.776             20.0855             0                   
138000              4410                2142.96             147.335             2.90131             42.9106             
63000               4170                1848.83             160.078             367.448             0                   
81000               3240                7267.65             234.824             16.844              0                   
166000              3240                5289.36             237.592             402.277             5.75886             
43000               2880                5819.81             192.773             735.946             56.9362             
170000              4110                1842.99             180.596             87.1877             7.52186             
43000               2880                5734.56             179.076             914.214             40.7806             
63000               4560                2468.24             160.154             10.149              0                   
164000              3060                4591.89             211.123             1333.02             0.681191            
161000              3090                3266.3              227.439             554.282             69.2985             
43000               3900                5018.05             170.88              756.134             0                   
60000               2880                5258.69             193.716             961.224             17.4544             
144000              3960                1888.46             239.943             92.6994             21.3339             
80000               4410                2232.67             217.913             14.3863             40.1042             
164000              3270                1923.45             197.709             741.224             0                   
95000               3690                2357.9              132.971             241.019             0                   
63000               3420                2651.57             160.045             36.7174             26.4944             
95000               4650                1513.17             99.7669             560.126             0                   
95000               3690                1424.38             136.828             872.069             35.0896             
144000              3540                1601.17             235.951             667.917             25.7029             
43000               3450                5410.56             180.411             981.013             4.24914             
142000              3150                3721.48             238.695             514.412             0                   
95000               3600                1776.27             196.978             935.828             23.9674             
119000              4650                1640.78             218.488             530.094             17.1703             
164000              3090                6011.06             215.693             173.92              0                   
95000               3630                1563.24             99.644              751.994             35.0896             
164000              3480                5508.17             214.642             407.263             0.12044             
145000              3630                1447.91             99.2438             592.812             21.9351             
95000               3540                2157.46             226.634             525.804             145.753             
120000              3000                5469.61             179.076             1063.55             17.4237             
43000               4110                4354.31             217.158             410.161             88.7772             
187000              3240                2808.64             224.036             602.732             0                   
43000               3630                5930.03             237.326             162.676             6.91292             
60000               2910                6829.01             235.5               601.243             16.1272             
147000              3000                6649.83             234.824             16.0205             8.82676             
95000               3780                2228.03             127.856             259.019             45.7374             
43000               2880                5888.4              203.794             720.858             29.8321             
148000              3330                2873.52             212.935             7.25528             75.4986             
89000               4260                2137.2              173.272             14.3863             74.7975             
121000              4050                1652.44             155.173             92.6994             21.3339             
145000              3300                5903.39             215.693             78.1875             9.22089             
145000              3720                1430.21             166.811             669.612             71.3616             
43000               3150                6153.69             214.642             263.727             25.0359             
145000              3480                1498.67             102.411             558.788             52.2052             
102000              4800                2101.39             136.212             78.6688             7.44197             
119000              3330                2153.86             205.352             558.296             137.091             
95000               4260                1798                106.648             391.194             24.6015             
98000               3300                3358.36             224.009             463.94              99.9665             
121000              4050                1756.33             230.745             82.3658             42.1199             
63000               3690                2876.67             230.171             22.4309             3.19487             
121000              4410                1483.15             106.288             265.001             6                   
63000               3420                2582.73             188.415             31.7222             55.4638             
63000               3420                2216.02             160.045             418.329             55.0785             
138000              3120                5879.95             230.408             598.513             78.7652             
95000               3210                2018.39             158.567             903.997             87.3685             
145000              3450                2113.55             162.796             581.195             106.403             
121000              3480                1572.31             196.149             549.771             133.463             
60000               3780                6300.11             237.202             108.579             26.7673             
43000               3690                5188.91             206.032             599.014             75.6016             
63000               4500                2103.87             173.272             14.3863             57.4553             
82000               3330                2536.03             173.076             805.745             0                   
43000               3870                5092.86             235.379             804.276             0                   
63000               3030                6334.97             215.693             52.7168             21.5449             
145000              4650                1325.39             100.893             671.654             0                   
122000              3600                2682.64             173.979             0.433065            0                   
43000               4200                6303.38             214.642             69.2069             0                   
63000               3330                6503.44             221.378             20.7673             7.25427             
146000              2880                4690.99             192.773             1189.27             17.4544             
81000               4170                2099.9              226.767             265.033             0                   
81000               4140                5242.24             234.963             0.764616            0                   
145000              3300                1422.05             113.681             788.314             62.5732             
144000              4260                1832.18             239.943             116.97              0                   
63000               4350                1752.2              160.078             573.556             57.5661             
89000               3390                4842.84             201.27              625.125             91.2919             
95000               4470                1408                220.69              630.396             50.9874             
167000              3930                3117.93             223.08              0                   7.10708             
63000               3810                2508.75             160.045             42.0865             0                   
63000               4410                5475.76             233.772             0                   29.8393             
145000              4320                1220.4              141.318             830.126             71.7193             
63000               3360                2713.92             212.117             722.596             0                   
95000               4170                1367.83             175.882             613.626             59.7584             
95000               3090                2994.4              232.633             775.77              120.576             
43000               3330                5169.44             204.27              672.48              122.163             
43000               4170                5610.78             214.642             228.563             71.8985             
95000               3540                1454.58             150.472             1196.53             61.3763             
98000               3180                7037.06             215.693             1.19599             0                   
145000              4410                1233.01             108.533             697.372             21.9138             
125000              2880                5052.26             183.876             1125.81             62.3702             
121000              3660                1441.42             119.815             315.854             0                   
63000               3720                2115.02             162.254             306.028             68.079              
121000              3810                1401.41             106.288             389.182             57.7105             
119000              3120                1987.77             141.038             977.895             22.1072             
100000              3150                5332.16             183.876             678.889             73.1658             
114000              3600                1995.81             239.871             674.622             49.2561             
95000               3450                1576.51             203.315             1026.85             47.4768             
145000              3180                2039.71             139.385             962.281             0                   
146000              2910                5062.47             212.715             957.159             66.75               
145000              3360                1372.8              99.2438             870.741             50.9916             
43000               4080                4124.02             195.001             618.656             81.1607             
43000               3600                4854.83             201.177             780.568             132.491             
95000               4380                1503.28             141.318             729.271             0                   
145000              4080                1263.51             99.8059             822.002             57.9864             
86000               3990                2828.75             230.463             2.28776             66.3766             
121000              3300                1453.54             101.154             736.576             43.9184             
124000              3000                6364.79             215.693             36.0962             0                   
60000               4050                4806.12             166.065             843.632             0                   
82000               3210                2966.43             179.203             692.005             88.977              
164000              2940                5191.67             179.076             1149.6              47.6171             
98000               4350                5231.43             214.67              0                   10.4697             
145000              3150                2255.91             187.852             645.073             105.454             
186000              3420                2870.6              238.695             475.623             24.2231             
119000              3060                2104.55             127.19              791.486             46.6274             
164000              4320                2142.77             140.511             67.2972             7.44212             
145000              4080                1272.07             141.318             783.191             0                   
63000               3150                3018.74             234.642             642.974             63.3812             
80000               4020                5479.08             236.517             7.10543e-15         31.4144             
168000              3150                3185.44             238.695             642.908             17.7388             
95000               3300                2308.97             211.835             565.155             146.015             
138000              4500                2121.23             137.15              19.2454             2.26479             
43000               4080                4934.88             180.88              853.19              52.9384             
95000               4200                1259.15             96.8073             702.528             57.9177             
145000              3240                1437.55             154.642             1021.5              61.8781             
168000              3000                6548.16             225.252             5.39014             22.3725             
80000               3000                6672.94             204.527             576.779             0                   
60000               4170                4463.87             233.587             543.826             46.6223             
212000              3390                2840.3              238.695             457.904             0                   
121000              3510                1583.69             170.61              527.933             85.4017             
145000              3960                1417                179.134             704.448             3.96758             
95000               4560                1477.33             228.652             556.554             78.7325             
130000              2940                6749.36             235.26              522.019             44.0106             
80000               3180                5155.05             179.076             860.762             64.3317             
43000               3960                4225.55             182.709             743.27              0                   
63000               3180                2555.04             180.506             789.713             44.1501             
99000               3300                2505.21             163.492             33.4137             86.4108             
186000              2940                5688.46             231.13              719.678             80.5454             
145000              3030                2173.78             164.004             957.593             88.9807             
43000               3600                5836.68             235.303             226.196             51.7298             
43000               3960                6160.62             220.568             166.079             48.2393             
145000              3090                2631.04             185.078             780.942             0                   
164000              3000                4663.56             234.568             1136.5              86.5768             
119000              3090                2888.45             232.633             666.445             0                   
164000              3000                4444.97             200.508             1184.2              53.1442             
95000               3270                2180.6              127.19              621.287             0                   
138000              4620                2097.31             175.04              73.6506             38.9395             
164000              4620                2171.52             159.864             62.6129             0                   
98000               3030                6454.86             238.827             14.728              15.2353             
145000              3570                1861.38             215.654             448.402             95.8685             
43000               3120                5128.15             193.161             927.794             32.5738             
81000               3510                3236.43             236.689             574.607             0                   
60000               3270                5712.44             239.157             223.99              57.666              
125000              3270                2610.67             157.099             12.2395             57.6174             
43000               4110                4324.6              211.094             539.818             100.762             
95000               4050                1410.86             191.53              513.852             112.971             
164000              3030                5910.59             215.693             233.736             41.9077             
43000               4380                5247.81             221.694             118.583             43.1065             
145000              4320                1308.13             97.7387             844.412             0                   
80000               2970                6338.3              239.455             626.325             0                   
95000               4620                1556.79             188.183             597.815             74.9688             
125000              3360                2689.68             201.346             12.2395             33.6491             
95000               3960                1622.35             205.261             642.448             137.066             
119000              3030                2432.34             151.629             745.315             77.8545             
82000               3060                4962.1              224.527             1044.29             73.4234             
86000               2940                5523.48             234.062             757.682             8.2523              
103000              3150                6377.5              222.561             551.258             0                   
60000               4530                5624.12             206.815             199.202             25.9583             
145000              3870                1334.29             99.5976             726.112             0                   
95000               4110                1677.82             106.557             571.048             0.0217289           
164000              2880                5140.82             186.689             1015.74             0                   
63000               3030                5870.88             231.13              608.732             62.7317             
145000              4110                1394.24             207.899             622.249             6.58135             
86000               4350                2453.64             188.616             25.0748             0                   
43000               4020                4268.7              200.271             607.28              0                   
43000               4200                3937.79             199.321             700.772             39.8196             
43000               4110                6109.54             214.642             222.939             16.192              
