132000              8600                928.888             106.36              579.511             0                   
81000               8500                3103.95             290.601             1270.29             97.6031             
87000               9950                1224.31             1220.23             68.517              247.147             
81000               6800                1978.13             613.732             2046.43             0.0441553           
221000              8300                734.102             82.9858             787.03              0                   
357000              6600                4468.28             729.397             1559.77             315.005             
405000              6600                4387.5              938.97              1453.87             410.542             
132000              9100                966.848             1135.6              8.17202             291.259             
129000              9300                1686.14             703.926             2030.14             0                   
174000              8550                762.212             1144.68             135.417             25.3358             
127000              9000                1572.43             866.029             1852.63             6.04416             
173000              7900                1415.94             571.232             211.659             56.6985             
180000              9650                927.037             127.297             0                   11.1354             
81000               8000                1728.71             558.392             1556.7              236.306             
404000              6500                4513.59             1173.94             912.924             366.757             
178000              8450                1196.67             641.277             503.212             0                   
87000               8200                1747.81             1205.94             1196.47             421.439             
81000               8700                1661.13             776.616             1540.67             39.7055             
81000               8700                3257.47             342.925             66.9094             0                   
127000              7000                1602.84             142.046             1708.06             6.74257             
81000               7500                1606.3              879.279             2118.76             78.5591             
127000              9450                1319.94             1145.75             1379.26             0                   
127000              7500                2756.78             1162.81             1290.84             109.869             
127000              9300                1601.15             771.264             2409.18             0.0441553           
127000              9800                1598.25             846.863             1871.69             0.0441553           
81000               7000                2184.87             217.019             1597.76             185.271             
132000              7400                2140.67             643.355             107.954             127.267             
132000              9400                1097.27             92.8787             918.632             0                   
132000              9700                1036.28             141.55              28.5529             99.9331             
405000              6600                4365.64             876.302             1474.68             66.8411             
357000              6600                4571.06             876.302             1251.06             351.681             
87000               9450                1443.28             1160.56             232.745             53.8414             
357000              6600                4272.27             768.138             1628.65             30.9258             
127000              6800                2090.79             641.277             1832.27             55.5748             
126000              10000               1194                768.884             304.964             198.395             
176000              7300                1413.45             494.028             1876.35             127.237             
355000              6600                3915.01             601.2               1656.27             48.9258             
132000              7900                2052.58             208.264             322.764             185.549             
87000               8900                1200.57             976.017             1484.72             85.7942             
127000              8750                2307.19             1141.22             653.611             149.87              
126000              8000                3056.92             608.187             500.345             91.309              
132000              10150               959.223             100.304             1024.14             0                   
173000              7200                3002.19             305.932             89.1843             152.11              
119000              10500               1471.96             417.644             1769.83             92.1202             
126000              10800               1619.49             1113.84             583.792             54.7214             
127000              7000                1438.61             127.925             1659.85             133.551             
126000              8200                3221.61             316.658             390.372             17.0889             
81000               7800                1795.74             641.277             1871.06             0.0441553           
173000              6700                3044.99             266.803             78.6022             72.4415             
132000              9150                939.073             114.922             65.1616             136.419             
81000               7000                2193.53             597.848             1565.17             0                   
87000               9100                1114.97             1021.29             1112.75             317.399             
81000               7500                2198.61             166.14              1407.59             103.446             
127000              7000                1509.22             349.185             1404.31             155.997             
132000              8650                1124.77             425.37              28.3592             195.441             
81000               9700                3339.3              275.609             0.698348            0                   
176000              8850                1204.78             1019.99             2.38116             0                   
127000              10250               1820.09             964.084             729.937             0                   
81000               7700                1629.73             869.887             1516.4              251.044             
176000              7800                896.47              941.159             587.757             22.3852             
132000              8100                910.255             95.9431             873.665             71.8052             
126000              7200                3467.64             277.393             101.949             0                   
81000               10500               1465.68             128.482             1728.2              154.308             
132000              7800                848.994             1088.18             563.888             41.2068             
81000               10200               3148.91             266.77              148.342             57.4694             
130000              7500                1431.12             543.411             1679.85             137.799             
126000              8200                2775.13             1194.59             1035.15             82.4952             
81000               8000                1544.17             867.553             2220.16             141.191             
81000               8000                2948.31             577.645             1151.4              260.366             
81000               10200               1675.31             740.033             1385.18             147.215             
81000               9500                1685.36             593.361             1691.79             189.315             
87000               8900                1258.39             1177.96             1197.68             224.556             
87000               9700                1618.75             922.559             978.289             33.0294             
81000               8000                2886.34             270.235             1274.58             216.012             
126000              6700                3945.52             636.777             -5.68434e-14        2.49906             
127000              7500                2334.63             1141.22             960.009             256.516             
81000               10000               1765.25             184.706             1602.52             6.01186             
126000              8200                3443.46             371.287             4.28717             97.2948             
127000              9450                1321.89             1145.75             679.136             0                   
126000              8550                2551.96             998.189             959.743             13.8544             
359000              6600                3545.86             480.523             1661.63             0                   
173000              7200                2835.27             613.732             206.251             135.672             
81000               7000                1653.17             167.482             1730.46             186.909             
132000              10200               1141.56             469.798             10.9168             48.9127             
87000               8600                1167.05             1021.29             1066.87             444.804             
178000              9150                1135.36             313.429             7.97827             173.236             
127000              10250               1545.43             876.606             768.196             151.874             
126000              9500                2527.38             507.362             579.211             49.3847             
127000              9950                1247.42             912.47              1062.97             281.572             
127000              7700                2426.89             855.19              264.677             65.9635             
81000               7000                1823.76             161.419             1733.04             0.0441553           
174000              9100                864.688             828.066             34.8561             154.283             
132000              8400                1013.8              92.7134             1468.56             46.4811             
81000               8700                3741.77             386.77              0.698348            103.272             
405000              6600                4542.16             901.6               1411.52             233.788             
127000              8550                1874.78             269.207             1402.51             163.12              
127000              8900                1347.21             1184.19             968.651             397.586             
127000              8000                2526.58             840.084             617.651             5.98807             
132000              9700                850.374             97.3556             1231.67             65.8052             
132000              7400                2462.11             221.426             9.02909             0                   
175000              7800                1488.72             781                 1796.19             23.0268             
131000              9600                1589.55             409.828             2150.48             0.0441553           
174000              9100                743.7               782.802             56.4282             44.3666             
132000              8100                892.996             1173.84             1669.56             35.2396             
132000              8850                779.39              1070.45             781.969             22.3852             
81000               8200                3732.78             674.052             272.379             204.387             
355000              6600                3763.23             918.309             1651.58             45.4724             
81000               7200                2102.66             741.345             1377.09             51.9223             
127000              9950                1186.77             992.119             997.729             379.51              
127000              8950                1573.38             988.324             512.205             479.792             
127000              8000                1534.15             129.895             1461.8              169.405             
126000              6700                3557.34             278.808             0                   145.271             
176000              7300                1450.04             257.166             1866.64             102.646             
132000              8300                828.843             1062.8              950.357             125.99              
126000              7000                3547.82             613.732             461.21              0                   
127000              7000                1533.26             781                 1684.64             23.0268             
127000              7700                2322.67             1177.62             518.826             212.107             
81000               8000                3128.47             497.981             1253.48             120.453             
81000               10000               1866.86             206.603             1471.05             134.973             
126000              8200                2499.03             1105.21             1277.37             257.145             
405000              6600                3800.15             329.852             1530.09             0                   
180000              8000                868.28              121.293             7.97827             189.855             
132000              9400                1011.31             1095.51             59.8239             46.2532             
405000              6600                3641.55             249.391             1710.86             34.3079             
222000              9100                729.263             87.2137             48.45               11.1354             
126000              9950                1211.75             955.509             294.402             255.359             
132000              9150                838.643             97.3556             1162.58             144.234             
81000               9200                2904.67             260.299             214.706             0                   
132000              7800                1094.78             731.057             466.967             248.107             
126000              11300               1815.04             774.53              620.094             70.7503             
271000              7300                3303.49             526.495             458.274             0                   
81000               7500                1591.11             907.12              2014                166.193             
173000              10000               1455.08             134.087             0.698348            0                   
132000              9650                1042.98             101.515             357.838             171.872             
87000               10000               1176.91             976.017             1492.66             141.56              
367000              6600                3624.43             263.294             1726.62             0                   
132000              8650                1306.57             190.505             10.9168             0                   
81000               8300                1630.63             879.279             2570.84             59.3739             
221000              7000                2935.31             526.495             419.996             139.672             
126000              7250                3606.81             287.695             0                   72.1728             
81000               9000                1608.6              169.887             1727.05             0.0441553           
132000              7800                879.562             731.057             614.567             99.7106             
87000               9700                1381.34             1169.74             63.9517             496.732             
126000              7000                3011.93             1195.74             954.283             117.964             
222000              8550                674.549             82.9858             73.0723             0                   
174000              8550                841.942             1101.2              49.3962             230.471             
357000              6600                4415.46             785.839             1588.08             227.941             
87000               9700                1529.42             1135.99             422.116             149.964             
182000              7400                2189.28             562.285             31.9997             0                   
174000              7700                2183.43             538.056             442.154             0                   
81000               7200                1453.15             784.167             1639.02             173.121             
355000              6600                3681.06             729.613             1767.23             70.8614             
405000              6600                3852.8              678.661             1491.48             6                   
126000              8500                2642.2              1222.22             1199.57             39.84               
126000              7700                3386.54             270.05              538.137             100.49              
132000              9400                1041.94             992.119             0                   189.505             
81000               10500               1464.53             641.277             1677.35             157.246             
81000               7300                1619.54             409.173             1801.76             230.144             
119000              10500               1452.25             322.786             1719.78             144.277             
132000              8300                1223.02             948.498             253.679             14                  
126000              10000               2739.48             766.177             536.484             53.2488             
173000              8850                783.269             1019.97             807.824             342.181             
174000              9100                802.664             956.643             47.4543             315.117             
87000               9150                1285.1              1170.55             191.497             162.616             
173000              8450                1230.05             125.938             624.805             136.891             
87000               10450               1279.63             978.403             1096.46             75.9258             
405000              6600                3496.96             621.161             1649.21             0                   
87000               9750                1845.17             976.017             442.568             74.7172             
355000              6600                3686.74             868.616             1735.35             0                   
357000              6600                4457.79             901.6               1384.12             279.997             
127000              8200                1707.42             1118.15             1099.83             294.164             
127000              8950                1449.48             1121.86             512.205             304.013             
132000              9650                987.329             524.954             54.0511             180.19              
174000              9100                785.49              1041.11             47.8789             367.215             
81000               8550                2368.99             205.119             1232.21             0                   
127000              7700                2293.19             798.122             666.317             203.163             
87000               9400                1301.73             1024.62             1194.76             189.917             
87000               8400                1247.23             1108.17             1627.69             246.088             
132000              7400                2140.67             212.676             35.1136             121.267             
81000               10500               1600.13             180.817             1662.74             57.7195             
127000              7600                1784.2              608.166             2102.48             0.0441553           
126000              6700                3641.63             311.761             0                   0                   
81000               7000                2255.73             262.997             1465.87             0                   
173000              8650                1126.77             366.681             28.8296             50.5862             
132000              8400                1010.14             323.092             1032.99             46.4811             
180000              8000                774.673             131.834             45.0781             0                   
87000               8900                1430.05             877.736             1191.4              330.346             
132000              10250               1009.18             105.65              104.682             7.08133             
127000              7200                2486.6              1176.32             392.665             131.985             
81000               10200               3266.45             584.673             0.698348            24.0302             
127000              10200               3263.74             391.411             0.698348            0                   
81000               7500                1514.11             958.811             2363.97             150.227             
173000              9150                809.544             766.18              1238.55             71.8447             
127000              9750                1813.58             1045.11             1132.39             26.6277             
127000              8950                1481.93             1178.14             968.849             215.742             
180000              8000                743.742             97.3611             37.0462             99.9903             
173000              6700                2952.1              273.759             146.784             135.237             
87000               9150                1267.89             938.563             128.966             263.411             
81000               10000               1653.06             125.29              1710.02             179.484             
81000               7000                2040.37             148.091             1708.5              0                   
