79000               4230                1951.78             133.659             362.799             0                   
105000              3540                2266.79             155.531             232.426             1.43335             
145000              3360                4709.02             178.925             629.302             8.3699              
59000               4470                3146.31             183.439             50.8054             36.5109             
79000               3570                1814.16             223.013             658.607             42.0697             
42000               3630                2744.47             181.172             64.1946             46.0095             
98000               3780                1552.79             149.207             858.763             0                   
65000               4530                3198.68             191.681             43.5254             41.6666             
42000               4290                2644.6              209.227             318.676             12.8349             
42000               3510                2135.09             167.22              540.613             12.8962             
79000               3600                1904.62             121.703             814.628             40.8922             
98000               4320                1639                142.302             592.407             17.4351             
79000               3960                1537.86             222.072             749.794             4.42668             
62000               3810                2156.42             227.8               430.999             33.7776             
42000               4560                3001.3              191.681             46.6152             45.1215             
68000               3300                2177.29             144.522             736.058             0                   
79000               3510                2024.25             122.396             484.66              33.7635             
42000               3330                2272.78             177.737             641.463             31.751              
42000               4560                2621.44             152.463             108.113             23.1145             
42000               4320                2316.27             161.469             191.073             34.4935             
42000               3300                2387.22             164.569             690.486             0                   
79000               3480                2209.85             156.018             257.91              19.8431             
98000               3690                1580.19             109.671             833.817             21.835              
79000               4410                1835.29             223.62              572.803             7.75509             
62000               4110                2189.6              236.146             231.719             1.43335             
42000               4170                2740.93             171.588             82.4                5.22223             
98000               4410                1894.19             170.693             532.083             0                   
62000               3840                3450.87             159.754             276.008             22.6829             
98000               4080                1470.05             109.01              740.109             32.0335             
42000               3240                2152.65             160.117             667.596             37.1587             
59000               3930                1741.95             239.438             683.324             64.0667             
59000               4470                1975.72             179.404             642.27              23.0585             
68000               4560                2592.08             191.681             52.2091             21.5512             
105000              4290                1814.91             120.088             506.912             31.7066             
88000               4320                2552.78             154.85              117.851             0                   
62000               4470                2183.4              227.49              467.528             0                   
42000               4470                2672.06             152.463             167.282             45.6929             
42000               4170                2732.99             146.506             239.285             28.0562             
100000              3600                2062.17             118.545             853.686             0                   
42000               3300                2328.27             134.518             766.492             0                   
105000              4290                2522.51             170.442             224.939             0                   
65000               3390                3228.46             196.318             95.3414             1.20197             
98000               3810                1515.37             107.894             792.745             10.7077             
42000               4470                2524.94             157.722             105.513             0                   
42000               4470                2675.93             148.029             253.478             16.5067             
62000               4530                2163.6              230.622             417.548             12.0016             
79000               3810                1558.05             237.333             779.849             12.7203             
98000               3630                1521.62             155.716             706.652             25.2944             
62000               3480                2161.07             219.236             346.464             13.2715             
42000               4020                2226.05             159.808             754.527             0.0997663           
79000               4080                1616.6              189.441             624.018             25.6092             
189000              3330                4714.61             236.892             425.969             56.1087             
62000               3450                2318.68             234.149             302.071             13.5194             
42000               4200                2953.13             183.439             57.299              30.6959             
79000               3690                1677.82             224.835             771.758             28.3448             
79000               3720                2090.11             143.593             242.725             2.29554             
65000               3300                2300.94             191.926             626.779             0                   
42000               3630                2779.81             196.435             331.523             3.10461             
98000               3930                1665.16             177.708             631.571             18.3951             
62000               4170                2131.17             233.885             436.22              58.7955             
82000               4530                2839.39             230.988             57.9977             0                   
62000               3930                1974.32             239.521             651.161             24.4736             
42000               3390                3249.3              187.88              97.8823             43.8337             
61000               3450                2711.13             141.423             479.317             1.77394             
98000               4320                1466.55             109.312             794.892             38.9894             
42000               3630                2752.82             194.589             64.2231             36.7979             
98000               4410                1766.55             109.01              592.726             6.52409             
42000               4080                2279.6              116.588             640.682             31.497              
42000               3480                2249.98             139.381             456.417             26.7208             
68000               4140                2280.98             163.236             296.602             36.5441             
42000               4380                2331.76             170.494             198.084             0                   
98000               4170                1455.74             109.348             882.129             0                   
42000               4650                1805.33             162.698             672.239             38.1583             
62000               3810                2220.56             237.892             192.85              2.29554             
78000               4350                1803.11             217.523             551.807             33.5553             
61000               4620                2101.08             162.698             709.647             0                   
124000              3780                1567.55             126.145             830.646             8.06226             
82000               3420                2167.84             134.51              971.169             3.18034             
98000               3930                1558.01             149.474             712.818             28.9843             
98000               4200                1491.2              129.703             777.579             7.29277             
63000               3390                2462.68             135.457             609.546             42.1876             
79000               4380                1679.82             149.767             770.834             31.5924             
68000               4560                1802.5              162.698             750.145             29.6681             
42000               3450                2235.16             132.988             801.96              10.0177             
42000               3870                2097.86             116.588             829.503             0.0997663           
100000              3450                2337.82             179.859             276.638             13.0733             
63000               3630                2690.61             169.774             119.157             37.3228             
87000               4140                2710.01             179.73              69.8466             14.0739             
42000               4440                2035.97             156                 957.86              14.3745             
105000              4380                2040.24             148.483             318.815             24.3096             
42000               3390                2009.89             148.201             738.103             42.591              
88000               4470                2543.81             153.15              91.4734             30.3575             
79000               3690                1624.44             173.255             805.191             31.5617             
81000               4080                1936.56             232.799             526.931             0                   
79000               4320                1829.22             120.088             428.073             17.1248             
42000               4650                1788.45             162.698             706.303             25.2829             
42000               4290                2527.69             191.681             117.107             42.7846             
42000               4470                2189.95             124.587             748.86              45.4452             
62000               3570                2238.45             234.149             188.212             4.47588             
130000              3450                2349.95             157.213             270.66              5.62113             
98000               3960                1485.15             135.361             778.421             0                   
98000               4230                1837.1              146.231             382.742             47.2355             
42000               3540                2716.1              141.423             393.536             0.385165            
62000               3540                3327.24             159.202             348.437             20.7473             
42000               4710                2178.53             116.588             760.048             41.263              
42000               3390                3111.39             167.75              132.719             0.0496834           
79000               4470                1810.97             120.468             466.284             36.2354             
55000               4290                2191.66             232.504             418.687             34.988              
42000               3450                3190.52             196.318             87.9813             17.7089             
82000               3420                2141.27             144.522             935.558             0                   
81000               4260                1846.17             238.285             509.169             4.38516             
98000               3810                1809.25             158.709             588.996             0                   
42000               4710                2047.33             170.494             637.076             11.6635             
65000               4050                2739.87             190.13              72.0167             21.4716             
62000               3420                2184.83             239.521             421.774             29.5812             
105000              3450                2198.91             152.427             377.927             11.0912             
42000               4410                3071.7              179.011             50.9672             46.0018             
212000              3360                5024.26             236.892             481.594             52.4442             
62000               3780                2247.48             232.671             504.906             2.29554             
79000               4470                1842.84             132.173             408.338             4.35534             
145000              3360                4901.31             195.26              493.997             8.3699              
42000               4620                2117.71             121.291             803.049             0                   
104000              3870                2223.1              185.71              160.914             4.46325             
79000               3870                1584.58             191.926             870.183             5.28217             
42000               4020                2787.02             197.184             65.4087             0                   
59000               4140                2029.44             172.258             961.59              5.40651             
42000               4470                2083.3              116.588             809.274             10.1924             
88000               4470                2687.19             179.73              59.1486             0                   
105000              3750                2206.21             122.945             539.232             2.29554             
104000              4620                2650.07             191.681             49.7385             10.138              
42000               3780                2498.21             162.409             322.418             42.9983             
98000               3960                1486.82             108.809             830.859             38.204              
100000              3480                1912.97             169.442             626.868             43.237              
62000               3570                2022.7              234.149             342.247             3.61369             
79000               3510                2104.4              182.463             460.509             24.776              
42000               3630                2596.48             178.045             252.213             43.0099             
79000               3960                1687.13             238.972             682.159             2.43398             
42000               4770                1917.02             174.561             797.061             0                   
119000              3480                1847.63             122.396             686.96              38.9266             
109000              4440                2456.56             157.722             159.249             0.28011             
79000               3480                1976.92             122.303             661.133             13.8058             
42000               3870                2642.69             163.962             497.798             0                   
59000               4050                2204.44             118                 764.898             39.4602             
63000               4380                2518.45             191.681             84.4383             38.2627             
42000               3390                3183.89             206.325             99.1775             0                   
100000              3570                1784.59             122.396             643.58              45.3561             
42000               3300                2277.09             130.884             780.734             43.4185             
100000              3390                1849.41             140.391             680.223             38.9266             
59000               3870                1756.7              239.438             670.419             51.3581             
98000               4170                1587.37             108.367             608.33              24.13               
62000               3690                3541.76             159.202             256.124             27.4321             
62000               3510                2136.11             231.047             445.45              45.7651             
68000               4080                2059.99             116.588             920.43              0.0997663           
63000               3690                2972.19             160.386             207.424             0.212588            
98000               3630                1483.34             113.621             729.588             19.3024             
68000               4650                1898.8              162.698             974.038             0                   
88000               4620                2445.73             191.681             139.279             10.138              
62000               3390                3126.19             164.482             133.38              10.2931             
68000               4710                2433.3              157.722             102.689             7.83535             
42000               3390                3004.12             185.165             100.154             11.4223             
79000               3510                1914.78             169.385             919.18              0                   
68000               4440                2044.03             116.588             918.737             14.3745             
61000               4680                2467.04             152.463             221.919             18.0412             
79000               4410                1915.96             132.3               311.839             30.1574             
79000               3690                1573.94             191.926             777.584             20.1501             
78000               4260                1957.42             217.523             541.671             44.1179             
98000               4170                1674.24             109.01              625.693             0                   
59000               3720                2230.37             238.482             379.902             46.6156             
68000               4710                2495.52             191.681             71.927              4.83535             
68000               3750                2117.89             122.947             901.592             33.757              
79000               4560                2054.28             120.088             560.811             0                   
79000               3720                1569.91             237.333             723.771             20.525              
119000              3570                1899.77             146.097             648.435             43.0259             
78000               4230                2059.45             211.044             551.526             17.2213             
42000               3300                2440.32             172.454             568.671             46.134              
42000               4170                2233.45             136.179             582.396             39.4602             
79000               4140                1565.58             136.683             825.513             44.8759             
59000               3810                1805.93             211.373             692.147             35.0283             
105000              3570                2045.42             126.532             471.43              22.8203             
59000               4680                3092.21             191.681             54.9672             31.1884             
42000               4290                2734.11             191.681             140.345             0                   
42000               4380                2061.83             116.588             826.827             20.6372             
42000               3390                2592.48             151.217             568.844             0                   
98000               3540                1947.48             193.057             778.473             0                   
124000              4200                1848.16             124.178             569.689             22.4932             
59000               3780                1846.25             229.067             692.037             58.5013             
42000               3810                2828.85             181.172             64.1946             29.4467             
80000               4590                3026.84             191.681             62.8678             0                   
98000               3810                1663.92             109.348             643.578             0                   
42000               3690                3206.92             187.391             84.6689             0                   
59000               4350                2039.75             172.258             949.534             14.3745             
61000               3360                2136.49             130.884             917.337             25.6355             
42000               4680                1963.81             153.173             890.925             0                   
79000               3840                1859.42             132.468             389.229             32.3704             
42000               3300                2145.78             130.884             828.994             25.6355             
62000               3930                2086.52             222.575             459.303             55.4529             
42000               3390                2815                206.325             301.031             1.77394             
79000               3750                1794.97             223.62              625.251             3.54102             
42000               3240                2110.43             144.522             703.249             17.0506             
61000               3360                2313.12             171.468             767.733             0                   
