135000              7700                3235.89             674.414             3353                159.526             
88000               5700                5148.5              328.922             974.273             85.663              
88000               8900                1743.04             845.881             1544.7              101.407             
88000               11400               4808.18             521.694             845.091             0                   
175000              5700                5016.16             609.404             1098.59             142.254             
184000              5700                2837.86             787.746             3960.04             40.4148             
213000              7200                1821.26             908.553             1589.67             0                   
137000              5700                3033.86             467.166             3869.05             3.33942             
88000               8700                2809                646.544             3938.15             0                   
137000              6400                2885.4              864.267             3531.32             136.583             
175000              9450                805.316             128.311             49.9789             0                   
309000              7600                914.106             117.395             790.186             30.9963             
134000              8800                4786.57             759.77              179.514             45.442              
319000              6400                4797.47             848.708             1637.04             4.36738             
262000              6900                1763.47             571.087             1186.04             72.5473             
184000              7500                3980.47             944.198             3283.33             0.581501            
88000               9300                4180.47             355.313             672.778             81.0976             
184000              6200                3816.72             984.172             3257.68             115.835             
263000              6000                4441.03             646.544             1873.36             81.4566             
88000               9300                4834.01             614.065             54.7734             151.711             
88000               5700                2803.88             872.542             3884.87             18.9258             
221000              7700                2017.51             709.314             1249.45             56.1498             
222000              7500                4208.93             744.64              81.551              4.59431             
88000               10300               4647.7              674.796             490.741             213.227             
88000               7400                2613.32             864.267             4012.05             130.767             
183000              6000                2556.73             567.294             4422.71             20.7612             
129000              10800               4843.36             518.448             1.79668             0                   
354000              6900                2603.41             851.331             2634.31             0                   
88000               8200                2844.35             169.338             3984.31             0                   
216000              7600                4866.28             748.466             685.866             218.813             
263000              6700                3167.94             1156.1              2710.46             146.081             
130000              9800                4862.24             363.949             40.3243             74.7369             
224000              6400                2927.76             974.124             3372.23             70.6195             
312000              6900                3612.59             334.666             4.92163             143.615             
88000               5700                4932.84             506.173             2296.86             95.2336             
88000               8300                5145.1              441.863             15.1518             86.206              
88000               5900                5084.89             410.915             699.294             129.627             
130000              8950                1746.41             887.948             1768.14             0                   
309000              8000                603.652             89.2632             92.492              0                   
135000              7800                776.528             128.311             317.247             0                   
88000               9500                5044.61             576.423             1.79668             215.865             
182000              7400                4713.2              895.123             910.009             225.301             
312000              6400                1584.44             229.63              4034.44             15                  
88000               7200                4877.31             315.353             1711.02             0                   
88000               7300                5114.42             423.655             55.9943             0                   
135000              8850                692.035             128.311             120.016             0                   
262000              7250                3299.44             310.939             631.955             0                   
312000              7400                1667.37             228.859             3750.59             4.76939             
88000               7200                3335.37             276.383             3538.08             3.33942             
88000               8800                5146.99             596.505             42.4522             0                   
135000              8850                858.915             131.439             84.4127             95.477              
263000              7400                3597.1              333.767             0                   146.575             
223000              6000                2301.07             864.267             4810.05             124.675             
213000              6900                1790.71             230.455             1190.42             68.608              
222000              9700                3612.38             409.511             -2.84217e-14        21.3891             
135000              7600                4740.51             878.377             898.065             252.659             
88000               6500                4712.22             663.107             3141.27             225.049             
175000              8300                1079.07             126.924             0.47044             0                   
263000              8450                3502.8              729.089             -3.55271e-14        95.026              
88000               5700                4373.24             254.502             3166.71             0                   
88000               6000                5084.43             669.146             1928.89             0                   
134000              6600                4664.05             506.173             3084.96             143.911             
88000               9300                4721.01             358.722             366.016             163.597             
88000               8500                1534.79             181.894             2635.66             72.4479             
354000              7100                1734.97             892.416             3269.35             54.3524             
264000              6600                2618.89             646.544             4849.86             0                   
218000              5700                4551.95             756.152             1472.82             87.9486             
128000              6400                5028.46             486.17              742.625             149.486             
88000               7300                5073.62             665.988             123.111             106.267             
128000              11400               4674.37             563.993             828.191             0                   
263000              5700                2988.55             1231.74             3613.95             58.6081             
88000               10800               4919.69             376.859             67.0055             107.107             
224000              6900                2546.85             669.146             5482.59             0                   
263000              6900                3643.95             729.089             -3.55271e-14        158.168             
262000              7000                2441.65             913.56              3590.15             0                   
137000              6200                2661.55             197.683             3962.94             3                   
129000              6200                3001.36             1011.03             3717.45             56.8627             
222000              6200                4910.48             432.849             1054.05             103.361             
182000              7500                4760.44             783.764             1335.41             190.896             
137000              5700                5240.95             822.786             1264.68             0                   
272000              5700                4623.49             629.544             2176.9              0                   
310000              7700                3711.43             334.666             23.4047             48.3894             
88000               6200                3346.89             230.343             3722.98             82.309              
262000              6900                2119.34             242.15              687.372             59.6715             
183000              7100                2556.54             646.544             4843.84             0                   
88000               10300               4089.17             525.354             543.754             139.288             
88000               5700                3089.85             192.965             3859.56             3.33942             
134000              10800               4666.73             610.43              156.286             139.394             
223000              6900                4762.53             838.46              1438.77             18.6079             
263000              6700                3922.75             725.695             113.769             0                   
137000              7100                5402.87             927.661             659.996             141.453             
213000              7450                1889.53             201.214             1104.17             159.478             
213000              7700                1877.94             164.248             1791.06             73.6131             
88000               9250                1571.89             629.544             2059.18             0                   
309000              7600                1182.32             344.053             373.385             0                   
175000              6100                4765.49             858.71              819.281             231.275             
129000              7400                4906.07             772.376             879.333             228.714             
263000              8300                937.408             147.689             27.6691             29.5781             
88000               6000                2644.23             669.146             4623.23             71.6761             
185000              5900                4761.11             596.883             913.8               26.9545             
88000               8750                1580.07             204.271             2060.3              0                   
177000              6700                2853.39             1012.09             3663.8              82.9511             
88000               5700                4991.5              609.853             945.691             59.863              
88000               6900                5056.42             410.915             649.627             160.561             
176000              6300                2622.1              731.616             5108.22             0                   
222000              8700                3722.25             409.511             -2.84217e-14        0                   
136000              6200                3874.78             762.341             2901.44             211.13              
88000               8100                2571.75             592.695             2891.7              212.355             
88000               6700                2908.68             215.826             3874.1              155.66              
88000               6700                4694.63             680.107             2600.6              219.664             
262000              7600                1011.21             257.166             619.052             62.4124             
137000              6000                3679.91             851.903             3773.45             164.623             
135000              8650                758.452             814.033             939.948             2.06888             
312000              6400                2165.73             427.359             3773.44             0                   
88000               6500                4627.97             669.146             3006.89             66.0675             
88000               9100                4678.29             494.592             1624.31             63.7978             
88000               9700                2832.92             168.793             3909.34             0                   
136000              6600                5037.17             669.146             2447.72             0                   
309000              8550                637.738             86.6532             134.19              35                  
137000              5700                3792.82             952.956             3540.73             69.7797             
354000              6400                1863.73             847.112             3595.02             51.7262             
137000              6800                4048.71             878.46              3424.41             0                   
177000              7700                3562.93             633.098             280.299             174.702             
134000              10100               4722.37             358.892             295.881             151.711             
135000              6200                5116.86             386.472             1274.44             17.8032             
175000              8150                759.998             128.311             1437.42             0                   
88000               9300                4039.01             714.171             765.131             112.931             
312000              7500                3816.64             635.05              189.436             46.8914             
351000              7050                3220.51             653.543             829.646             0                   
312000              6400                2471.12             995.729             2861.09             0                   
354000              6600                2331.27             892.416             2819.84             126.992             
312000              6900                3612.59             643.313             4.92163             143.615             
354000              6700                2295.62             909.228             3408.37             9.38466             
262000              7200                1807.22             152.333             1815.9              0                   
232000              5700                2678.67             753.616             3699.49             0                   
88000               8950                1689.13             909.012             1858.72             42.6981             
185000              7700                4636.81             867.963             1155.28             123.05              
171000              7300                4991.69             648.388             211.631             8.71586             
88000               6700                3958.65             252.226             3438.12             57.0462             
263000              7400                2119.95             819.291             631.996             28.4322             
88000               8000                1997.84             731.616             2448.49             38.7501             
264000              5700                4629.25             754                 1679.05             142.576             
135000              6400                4703.09             779.868             2017.96             225.421             
312000              6700                1739.57             907.154             3703.47             1.90598             
130000              9050                1542.64             810.264             3134.5              0                   
225000              6600                3002.93             1228.85             2737.42             177.663             
137000              5700                2769.89             197.683             4006.09             82.9756             
135000              7800                1478.82             222.837             13.7626             52.1746             
263000              6700                3908                357.832             4.39841             67.6693             
135000              8850                1193.43             126.924             0.47044             181.702             
88000               8250                1625.9              629.544             2188.92             122.032             
309000              8550                950.517             181.832             21.5859             0                   
312000              7500                1764.33             689                 2196.4              0                   
88000               10000               4777.92             768.217             106.088             253.975             
263000              7200                4182.69             402.74              0                   0                   
262000              7700                1794.86             908.553             1901.84             0                   
88000               6700                4136.06             254.85              2696.9              0                   
88000               6000                2726.53             743.061             4603.61             0                   
88000               9700                2694.6              165.288             3272.34             82.4392             
88000               8900                1877.59             188.42              3875.65             0                   
88000               9800                5141.76             374.527             1.79668             0                   
88000               8500                1547.92             172.855             2597.01             25.3273             
88000               10300               4939.89             413.073             23.7491             179.622             
88000               5700                4871.67             903.288             1410.02             157.318             
88000               6900                3161.41             688.292             3539.68             155.025             
129000              7700                3506.98             686.478             3524.88             51.1328             
128000              6300                2597.35             669.146             4834.53             18.6979             
222000              7500                4148.1              685.152             398.304             81.1686             
229000              6000                5038.52             649.095             1674.35             4.40534             
136000              7200                4965.38             714.177             1351.45             117.797             
135000              8850                1184.89             126.924             577.787             137.602             
88000               9300                4946.03             810.264             422.269             73.0184             
313000              6700                3249.47             842.524             3396.32             86.0479             
88000               10500               4765.53             584.81              1.79668             28.8598             
312000              6900                2188.47             640.285             654.806             59.6715             
88000               5700                4861.31             618.127             2288.88             185.094             
184000              7400                3775.47             982.544             2915.95             99.0903             
88000               5700                3079.7              192.965             3867.84             105.981             
88000               5700                5154.75             337.811             1345.85             0                   
225000              5700                3585.39             751.591             3504.12             203.48              
88000               10200               2578.58             164.336             3851.29             46.0278             
213000              7200                2461.75             211.473             892.351             1.87678             
88000               11100               4915.58             497.071             295.164             0                   
184000              5700                2675.2              208.061             4032.68             0                   
354000              6400                1582.03             800.18              3905.93             0                   
177000              5700                4171.07             643.113             3037.58             45.9788             
312000              7500                3587.14             555.087             545.056             110.841             
214000              6000                3851.84             1200.77             3392.1              25.5475             
129000              10500               4709.76             592.736             5.67216             54.047              
137000              6000                5322.58             541.606             1046.86             66.8035             
88000               6200                4873.95             338.388             2816.89             174.293             
88000               8750                2192.68             949.196             1379.21             12.0597             
88000               5700                2766.42             221.518             4040.38             48.2361             
312000              6400                1594.04             731.616             4024.85             0                   
129000              8700                3015.99             699.194             3887.36             15.2981             
134000              9800                4596.87             700.704             423.279             181.597             
88000               7800                2665.93             731.616             4905.81             20.0278             
223000              6800                5059.15             709.314             2371.18             7.48824             
184000              7800                1145.36             558.156             50.628              6.40055             
128000              6700                3338.53             768.651             3740.35             206.141             
