278000              2550                1678.9              622.497             -1.42109e-14        114.389             
181000              3250                1111.72             349.451             1027.26             21.1191             
181000              4400                1074.99             505.072             0                   81.5188             
181000              4400                981.085             347.436             423.044             28.5362             
181000              3250                2392.14             651.401             -2.55795e-13        24.8935             
181000              2550                1581.3              501.204             46.5297             68.8016             
278000              2750                1700.69             353.051             591.936             0                   
365000              5500                1368.7              507.026             0.120447            34.8476             
181000              2500                2372.85             570.651             319.181             0                   
181000              2250                1608.59             444.512             708.858             0                   
181000              2550                1643.71             544.756             2.97768             2.93956             
278000              2800                1433.26             430.213             147.521             72.9994             
181000              4400                972.988             399.523             295.918             68.9174             
181000              3250                2413.84             667.853             -2.84217e-13        63.2199             
181000              2250                1580.38             373.905             800.82              97.9309             
181000              3600                1010.22             436.141             128.892             36.4197             
181000              4400                943.686             460.284             319.073             13.0602             
181000              3900                990.239             505.072             13.1189             32.2139             
181000              3100                931.923             460.284             494.599             0                   
268000              2750                1126.52             507.951             987.27              55.8911             
181000              4400                956.799             460.284             159.451             80.9479             
181000              2500                1552.28             602.862             625.745             67.8551             
365000              2800                1633.04             623.877             -2.84217e-14        15.3439             
278000              3250                1648.51             557.731             0.00342894          19.5491             
181000              2250                1268.1              504.309             988.83              60.9661             
181000              2250                1474.06             352.624             832.054             17.5333             
181000              2800                1694.03             461.011             280.16              53.7612             
181000              2750                2417.03             679.182             -2.84217e-13        0                   
181000              3050                1467.04             395.325             465.381             76.1898             
181000              3600                1103.61             403.363             198.586             77.5598             
273000              4600                1679.28             486.967             1.08855             0                   
278000              2550                1588.9              514.682             33.0519             0                   
278000              2550                1397.93             501.204             46.5297             71.3927             
181000              2550                1058.96             577.014             867.891             0                   
181000              2550                1818.9              827.404             39.0714             0                   
370000              3250                2046.69             600.799             -7.10543e-14        154.057             
278000              2800                1217.87             578.665             137.964             88.0545             
278000              2750                1155.36             498.93              824.282             0                   
181000              3300                1049.74             303.526             702.77              51.9623             
181000              2500                1740.79             521.946             525.073             75.7973             
181000              2250                1405.27             554.151             759.377             0                   
457000              4200                1558.97             567.905             -5.68434e-14        0                   
181000              3600                933.408             333.306             673.856             38.9675             
278000              3500                1646.19             557.777             -1.13687e-13        83.5075             
181000              2500                1014.7              498.93              1138.52             0.386213            
181000              3900                999.217             508.608             54.5669             0                   
278000              2800                1461.2              378.835             337.232             33.5925             
278000              3300                1334.91             374.716             377.458             0                   
278000              3050                1204.5              366.774             459.026             46.3234             
181000              3000                994.465             305.764             856.446             39.3413             
181000              2500                1134.29             256.65              875.689             0                   
181000              3600                965.17              409.49              442.257             32.5965             
278000              2500                1511.94             324.96              760.077             13.5402             
278000              2500                2141.75             477.146             563.331             46.5413             
278000              2800                1378.84             454.119             338.342             0                   
181000              2550                1000.66             550.505             919.992             58.5287             
181000              2250                1603.21             515.659             683.022             33.7751             
181000              3900                1110.82             505.072             0                   90.2974             
278000              2550                1352.2              578.665             0                   121.63              
181000              4150                1253.07             603.157             -2.84217e-14        30.5046             
181000              3000                1707.25             476.273             97.9811             91.7452             
181000              3600                1024.29             356.108             253.928             0                   
181000              3600                907.91              335.689             700.478             0                   
181000              2250                1053.19             498.93              1111.33             37.8284             
278000              3700                2217.48             699.818             -2.55795e-13        0                   
181000              2500                2130.83             530.056             319.535             0                   
181000              2550                1712.96             448.229             377.843             93.2882             
181000              2750                1083.9              536.185             995.588             34.2723             
181000              2750                1045.81             217.378             1139.33             0                   
181000              2500                1737.04             537.487             629.781             103.262             
181000              2850                1363.22             631.172             0.0886544           0                   
273000              3750                1922.92             553.958             -8.52651e-14        0                   
268000              3750                1387.26             544.814             -1.42109e-13        40.3066             
378000              2550                1644.86             560.33              -2.84217e-14        72.6907             
181000              3600                1196.33             537.334             0                   8.99664             
181000              2750                951.434             341.114             1175.54             0                   
181000              2250                1615.05             633.189             576.235             0                   
278000              2550                1781.3              700.455             -1.42109e-14        34.2482             
181000              3250                2152.67             658.961             -2.55795e-13        4.44638             
181000              2500                1777.58             518.94              530.707             57.2923             
278000              2550                1579.52             440.484             295.805             109.772             
278000              2500                1591.68             332.27              701.261             45.6598             
181000              2750                1684.05             477.665             554.537             4.52405             
181000              2800                1487.86             397.7               320.211             0                   
181000              2250                1158.08             267.73              1041.22             0                   
181000              4850                1102.57             505.183             2.84217e-14         45.9091             
181000              3600                1103.5              378.207             223.192             48.5559             
368000              5050                1243.36             493.28              0.0486455           0                   
368000              5500                1419.53             487.507             1.08855             0.223165            
181000              2500                1450.94             470.999             657.133             83.5723             
270000              4850                1063.75             514.575             0                   45.9091             
181000              3250                1022.41             346.629             1092.29             0                   
278000              2800                1420.03             578.665             0                   106.806             
278000              2800                1434.84             402.029             379.702             86.6343             
181000              2950                2515.83             661.095             -2.55795e-13        60.255              
181000              3000                2229.6              564.699             -8.52651e-14        130.518             
378000              2800                1245.67             506.653             122.414             46.8707             
278000              2550                1331.38             578.665             0.0350743           95.387              
181000              2750                963.474             465.713             1124.6              11.7937             
181000              3250                1422.63             310.92              854.444             21.1191             
181000              4400                1046.79             493.28              0.127259            0                   
181000              3050                1139.92             338.362             599.199             65.1061             
273000              3750                1725.58             557.259             -5.68434e-14        27.2996             
181000              2500                2477.73             633.062             37.1533             61.9208             
268000              4400                1032.7              501.245             82.921              22.807              
278000              2800                1466.66             578.665             -2.84217e-14        160.88              
181000              4400                977.063             416.727             111.857             0                   
181000              3100                1103.73             376.234             403.072             115.584             
278000              2800                1150.12             522.851             239.369             61.6638             
181000              2250                1132.85             498.93              1048.87             0                   
181000              2750                2310.74             475.924             305.34              0                   
181000              2250                1553.52             622.509             611.126             20.7927             
181000              2250                1316.98             344.321             901.049             0                   
273000              5050                1585.86             492.443             -5.68434e-14        18.4425             
181000              3600                949.466             327.393             528.098             0                   
181000              2500                1836.2              532.648             364.384             40.6054             
181000              2750                1227.26             253.683             997.989             22.2459             
181000              2500                2115.92             678.94              229.788             0                   
181000              2500                966.869             305.764             1084.66             11.7937             
181000              2250                1456.13             438.272             717.856             55.6024             
181000              2250                1148.41             295.834             1016.1              35.3296             
181000              2250                1194.81             445.428             1004.12             49.682              
181000              3250                1024.09             217.649             1137.76             0                   
181000              2750                2452.69             659.012             -2.55795e-13        112.029             
181000              2250                1026.33             411.892             1138.18             0.386213            
365000              2500                1934.34             419.355             567.303             12.2761             
278000              3300                1325.96             386.349             312.169             39.6602             
181000              2500                2469.91             596.078             102.869             0                   
181000              4400                1006.86             386.739             158.18              21.5117             
181000              2550                1742.89             476.273             97.9811             74.3244             
278000              2750                1618.93             406.113             286.887             58.8606             
278000              3050                1407.3              374.309             666.149             0                   
172000              4350                1986.23             871.865             0.00387453          29.7221             
181000              2250                1533.26             508.714             703.025             75.424              
181000              2800                1573.92             501.204             46.5297             2.83435             
181000              4400                969.573             483.746             125.558             32.2329             
278000              2800                1373.94             566.265             14.421              25.1087             
278000              2800                1177.53             433.383             570.472             33.1914             
360000              3300                1769.29             532.464             -5.68434e-14        0                   
181000              2550                1625.13             476.273             97.9811             107.763             
181000              2550                1749.5              476.273             97.9811             20.6928             
181000              3500                1409.73             371.523             734.133             4.18662             
268000              3300                1531.7              627.226             -2.84217e-14        0                   
181000              2850                1128.49             544.716             63.9279             0                   
181000              3600                1001.33             337.411             436.379             76.4359             
268000              4350                984.912             505.072             17.0377             32.2139             
278000              2550                1174.85             536.301             237.191             21.5372             
181000              2500                1916.11             558.87              377.552             17.2771             
181000              2550                1154.14             328.187             600.794             14.1133             
181000              2500                1312.16             300.298             771.585             35.2649             
181000              2250                1657.82             419.202             735.081             97.9309             
181000              2950                2627.31             732.407             -2.98428e-13        83.9911             
181000              2850                1341.82             609.677             -2.84217e-14        26.9821             
268000              2500                1274.26             498.93              824.576             57.4058             
469000              3250                1875.11             557.777             -2.84217e-14        35.4833             
278000              3300                1177.38             363.429             553.339             0                   
278000              2500                1646.99             370.32              701.261             0                   
181000              3000                1412.79             329.319             871.196             0                   
181000              2500                2233.71             699.279             141.036             0                   
278000              2550                1301.4              578.665             63.8232             48.9733             
278000              2550                1403.12             498.931             55.7482             100.669             
278000              2800                1135.68             511.658             573.598             18.1057             
181000              4600                1339.47             515.538             -2.84217e-14        45.9091             
181000              4150                1310.31             578.491             -2.84217e-14        0                   
181000              3300                1040.9              304.328             953.521             48.6587             
181000              2850                954.391             518.295             295.937             38.1249             
181000              4400                909.128             396.84              325.955             0                   
181000              4400                1038.47             457.97              53.428              88.7779             
278000              2750                1224.46             468.807             874.249             9.31371             
181000              3300                1391.01             544.814             -8.52651e-14        49.5707             
181000              3600                1199.53             450.106             123.15              0                   
181000              2250                1076.27             440.249             1130.72             22.7883             
181000              2550                976.553             496.346             869.787             75.5946             
278000              2800                1379.35             435.649             162.085             0                   
181000              2500                2433.42             661.095             -2.55795e-13        74.7837             
181000              3100                1041.06             386.739             519.763             68.9174             
181000              2800                985.899             448.385             819.229             83.444              
268000              2250                1466.23             498.93              719.863             8.39212             
378000              2800                1253.82             506.653             110.8               17.6634             
181000              2500                1181.25             272.064             824.82              85.9182             
181000              3500                991.136             305.764             999.569             11.7937             
278000              2800                1021.86             482.506             841.902             47.7744             
268000              2250                1036.41             498.93              1112.48             0                   
181000              2550                1207.07             385.8               593.871             90.2558             
278000              2500                1911.09             419.701             495.126             66.7624             
278000              2500                2070.7              549.304             423.134             0                   
268000              5050                1202.89             502.38              -2.84217e-14        42.9591             
181000              2250                1068.74             219.458             1138.24             22.7883             
278000              2550                1287.15             557.731             122.059             0                   
181000              3100                1069.05             483.383             48.5665             51.6147             
181000              2850                1257.76             544.814             -5.68434e-14        48.9099             
268000              3000                1843.43             476.273             97.9811             106.871             
181000              4400                1244.17             486.967             1.08855             18.2924             
181000              2500                2301.87             679.182             -2.55795e-13        0                   
181000              4400                1045.19             409.642             114.732             52.7689             
181000              2250                1223.25             527.432             983.637             28.7223             
181000              3600                1004.43             346.793             274.552             24.7527             
181000              2850                969.319             405.559             223.331             0                   
181000              2250                1026.75             226.248             1137.77             0                   
181000              2250                1134.73             439.058             1135.5              83.7834             
