196000              3550                1241.49             337.118             599.089             26.6525             
293000              2250                1556.16             459.01              1285.15             0                   
293000              4350                1284.17             486.745             342.311             26.9914             
196000              3550                1148.99             338.94              890.633             0                   
196000              2800                1988.4              507.234             113.067             177.45              
181000              2550                1275.51             490.22              722.627             55.9883             
181000              3300                1185.52             466.997             650.986             171.721             
181000              2800                1761.13             666.482             21.9063             41.286              
181000              4100                1588.81             520.483             339.348             190.571             
181000              3550                1099.66             356.505             821.635             171.721             
181000              3050                1403.1              424.835             1007.99             0                   
293000              2500                1344.45             636.083             1255.2              0.362008            
293000              3050                1770.7              608.549             -2.13163e-14        227.245             
293000              2500                2667.54             717.638             4.30483             48.7243             
181000              2550                2251.63             679.915             10.3985             129.23              
293000              2800                1582.87             597.29              9.61233             111.064             
196000              3050                1350.28             581.12              580.024             25.295              
181000              3500                2294.4              644.886             -1.7053e-13         0                   
293000              3000                1259.72             286.797             1403.42             0.31995             
293000              2750                1899.11             401.599             657.358             0                   
293000              2500                1602.41             390.818             971.791             201.894             
181000              3050                1061                300.377             1303.76             56.7034             
181000              3050                1472.18             370.57              526.21              27.0278             
196000              2550                1832.83             609.776             33.0232             165.774             
196000              2800                1965.32             705.71              9.19483             47.0449             
181000              3550                1060.32             275.773             1207.6              93.9504             
293000              3750                1092.62             456.786             928.362             26.6525             
293000              2250                1938.7              472.963             700.11              65.26               
181000              4050                1905.96             565.038             -2.84217e-14        193.256             
293000              3050                1658.6              436.755             323.329             35.2614             
293000              2250                1926.94             421.46              750.75              135.733             
181000              4050                1878.73             559.467             0                   0                   
293000              4100                1565.24             419.669             281.803             63.1959             
181000              2550                1491.38             402.341             460.471             114.738             
181000              2550                1188.83             381.962             1022.27             37.2062             
181000              3800                1808.85             493.62              258.588             128.882             
293000              2500                1624.93             351.152             1149.8              31.8565             
293000              3050                1580.97             608.549             -1.42109e-14        178.44              
181000              3300                1087.03             555.954             905.387             168.925             
181000              3050                1109.88             347.508             702.694             193.762             
293000              4350                1358.41             560.101             257.96              0                   
181000              2550                1589.37             477.839             341.866             141.114             
181000              3050                1086.6              495.381             780.171             193.762             
181000              2550                1060.48             351.138             1433.99             99.6687             
293000              2750                1138.31             237.721             1673.92             54.8357             
181000              3300                1085.31             309.79              1225.5              187.778             
293000              3000                1145.9              254.763             1718.5              0                   
196000              3300                1207.25             544.57              633.077             0                   
196000              3300                1106.23             464.497             933.392             0                   
293000              2250                1825.61             500.907             812.838             32.9597             
293000              2750                2180.58             486.798             295.568             113.424             
196000              2550                1527.77             617.879             321.797             88.5926             
293000              2250                1275.84             307.362             1539.73             75.6046             
293000              2500                1324.68             508.822             1364.58             0                   
281000              3300                2025.1              583.937             -4.26326e-14        72.3823             
293000              2500                1406.17             367.82              1131.01             167.799             
293000              2800                1573.76             603.621             11                  23.2001             
181000              3550                1985.27             566.944             0.0198829           227.915             
378000              3250                1790.94             596.037             1.75355             8.17433             
293000              3000                2082.72             466.647             346.126             0                   
181000              3050                1087.05             462.575             1038.97             115.167             
293000              2250                1331.07             378.584             1496.47             14.6996             
281000              3300                1943.34             532.128             25.6385             159.54              
181000              2800                1061.77             293.935             1379.7              166.26              
293000              3300                1401.26             438.005             439.411             0                   
181000              2800                2330.84             648.615             0                   180.237             
196000              3300                1480.22             474.153             147.205             93.0657             
181000              2800                1136.63             287.746             844.756             192.143             
293000              2250                1413.21             382.569             1402.36             145.467             
293000              4350                1334.93             419.669             414.193             130.202             
293000              3750                1252.57             475.987             611.983             0                   
293000              3050                1438.71             438.005             322.419             163.792             
293000              2800                1411.88             543.665             353.927             195.166             
293000              4100                1726.93             457.681             293.613             0                   
293000              2250                1785.66             423.888             877.36              159.6               
181000              3550                1428.44             378.488             580.707             98.6061             
380000              3750                1969.6              546.1               0.0053974           93.309              
293000              2250                1282.74             531.908             1510.38             26.4778             
378000              4350                1425.08             424.841             286.327             54.1102             
181000              2800                1729.65             631.068             3.81028             134.708             
181000              3050                1562.2              619.981             345.614             66.9316             
293000              2500                2412.67             715.985             43.605              9.75377             
293000              2250                2006.66             524.654             662.391             121.034             
181000              2800                1227.85             367.992             799.057             201.359             
181000              3550                1641.79             504.029             393.094             46.2526             
181000              2550                2123.85             581.197             23.3985             115.818             
181000              2550                1716.12             614.127             569.047             0                   
392000              2550                1869.95             561.606             162.706             131.937             
293000              3300                1670.01             629.547             11.2547             1.46339             
293000              2250                1634.07             534.784             1182.46             0                   
273000              4050                1960.45             556.444             -1.42109e-14        104.307             
293000              2500                2110.66             546.906             285.838             0                   
181000              3050                1183.93             557.98              705.445             96.1929             
196000              2550                1270.36             449.474             642.391             192.673             
293000              3000                1352.05             301.13              1120.05             5.65956             
181000              3050                1593.81             509.43              215.071             202.969             
181000              2550                1227.92             313.244             779.617             82.0002             
181000              3850                1284.19             486.019             711.677             57.4716             
181000              2550                1146.48             289.194             1394.72             203.005             
293000              2750                1152.56             234.268             1632.63             5.07939             
181000              4050                1743.32             604.682             174.883             0                   
293000              2250                1433.62             327.506             1350.16             101.269             
181000              2800                1472.08             390.516             566.383             198.016             
378000              4100                1453.76             485.064             149.583             63.5736             
196000              2800                1310.8              334.226             666.36              13.4199             
181000              3300                1884.19             673.556             195.845             37.589              
293000              3050                1374.65             550.203             266.925             71.66               
181000              2800                1078.8              290.826             1430.79             0                   
378000              4550                1620.96             565.935             20.6367             0                   
293000              3750                1100.41             464.497             1110.28             0                   
293000              2250                1597.1              377.922             1254.57             76.4206             
181000              3300                1032.25             282.892             1326.62             145.366             
181000              3800                1345.85             356.505             621.546             171.721             
181000              3550                1722.71             447.022             315.635             153.773             
181000              2550                2114.68             568.032             57.4365             0                   
181000              2800                1126.56             284.013             1077.8              90.3302             
468000              2500                2438.13             593.226             167.145             0                   
293000              2500                1193.28             482.05              1560.87             152.883             
181000              2550                1457.88             403.395             579.489             0                   
293000              2250                1471.42             327.506             1345.1              0                   
181000              3050                2181.29             619.539             0                   32.1836             
181000              2800                1866.51             475.873             343.691             0                   
293000              4350                1587.08             436.755             218.161             1.22958             
293000              4350                1423.11             566.823             192.381             35.6081             
293000              2250                2002.86             618.943             648.85              157.776             
196000              2550                2100.07             530.599             179.552             60.6307             
293000              2500                1703.54             685.933             875.385             0                   
293000              2500                1206.64             251.186             1651.13             40.6161             
293000              2500                1557.65             546.712             1193.83             40.3143             
293000              2250                1974.71             573.82              697.685             186.931             
181000              4050                1657.98             502.176             244.488             0                   
293000              2500                1416.43             307.889             1497.46             160.905             
181000              3550                1080                344.382             1168.4              105.329             
293000              2250                1289.19             278.708             1533.28             123.384             
293000              4350                1397.9              419.669             348.35              166.37              
196000              2550                1323.69             333.88              907.972             0                   
181000              3300                1890.26             673.107             0                   201.779             
293000              2250                1234.44             531.908             1540.34             67.1626             
181000              4100                1367.91             600.56              558.419             142.34              
181000              4050                1783.13             525.041             87.3445             69.6105             
293000              2250                1389.66             531.908             1300.71             155.423             
293000              2500                2450.51             579.577             253.357             51.5871             
293000              2800                1382.03             558.291             234.854             7.12904             
196000              3800                1932.42             626.44              10.8548             0                   
181000              2800                1671.91             638.568             78.9044             200.966             
181000              3050                1036.07             296.511             1096.61             201.056             
293000              4350                1278.45             481.026             358.159             106.906             
181000              3050                2147.04             593.124             17.9591             194.11              
181000              3550                1152.4              540.923             737.74              96.1929             
293000              3750                1079.92             456.205             1144.09             53.8146             
293000              2500                1770.65             375.542             696.013             129.977             
293000              2250                1702.36             353.19              926.031             97.9776             
181000              3300                1131.85             286.603             1036.06             0                   
293000              4100                1370.21             481.026             229.471             120.937             
293000              4100                1578.63             571.402             0.777678            0                   
181000              4050                1922.19             636.906             -2.84217e-14        134.511             
196000              2800                1476.79             389.535             543.242             74.907              
293000              3000                2590.51             674.86              48.8328             0                   
181000              3050                2029.05             622.164             -1.20792e-13        106.315             
293000              2500                1878.99             405.083             439.789             0                   
293000              2500                1178.23             284.704             1578.32             166.542             
196000              3300                1627.54             561.636             0                   127.267             
293000              2500                2715.12             595.619             157.431             65.1934             
293000              2250                1748.65             366.89              922.242             9.79304             
196000              3550                1133.45             338.94              731.243             109.196             
293000              2500                1276.44             325.852             1586.5              0                   
293000              4100                1490.04             496.796             97.9507             72.3394             
293000              2500                2647.58             652.113             86.0375             186.699             
181000              3550                1574.64             421.153             435.975             0                   
181000              2550                2020.49             640.029             3.05618             219.27              
181000              2550                1144.36             364.719             870.582             136.05              
196000              3300                1578.56             488.835             74.3801             0                   
281000              3750                1838.3              546.1               0.0053974           119.962             
181000              3300                2045.94             535.213             309.616             8.90695             
281000              3300                1810.05             539.435             6.67073             0                   
373000              3750                1996.64             539.435             6.67073             0                   
196000              2500                2043.38             521.094             451.263             0                   
181000              2550                1135.84             309.314             1137.72             0                   
181000              2800                2110.87             567.672             136.397             165.965             
181000              4050                1853.8              536.777             30.5114             169.737             
181000              2550                2231.25             684.601             0                   0                   
181000              2800                1053.15             282.892             1454.7              123.474             
293000              2500                2766.8              658.421             9.6244              122.589             
293000              2250                1196.38             278.708             1620.14             0                   
293000              2500                2243.69             673.598             202.617             75.1424             
196000              2550                1731.78             617.491             127.911             0                   
181000              2550                1061.65             294.937             1447.94             48.3961             
181000              3300                1101.66             285.195             1407.93             37.9347             
181000              3300                1643.55             425.968             405.03              158.717             
293000              2250                1913.39             581.169             759.004             141.225             
293000              2500                2675.38             587.441             214.034             0                   
468000              2500                2500.93             654.124             104.341             0                   
293000              3300                1584.98             550.203             42.4286             108.782             
181000              3550                1076.53             280.788             1126.37             156.897             
181000              2550                1143.69             320.947             1128.04             171.114             
293000              2500                2648.65             692.997             4.30483             94.9628             
293000              2500                1787.2              371.582             558.728             21.1752             
293000              2500                2580.2              654.796             134.371             159.433             
293000              2500                2694.5              690.319             0                   0                   
181000              2550                2290.92             673.807             0                   195.885             
