181000              2800                1268.93             442.452             429.062             258.089             
181000              3300                1233.58             589.992             562.302             96.2328             
181000              3250                1681.76             410.863             310.601             112.176             
181000              2500                2698.75             655.644             136.833             134.876             
181000              2550                1701.21             501.514             329.031             237.662             
275000              2750                2040.74             565.203             372.813             11.2076             
181000              3550                1094.95             348.89              780.188             256.508             
181000              2250                1090.08             441.784             1560.95             192.174             
181000              2250                2238.86             685.005             345.704             88.6377             
278000              3050                1419.15             412.637             324.003             52.7993             
365000              4450                1087.81             456.657             1144.11             193.458             
181000              2750                1346.94             303.822             1050.88             74.2618             
177000              2500                2916.96             708.018             0                   15.0122             
181000              2250                1171.66             240.138             1648.96             0                   
268000              4000                1145.21             511.311             603.75              203.658             
181000              2750                1851.7              573.207             704.19              0                   
181000              3050                1345.12             574.511             324.175             292.985             
181000              3300                1109.49             361.773             882.671             35.9185             
181000              2250                1838.77             531.106             714.991             24.1278             
181000              3250                2032.03             617.92              0                   0.0299132           
181000              2250                2260.65             492.538             472.095             249.469             
181000              3250                1052.23             322.232             1359.34             259.646             
273000              2500                2364.41             599.476             326.504             25.8046             
181000              2250                2602.09             638.822             143.572             166.342             
181000              2750                1907.96             390.601             792.098             161.185             
181000              3550                1397.61             370.124             425.608             0                   
181000              3300                1692.16             607.482             -1.7053e-13         49.7803             
181000              3750                1083.21             485.395             1163.16             259.646             
181000              2750                2753.17             589.886             136.824             221.325             
181000              3550                1703.48             516.989             24.652              249.937             
181000              4050                1237.45             361.053             468.088             135.574             
181000              2800                1131.89             378.929             699.046             89.6265             
268000              3300                1531.96             542.48              0.0243279           104.605             
181000              2250                2754.78             688.568             0                   0                   
181000              2750                1244.83             295.007             1345.45             0                   
181000              2800                1179.12             428.325             655                 0                   
177000              2950                2966.14             694.428             147.204             0                   
181000              2250                1330.35             325.175             1246.58             5.95268             
181000              3300                1502.08             406.646             274.813             202.691             
181000              3000                1424.51             362.111             1017.63             267.395             
181000              2800                1641.41             425.67              266.665             0                   
181000              2750                2036.34             636.415             442.169             108.082             
278000              3550                1337.92             407.827             263.705             168.205             
181000              2500                2418.75             725.995             0                   42.4973             
181000              2250                1670.02             367.516             928.176             0                   
181000              2800                1808.35             488.595             72.6197             35.4096             
268000              2750                2466.28             654.589             7.1061              9.08952             
181000              2250                2351.36             567.584             372.124             0                   
181000              2250                1248.83             316.285             1342.8              136.026             
181000              2500                1288.12             265.194             1334.91             96.1304             
181000              2500                1830.99             524.456             607.391             108.082             
181000              2500                2047.03             524.456             502.918             209.084             
181000              2250                1518.17             416.434             1136.72             0                   
181000              4050                1105.28             342.598             1147.21             256.508             
181000              2500                2545.72             586.897             223.244             254.12              
181000              2250                1208.43             417.472             1387.13             108.204             
181000              2250                2533.11             655.644             192.977             15.881              
181000              2800                1265.47             447.787             413.239             127.608             
181000              3000                1067.95             257.173             1588                178.685             
181000              3250                2301.33             651.908             -5.68434e-14        0                   
181000              2250                1430.14             361.68              1165.42             128.841             
181000              3550                1165.21             395.185             624.259             81.174              
181000              2250                1543.38             361.68              1052.17             173.754             
181000              3750                1970.36             530.674             1.51768             0                   
181000              3000                1091.82             261.561             1613.81             82.5476             
181000              2250                1736.63             395.48              827.857             262.852             
181000              3300                1125.28             323.334             1195.62             71.2374             
181000              2750                1655.71             500.039             865.67              252.591             
181000              2750                2042.11             421.327             688.321             68.5274             
181000              3550                1462.21             522.781             19.1786             255.898             
181000              3050                1479.76             376.359             551.504             15.433              
181000              2800                1641.48             582.073             0.33827             0                   
181000              3050                1140.13             310.379             946.983             192.4               
181000              3750                1801.46             583.502             -1.42109e-13        79.3285             
181000              3550                1106.06             453.89              760.601             169.693             
181000              3300                1123.45             484.616             766.963             0                   
181000              2500                1241.87             500.039             1169.7              201.847             
181000              2250                1159.5              257.401             1467.22             205.469             
181000              2750                2314.99             686.379             310.033             10.711              
181000              3550                1614.73             454.859             268.265             0                   
181000              2500                1273.42             319.519             1132.57             256.327             
278000              4050                1247.12             576.253             406.198             317.026             
181000              2500                1103.49             292.329             1634.98             71.5501             
181000              2250                1091.94             227.627             1568.9              270.094             
181000              3250                1127.32             411.521             1488.74             46.2965             
268000              3550                1386.57             384.74              419.888             58.3207             
181000              3500                1098.37             484.528             1395.42             168.816             
181000              3550                1333.29             348.76              514.765             250.47              
181000              2500                1089.95             293.834             1328.54             267.929             
181000              2750                1062.9              241.959             1643.54             150.036             
181000              2500                2652.9              688.568             64.3632             73.187              
181000              2500                2012.58             425.813             775.77              165.619             
268000              3550                1461.04             522.781             19.1786             255.898             
278000              3550                1322.96             406.646             269.566             238.227             
181000              2250                2620.62             586.897             192.042             261.565             
181000              2500                1452.9              562.076             959.878             213.458             
181000              2750                2376.94             557.41              362.493             119.052             
181000              3250                1086.65             279.938             1648.88             112.17              
273000              2500                2638.52             578.513             202.753             240.658             
181000              2250                2455.31             589.329             315.375             58.8489             
181000              3200                2661.6              686.769             -7.10543e-14        0                   
181000              2500                1072.02             227.627             1647.04             194.832             
268000              4000                1160.44             511.311             588.519             126.746             
181000              3000                1207.56             407.328             1489.03             0                   
181000              3550                1097.78             348.151             1153.68             220.448             
181000              3750                1777.79             583.729             -1.98952e-13        0                   
181000              2500                1332.83             488.957             1017.61             0                   
181000              2500                1140.64             553.088             1354.15             150.036             
278000              2750                1709.85             486.042             844.147             0                   
181000              2500                1413.42             334.832             1237.23             53.0102             
181000              2750                2344.63             664.618             282.35              123.417             
181000              2250                2034.38             426.806             593.106             180.262             
181000              4050                1625.49             539.953             0.0243279           176.147             
181000              3750                1086.11             489.201             1160.26             316.129             
181000              3050                2017.25             559.011             0                   166.238             
278000              3550                1327.98             364.493             447.123             20.6388             
181000              3000                1155.75             484.528             1357.6              63.2809             
181000              2750                2665.72             570.394             315.894             0                   
181000              3300                1246.45             569.057             516.529             50.3912             
181000              3500                1162.29             307.914             1321.1              0                   
268000              3550                1233.18             542.484             411.3               217.761             
268000              3550                1344.17             470.459             126.155             229.933             
181000              3550                1170.61             399.6               539.49              212.075             
181000              2500                2077.92             707.188             467.955             16.9828             
181000              3000                1429.47             396.691             1110.85             0                   
181000              3000                1091.07             281.279             1649.1              0                   
181000              2250                1256.86             266.853             1320.23             0                   
181000              2800                1309.8              564.206             468.78              0                   
181000              3550                1230.5              354.095             482.752             37.9498             
454000              4900                1080.93             456.657             1287.15             196.562             
181000              2250                1998.69             426.337             593.617             16.9828             
181000              3550                1505.67             582.249             11.4373             36.0416             
278000              4000                1255.46             348.76              547.951             174.953             
275000              2750                1798.1              496.182             706.063             37.6412             
181000              4050                1351.18             475.775             376.626             0                   
278000              2800                1589.96             507.862             117.801             0                   
181000              2500                1068.46             500.039             1391.41             261.906             
181000              2250                1228.71             296.971             1398                249.958             
181000              3300                1169.51             305.805             925.078             260.724             
181000              2750                1697.39             497.951             884.068             40.0423             
181000              2250                1866.82             425.813             706.281             236.481             
181000              2500                2616.44             589.329             218.058             134.876             
181000              3050                1375.53             376.447             458.613             264.884             
181000              2750                1697.07             550.054             787.871             182.861             
181000              2750                2734.68             639.809             18.9828             17.6248             
281000              3200                1089.45             417.472             1964.09             0                   
181000              3550                1131.18             356.87              692.776             147.8               
181000              2750                2015.87             687.076             207.922             15                  
181000              2250                2230.06             577.229             438.05              102.367             
181000              2750                2399.94             599.866             147.653             232.591             
181000              2500                2171.51             664.006             451.155             85.1966             
181000              2250                1102.74             227.627             1554.14             150.036             
181000              2750                1417.97             516.338             982.72              220.254             
181000              3050                1121.87             378.929             709.064             232.175             
181000              2750                1124.13             239.197             1625.38             22.2438             
181000              2500                1194.56             500.039             1185.85             91.1601             
181000              2800                1552.26             582.201             72.6747             55.5835             
278000              3750                1331.58             470.459             324.568             151.095             
268000              3550                1463.8              542.48              0.0243279           187.239             
181000              3000                1548.94             341.468             897.122             144.952             
181000              2500                2245.71             524.139             259.811             155.116             
181000              2500                2302.57             525.211             445.838             0                   
181000              3300                1414.01             407.624             246.077             66.4768             
181000              2750                1140.3              417.472             1455.25             159.062             
181000              4050                1117.13             342.932             1120.83             192.4               
181000              4850                1399.62             508.948             162.309             0                   
181000              3050                1312.52             568.78              345.142             188.822             
181000              2500                1316.45             375.698             1283.09             213.458             
181000              3300                1482.98             475.616             130.563             0                   
181000              3550                1513.76             591.266             0.0243279           133.894             
181000              4050                1203.46             549.905             487.626             307.036             
181000              2250                2288.9              531.106             432.606             215.222             
181000              3550                1328.96             469.858             151.948             261.831             
268000              3550                1593.63             506.65              54.9914             213.056             
181000              3250                1052.22             483.49              1372.04             232.794             
181000              2500                2522.75             655.644             248.973             208.184             
268000              3550                1259.61             348.76              522.175             189.117             
181000              3550                1359.77             521.673             177.78              8.9883              
181000              3000                1025.4              242.045             1630.55             246.586             
181000              3500                1061.3              398.853             1437.17             246.586             
181000              2750                1040.14             227.627             1634.87             269.951             
181000              3050                1574.43             445.274             253.056             250.539             
268000              3750                1456.79             506.678             125.166             127.458             
181000              3250                2541.58             685.897             -1.42109e-13        101.725             
181000              3550                1384.38             486.293             105.593             181.774             
181000              2500                1965.13             426.279             771.477             0                   
268000              3500                1480.91             438.435             339.001             0                   
181000              2250                1571.45             405.242             990.785             76.0704             
181000              2800                1367.64             526.998             313.303             157.733             
268000              3300                1590.48             507.291             50.0087             141.169             
181000              3550                1185.13             334.108             1048.39             0                   
181000              3500                1086.54             542.11              1290.71             274.224             
181000              2750                2159.36             482.117             447.307             16.9828             
181000              2500                1462.43             327.608             899.518             0                   
181000              2250                1122.42             266.853             1504.53             55.7941             
273000              4200                2004.96             583.502             -1.98952e-13        0                   
181000              2250                2086.41             476.921             570.458             123.592             
181000              2500                2022.11             631.267             533.939             0                   
181000              2750                1039.7              436.536             1635.31             263.853             
181000              2250                2158.93             548.955             535.068             49.4147             
