185000              8300                1333.82             1044.4              -4.26326e-14        64.1145             
311000              5900                3046.55             604.99              957.728             3.03934             
359000              6800                2920.09             1135.33             1603.32             15.0517             
166000              8000                1306.78             387.282             1871.04             0                   
78000               6500                3452.9              987.655             2556.72             36.1938             
173000              9750                1224.39             129.584             2920.38             22.067              
125000              6900                3422.42             244.262             1506.31             43.2134             
125000              6400                4236.46             759.392             232.902             26.3458             
125000              9300                1200.36             144.231             2491.94             0                   
167000              10050               1305.13             573.246             1002.18             46.2045             
174000              6100                3883.62             906.646             295.025             57.6399             
185000              9200                904.991             299.259             607.387             12.6158             
353000              7100                2742.27             828.18              1890.6              55.8198             
261000              6300                3939.85             1020.71             289.168             76.2948             
125000              9800                1279.78             773.72              2323.57             26.483              
125000              6400                3067.73             187.889             3581.84             10.8949             
125000              6300                2017.2              1171.65             3616.95             0                   
272000              8650                855.41              206.118             624.471             29.8029             
401000              7100                2290.61             859.581             2216.58             7.11316             
177000              8100                1509.34             1018.69             1.57466             19.3442             
359000              6700                1933.36             748.314             3951.29             0                   
125000              5900                3932.49             279.305             1034.61             23.5177             
125000              7200                3939.15             776.416             91.9773             105.706             
125000              7400                1895.92             174.912             77.3648             4.58781             
223000              7500                1263.17             893.48              2705.1              13.3542             
313000              6100                3792.95             992.251             583.054             0                   
270000              5900                3944.3              633.02              801.134             0                   
219000              6800                1761.13             716.615             2955.31             49.2733             
311000              7300                3551.96             1095.16             276.249             53.4109             
174000              6900                4134.4              272.024             191.174             42.3231             
166000              7350                2088.9              1217.9              2821.5              1.27693             
351000              6600                4222.82             381.217             1.57466             38.9959             
222000              7300                2739.62             602.209             805.752             41.617              
184000              8300                1188.68             1182.88             350.134             0.928464            
401000              7300                3763.87             719.184             241.9               34.5154             
351000              7400                4529.68             646.373             22.5656             0                   
125000              6900                3771.17             291.094             1415.52             10.5901             
125000              9800                1284.73             631.012             2386.38             0                   
135000              6800                1580.95             1062.66             3891.67             0                   
270000              5900                3688.69             237.403             1219.09             27.228              
222000              8550                936.494             1034.32             -1.42109e-14        0                   
125000              8450                2199.26             325.257             36.0134             0                   
221000              5900                3092.85             928.861             1442.54             3.03934             
216000              6300                2507.69             1226.67             3112.38             0                   
401000              6800                3752.65             1137.18             330.544             0                   
272000              9950                860.164             128.489             551.916             13.7468             
185000              7600                1103.64             605.481             3.37854             0                   
125000              6700                3618.1              766.921             1509.06             39.7659             
167000              10450               1258.55             610.088             701.33              14.9786             
221000              5900                3059.01             669.715             2555.19             0                   
311000              5900                2035.58             237.403             3260.85             10.3487             
223000              8000                1353.17             121.368             2646.93             0                   
125000              8200                1414.17             607.34              1497.01             0                   
401000              7200                3706.15             594.495             854.708             0                   
173000              6800                1324.16             643.878             3477.47             0                   
175000              5700                3868.79             713.606             1593.13             0                   
166000              7200                4117.98             856.522             66.6156             63.4347             
223000              7500                1564.87             1102.68             2746.54             0                   
359000              6200                2575.85             748.314             2549.67             50.0177             
222000              5900                3272.44             743.052             2077.81             46.3651             
125000              10150               1265.89             610.088             112.429             46.2045             
125000              7000                4121.41             701.123             92.9442             65.4754             
125000              6400                3293.94             547.782             3380.87             30.8628             
125000              5900                3543.8              239.149             1736.1              42.1517             
318000              6600                2904.88             1064.66             1752.51             55.6043             
174000              6200                3558.28             426.608             1823.15             23.4113             
272000              8850                967.187             132.649             0                   37.7407             
78000               7200                3528.04             1128.24             3675.19             0                   
177000              8700                1908.68             669.479             15.7972             38.1854             
311000              6600                2593.2              822.439             2281.76             58.8249             
223000              6800                1179.15             125.37              3001.91             10.1371             
173000              7000                1439.4              840.544             3048.14             42.4031             
174000              5900                4294.84             300.749             447.275             0                   
262000              5900                3230.17             429.98              497.405             37.8303             
351000              6600                4159.19             423.711             39.8356             0                   
272000              7200                4002.11             1150.5              137.977             65.4228             
173000              6700                3119.93             360.557             3450.55             0                   
78000               6400                3942.9              989.674             3294.34             0                   
272000              8100                871.244             486.478             442.922             13.7468             
311000              5900                2006.57             886.419             3562.14             0                   
125000              9400                1457.35             151.071             0                   42.9345             
125000              10700               1266.37             156.39              134.455             46.2045             
125000              6600                4159.51             929.857             87.7776             0                   
224000              5900                4199.24             377.549             163.24              47.2262             
173000              7850                1293.46             137.857             3574.1              0                   
166000              9400                1419.61             560.101             0                   42.9345             
224000              6100                3868.16             769.219             349.082             82.1761             
125000              10700               1300.17             163.725             87.1487             21.3767             
125000              7400                1806.47             194.072             81.9612             44.177              
270000              7350                2961.26             1163.86             1758.67             1.12596             
359000              7200                3926.56             644.326             270.979             67.6231             
125000              6600                2003.42             205.588             3595.53             0                   
222000              9400                1044.87             127.125             0                   0                   
185000              10250               968.159             487.527             5.00928             30.6473             
125000              7200                3116.24             956.362             375.059             19.9381             
185000              9950                992.62              857.998             5.00928             10.2079             
135000              9050                2217.66             616.113             -4.26326e-14        0                   
177000              7900                1634.52             973.784             391.261             0                   
125000              8800                1287.71             237.403             2141.98             16.1997             
224000              7050                3605.71             1206.96             363.101             75.9041             
220000              6600                3830.07             681.116             296.776             90.4622             
125000              6400                4278.54             521.24              63.4451             55.2708             
265000              7200                2119.09             869.618             324.543             23.3058             
175000              9600                1172.78             573.246             2230.89             26.483              
125000              6900                3464.16             267.314             2946.96             0                   
135000              8100                1507.27             745.357             19.0915             65.1844             
311000              5900                2013.08             559.216             3417.53             0                   
265000              10000               2226.07             761.318             -1.13687e-13        55.1878             
125000              6800                4515.66             510.056             339.395             0                   
272000              7600                868.537             578.687             607.392             23.9547             
270000              7150                3334.77             310.483             1912.98             0                   
359000              6200                3858.42             521.537             563.668             0                   
78000               6700                3885.88             736.202             3616.23             11.9734             
270000              6400                3260.73             219.81              2090.69             37.1743             
262000              6500                2395.56             669.236             3750.99             0                   
351000              6300                3986.66             831.847             39.8356             0                   
311000              6200                3886.42             525.027             313.581             59.0242             
311000              6200                2077.23             748.314             2969.22             31.2359             
185000              9200                892.037             510.796             826.546             0                   
359000              7200                3707.76             683.123             1185.64             0                   
265000              6200                3907.85             553.749             1952.42             0                   
401000              7100                2442.91             828.18              1889.56             31.1701             
401000              7100                4045.02             330.445             157.551             36.6907             
272000              7500                1442.51             876                 2594.89             0                   
184000              7800                1261.72             1124.92             32.564              34.9054             
318000              6400                3804.16             1073.49             375.898             49.3622             
173000              10250               1225.77             126.735             2916.74             8.61929             
303000              6900                4397.79             670.972             22.4929             37.7378             
135000              7900                1463.37             573.95              448.296             48.6353             
78000               8800                4058.42             1224.89             1313.33             0                   
270000              5900                3027.12             202.893             2386.4              0                   
125000              5900                4257.94             322.549             186.217             40.6813             
311000              6300                3439.09             1223.44             398.534             17.3612             
224000              6200                4081.79             280.495             535.53              0                   
125000              5900                4287.89             521.24              84.3634             11.2348             
135000              10600               2038.96             548.264             -4.26326e-14        0                   
177000              7600                1561                666.607             1.57466             51.5864             
262000              6100                3459.61             682.604             315.415             64.9539             
135000              7100                2064.07             880.707             3519.06             0                   
185000              9950                901.457             154.394             432.231             0                   
125000              6600                2825.09             1069.34             3062.64             0                   
125000              7100                3147.58             248.275             3072.35             44.2153             
173000              7000                1581.65             163.286             2325.93             0                   
125000              5900                3693.37             240.888             1959.45             0                   
309000              7100                4588.95             851.326             36.8463             10.1601             
125000              5700                3701.06             640.738             1627.89             12.8212             
78000               6500                4367.42             699.205             525.992             4.38397             
185000              7600                1108.49             147.122             3.37854             0                   
272000              9400                1217.33             126.924             164.199             34.4684             
401000              6600                4092.74             389.1               93.5747             22.694              
262000              6400                3042.59             332.519             537.613             3.03934             
270000              6900                3055.5              201.086             2329.48             24.2091             
215000              6600                3372.85             989.001             1623.03             54.2779             
173000              6800                1385.5              561.227             3553.75             21.2823             
217000              6600                3267.64             1176.54             1533.6              37.4707             
125000              10350               1239.22             144.774             2073.04             26.483              
135000              10300               2100.39             548.264             -4.26326e-14        26.0667             
359000              6900                2169.6              900.42              2696.24             0.820945            
264000              7200                3623.78             1037.5              1942.24             0                   
311000              6100                2306.05             1223.66             2751.54             0                   
174000              6300                4002.89             1104.71             527.009             0                   
351000              7300                4028.53             344.309             148.066             47.9396             
223000              6800                1152.59             938.615             2991.94             0                   
174000              6900                3062.78             911                 3315.98             0                   
125000              5900                3008.1              573.246             2190.41             36.1938             
318000              6900                3623.01             930.369             290.777             70.1203             
78000               7500                3518.39             619.479             3294.55             0                   
311000              5900                2511.63             748.314             2727.43             24.2937             
125000              7900                2126.92             237.931             22.6091             38.2707             
318000              7350                3912.9              1061.92             258.374             87.1985             
272000              8350                949.371             655.774             0                   0                   
125000              7000                2812.99             394.261             891.742             8.53715             
265000              6200                2757.23             1108.55             3891.07             0                   
125000              9950                1597.83             139.444             134.968             0                   
311000              6600                2438.89             1176.14             2414.99             25.0211             
173000              9000                1411.51             126.735             3145.02             0                   
272000              9900                1207.48             126.924             0                   13.0459             
272000              8300                943.811             129.352             1.57466             0                   
125000              8800                1454.92             170.627             0                   0                   
234000              10150               1997.28             573.065             -4.26326e-14        0                   
78000               6500                3682.65             790.355             2135.02             36.1938             
215000              6100                4058.55             980.325             274.38              38.5022             
359000              6900                2907.56             947.776             2167.05             0                   
125000              6600                2109.52             255.566             3565.49             39.3739             
125000              8700                1478.16             607.34              660.514             77.0391             
175000              9350                1305.2              701.097             127.233             0                   
311000              6400                2071.32             183.478             3364.58             2.02213             
220000              6800                2924.03             1172.73             2473.26             39.0954             
351000              7000                4131.03             1150.26             1.57466             40.3679             
125000              7400                1944.06             438.07              57.4163             54.2698             
125000              6500                2350.86             1226.38             2619.22             22.3669             
272000              7600                859.824             129.352             722.236             13.7468             
265000              6500                2995.15             1195.57             3303.98             0                   
125000              7200                1354.9              136.602             1834.67             6.73623             
270000              5900                3434.43             265.812             2108.01             16.2884             
175000              6600                2372.95             1188                3494.78             0                   
125000              6200                3682.46             766.571             2217.71             0                   
223000              7300                1154.48             481.445             3173.62             0                   
125000              9800                1202.15             551.042             2402.5              32.8754             
125000              7700                1482.03             133.205             2245.47             0                   
