222000              6100                4317.19             472.846             37.3561             30.161              
176000              7100                3079.1              1225.33             1998.09             90.2019             
262000              6100                3081.97             462.849             898.628             0.0569781           
138000              7850                1092.85             123.467             200.956             46.5595             
309000              7400                2937.37             883.604             1965.1              68.1679             
138000              7800                3521.49             1162.73             1893.76             0                   
234000              7100                1785.05             179.112             3807.25             0                   
184000              7500                4186.87             689.923             1616.41             0.0569781           
262000              7300                3284.66             1116.02             1648.98             0                   
354000              8600                603.484             759.677             444.609             0                   
185000              6400                3751.15             851.778             2225.79             0                   
272000              6100                1619.49             205.902             3398.1              0                   
312000              6100                4044.06             740.641             255.087             66.1263             
281000              6800                2850.44             1223.5              1971.59             88.4272             
138000              7650                4183.47             277.416             372.848             24.6657             
226000              7800                752.091             994.867             991.298             0                   
176000              7850                1375.8              704.108             27.1807             70.5786             
138000              8900                939.767             112.713             610.202             54.4726             
319000              7000                2545.64             263.748             2062.72             60.9881             
188000              8100                763.754             572.606             1548.03             0                   
139000              7800                1093.92             860.353             548.768             27.433              
216000              6400                3252.88             962.348             1123.95             0.825082            
222000              9700                1248.09             1154.04             5.32103             11.679              
224000              8150                1226.53             534.217             41.7898             47.2253             
176000              7100                4066.24             573.246             133.136             99.9972             
401000              6400                1947.93             783.715             2980.07             0                   
312000              8850                641.02              91.3176             5.00928             11.8036             
127000              7400                4298.34             735.656             815.642             88.4691             
138000              7100                2442.07             224.024             3463.18             41.1201             
234000              6300                1912.82             179.112             2922.64             48.509              
176000              6300                4135.85             1056.41             309.064             5.56654             
314000              6900                3994.58             592.666             133.08              60.1411             
223000              8350                1217.31             630.398             27.1807             63.9832             
138000              8600                1629.86             244.237             0                   63.276              
312000              8000                662.477             904.41              83.897              0                   
188000              6400                4156.58             476.828             1228.69             0                   
184000              10500               1057.33             755.627             37.341              26.8499             
226000              8100                694.657             85.7091             1490.34             0                   
354000              8600                605.059             356.402             347.858             0                   
319000              6500                2158.42             191.269             2484.94             0                   
138000              8300                1651.7              581.903             -2.13163e-14        88.0528             
176000              7300                4347.53             322.587             81.0038             61.2109             
354000              8300                642.896             494.065             84.8715             31.2188             
139000              7600                1336.06             705.922             45.9532             11.7524             
272000              6800                3852.45             1060.72             157.97              70.9447             
269000              7200                2993.55             276.898             6.49666             0                   
312000              6900                2369.49             753.484             2496.28             48.509              
357000              10300               943.813             477.515             -2.84217e-14        0                   
319000              6800                2909.4              1195.75             1993.91             5.55754             
128000              6700                4960.76             758.814             750.568             0                   
176000              6100                3498.4              247.534             1435.3              8.86796             
176000              6100                4110.74             582.326             165.71              87.6589             
178000              8900                901.728             731.062             716.234             54.4726             
138000              6100                4312.62             287.013             186.36              60.1787             
272000              6100                1922.58             234.026             3063.72             17.924              
138000              6300                2953.66             1080.07             2365.45             70.289              
184000              10000               885.156             553.869             433.157             34.9409             
359000              6800                2355.5              1192.4              1678.31             0                   
138000              7650                4264.62             315.393             294.683             0                   
138000              6100                3045.76             259.528             2375.13             46.1982             
183000              9450                859.4               560.248             703.787             0                   
129000              10350               1418.33             768.659             1360.47             0                   
272000              7500                2019.13             1233.78             2514.67             94.1674             
127000              6600                3939.48             819.139             487.928             110.818             
234000              7300                1752.92             176.56              3406.86             23.8582             
272000              7350                1745.48             421.639             2764.92             0                   
138000              6100                2258.38             224.024             3531.3              5.66969             
281000              6700                2799.95             336.722             2778.84             0                   
216000              6600                2968.4              967.238             2080.25             80.9422             
138000              9700                961.185             119.939             118.667             60.2639             
138000              6100                3211.91             486.869             993.558             21.3723             
234000              7100                1955.12             651.829             2832.78             64.2959             
138000              8300                1773.29             179.831             0                   0                   
138000              6100                4240.94             643.657             605.394             54.6349             
180000              6900                2181.48             595.565             3864.96             13.4909             
173000              6800                3712.05             1151.49             543.113             77.3827             
184000              8050                986.116             1028.27             178.602             28.7267             
138000              7300                3137.87             1008.76             2186.64             23.6521             
176000              7550                2996.54             1228.02             1957.47             8.6162              
272000              7000                3790.03             910.884             244.236             108.175             
176000              11100               1651.59             549.809             24.5391             27.3629             
314000              6100                1613.93             550                 3392.26             0                   
272000              9950                824.972             133.174             52.8531             0                   
184000              10250               929.17              932.963             77.6781             5.95264             
226000              7600                957.718             725.968             1144.46             0                   
188000              7300                2079.48             855.812             2571.86             43.0342             
234000              6300                1715.62             482.048             3190.61             35.553              
138000              9400                1769.22             335.869             35.4245             0                   
216000              7400                3054.58             760.227             2238.76             62.4947             
138000              7600                2240.67             207.059             3546.23             1.43436             
361000              7400                1684.77             724.125             157.509             46.884              
312000              9500                1007.48             584.988             -2.84217e-14        21.3495             
138000              6100                2940.7              287.637             2818.94             24.0905             
138000              6400                3207.06             767.083             2259.89             75.9423             
138000              8900                943.105             486.869             606.864             54.4726             
138000              6600                2906.86             201.577             2742.39             62.4947             
224000              8150                951.769             464.849             871.967             13.2946             
357000              7400                1858.28             938.485             2728.15             0                   
354000              8400                596.095             476.828             732.516             0                   
138000              8850                1958.92             600.978             -5.68434e-14        0                   
262000              6100                3911.91             574.019             391.117             83.2014             
222000              6100                2524.52             1182.81             2882.83             1.43436             
129000              9500                1358.44             662.414             844.191             27.2041             
319000              6500                2347.55             843.142             1781.52             44.4583             
138000              9150                1085.78             202.886             21.7857             27.6822             
213000              6300                3759.38             1010.36             437.862             92.8555             
176000              6600                4500.39             826.081             53.434              29.6163             
184000              7350                3744.18             1072.72             335.818             72.6541             
129000              10900               1419.51             591.854             765.103             0                   
273000              7200                2967.16             801.552             1990.23             85.4788             
222000              7350                2832.29             1209.61             2061.6              92.0072             
138000              6800                3265.72             1201.98             874.723             16.3666             
223000              6400                2440.66             594.495             3273.82             39.6727             
269000              6100                2636.9              1021.06             3070.1              13.2297             
226000              6500                2991.91             1128.33             2025.03             100.039             
279000              7000                2142.93             1199.36             2474.42             48.509              
401000              6400                2250.78             796.2               2783.54             29.493              
263000              7200                2944.08             589.917             40.1651             87.9267             
138000              6700                2775.57             765.046             3390.07             1.43436             
176000              8100                1818.75             1122.8              57.0598             0                   
312000              6100                1611.92             1021.58             3688.23             0                   
138000              7000                3140.34             1197.41             2029.64             54.4676             
228000              7600                979.762             106.727             114.829             22.6228             
226000              8650                692.293             89.9285             896.039             0                   
138000              7350                3905.93             969.622             388.111             43.0047             
272000              6900                2910.33             1192.31             1971.9              65.9613             
262000              6600                3650.97             561.212             448.469             0.825082            
138000              7350                3309.63             1233.99             2236.53             0                   
319000              7400                2958.58             977.949             2029.16             0                   
311000              7200                2675.15             223.534             58.9862             26.5149             
188000              8100                897.677             107.367             1080.39             27.9179             
138000              8850                1745.45             482.552             -2.13163e-14        91.1279             
138000              7600                2717.16             205.572             3010.98             30.4367             
319000              6500                2718.87             223.75              2106.79             0                   
176000              6100                2891.04             573.246             2533.46             62.4947             
138000              6700                3485.19             946.574             2506.69             0                   
138000              7450                3854.28             691.572             945.021             24.6657             
319000              6500                2726.83             302.953             1875.65             66.8444             
234000              6800                2172.94             247.284             2394.65             52.8939             
176000              6300                4114.6              1016.68             131.286             66.0392             
312000              7800                758.19              664.991             408.119             0                   
138000              10500               1152.22             120.486             37.341              33.1462             
223000              7500                3793.88             1135.76             315.475             0.0569781           
129000              10850               1308.68             653.361             1619.43             0                   
312000              8300                605.881             73.8031             107.746             0                   
138000              6100                4214.85             277.416             847.517             0                   
319000              7000                2234.91             249.051             2314.87             30.9484             
226000              7600                823.16              140.682             1097.65             13.0392             
138000              10250               895.543             132.629             392.29              0.0447332           
176000              7500                2928.26             291.233             1946.67             64.9259             
226000              6300                3002.35             1230.6              2209.95             27.6738             
304000              6100                3966.74             637.891             446.078             0.0569781           
138000              7100                4063.17             275.223             649.559             58.1234             
312000              8650                668.686             476.828             85.5846             16.0561             
262000              8850                1013.53             868.529             4.24769             0                   
272000              7100                3904.73             736.898             227.614             99.514              
272000              6300                3737.12             850.372             390.569             55.4628             
138000              6800                4042.53             922.494             185.353             97.4907             
138000              6100                3672.03             299.926             684.87              42.3621             
176000              6300                3063.38             1227.15             2191.27             75.1806             
216000              7400                4138.46             696.689             228.678             60.1787             
226000              6700                3466.21             249.298             1236.82             0                   
273000              6100                2920.84             778.961             2492.66             69.9387             
176000              8650                923.391             1147                970.935             0                   
225000              7400                2623.5              1194.62             73.1373             18.3263             
138000              6100                4333.49             498.375             206.478             0                   
222000              7100                4307.23             392.683             61.328              0                   
312000              7800                778.776             190.228             0                   11.8036             
223000              6100                1756.27             858.813             3521.04             0                   
138000              6100                2851.95             203.844             2839.34             0                   
138000              9150                887.359             124.478             628.364             12.1184             
128000              7400                4920.8              893.809             548.254             0                   
129000              6400                4014.6              766.219             819.165             66.6982             
129000              7000                4052.14             712.66              1672.32             55.4628             
222000              6100                3538.38             330.175             457.997             30.026              
272000              9650                934.657             124.005             18.6885             49.2093             
178000              10800               1126.04             494.721             37.341              14.0356             
138000              9700                1239.71             601.541             15.0181             42.2169             
312000              8850                1064.65             591.378             -5.68434e-14        56.3143             
222000              6100                4281.99             729.699             263.691             0                   
188000              6300                2867.55             1181.58             2606.03             62.4947             
138000              6300                2403.09             1178.56             3242.83             0                   
176000              6100                4470.3              583.693             37.3561             45.4814             
176000              6400                2233.4              466.944             3798.81             1.43436             
129000              10600               1203.44             641.05              1144.5              61.8155             
176000              7500                3667.58             838.167             292.675             83.2703             
317000              7100                2041.91             1007.23             2983.33             0                   
138000              6100                2666.51             898.968             3102.56             32.7326             
351000              7500                2719.47             464.698             303.199             0                   
222000              9200                1755.4              1211.35             20.9182             5.10148             
185000              7100                2573.49             922.104             3051.26             18.4188             
138000              7000                4134.16             1021.09             236.027             64.3789             
138000              7600                2989.01             233.64              2572.41             0                   
272000              6400                1762.62             739.029             3370.83             12.6158             
188000              7600                1036.95             106.727             76.8969             2.9648              
138000              6100                2317.48             735.852             3349.26             32.4199             
138000              7850                997.929             127.499             784.406             0                   
176000              7400                2527.94             644.438             3459.06             0                   
274000              7800                1357.07             772.11              39.1932             51.4875             
138000              9700                924.489             120.486             121.726             0                   
