123000              9600                3893.63             346.863             283.1               0                   
262000              6100                1998.09             755.487             2245.57             42.6977             
263000              7000                1734.42             1055.2              1685.49             5.67767             
312000              7300                1788.75             222.473             2025.02             0                   
401000              7500                3340.85             812.922             135.544             0                   
312000              7800                623.837             100.378             29.4017             38.1132             
123000              9800                4088.74             346.671             0                   42.5779             
262000              8900                1198.3              621.776             4.24769             17.4384             
223000              7200                3478.13             1169.61             139.874             15.632              
213000              8300                879.665             797.12              101.888             0                   
123000              10300               3746.71             346.671             117.05              31.2104             
123000              6100                3159.34             231.455             2440.33             11.6492             
262000              6100                2704.37             1087.93             2866.63             17.5112             
319000              7000                3123                338.519             33.0947             41.5935             
135000              7600                1082.62             773.05              1598.56             0                   
135000              7900                1347.39             576.752             1219.06             30.0198             
262000              6800                1756.15             1223.03             2413.66             12.5161             
260000              6300                2923.32             671.5               391.894             0                   
127000              10000               1688.67             474.944             25.3799             27.2438             
217000              6800                3156.69             1229.37             2225.72             14.4913             
178000              7600                1376.75             516.534             29.9328             0                   
135000              9700                830.654             128.311             1281.19             0                   
123000              6100                4065.17             676.58              2030.75             32.7458             
220000              6900                3897.06             655.698             84.344              61.9508             
359000              7300                3835.54             283.962             47.745              34.9482             
262000              7100                2051.36             1189.72             2178.2              27.5993             
224000              8200                1260.93             462.849             526.57              0                   
172000              7300                4339.1              789.582             -1.42109e-14        43.9017             
127000              9450                1946.82             256.163             18.2733             22.6271             
263000              8300                785.012             533.363             47.7852             51.9677             
268000              6500                4010.78             851.073             -5.68434e-14        62.1111             
263000              6100                1865.65             1122.97             2657.64             15.3847             
312000              8300                686.267             92.7617             0                   23.4663             
123000              6600                4002                405.229             0                   0                   
185000              8450                929.583             392.244             1377.03             32.0526             
169000              6400                2847.7              839.264             3257.15             0                   
226000              6600                3166.35             933.403             2269.31             0                   
219000              6600                3783.29             957.348             412.391             59.485              
319000              7000                2923.1              807.694             186.497             52.5762             
354000              6800                1809.07             1078.94             2172.14             14.0474             
262000              6900                2025.1              1117.91             2770.5              0                   
359000              6300                3711.96             294.473             102.268             13.9419             
172000              6100                4494.48             701.801             53.8915             0                   
309000              6300                3017.08             295.579             295.135             3.72554             
221000              7100                3783.42             1203.01             460.847             42.8235             
319000              6600                3988.93             652.435             323.904             0                   
262000              6400                2158.28             753.388             2891.83             0                   
262000              6600                2312.35             1188.93             2281.9              0                   
311000              6800                3906.09             1051.21             8.14139             37.4585             
310000              7550                2999.4              1087.15             152.03              58.0585             
123000              7100                2987.31             213.786             2544.75             0                   
262000              5900                3017.77             1092.62             2649.38             5.78097             
312000              6100                1509.82             141.284             2613.61             0.0798724           
138000              7600                1560.23             209.355             4.27624             39.9755             
138000              7600                1570.16             152.581             41.7087             16.2415             
127000              9950                1712.63             670.299             26.9546             13.7046             
312000              6100                1691.1              138.253             2444.53             37.8316             
312000              8050                3942.83             507.045             -9.23706e-14        32.123              
354000              6400                1558.39             649.524             2475.11             27.743              
123000              9000                3153.26             933.603             1905.8              19.3268             
143000              7200                2901.24             515.656             1008.87             36.4978             
359000              5900                1940.91             773.974             2881.63             15.6516             
123000              6100                4125.5              764.33              555.54              0                   
123000              9800                3086.04             741.462             2038.14             32.5067             
127000              8950                1841.86             150.175             49.0652             31.1673             
184000              7400                916.252             110.962             1963.83             2.46643             
178000              9150                988.711             118.284             1075.4              0                   
359000              5900                2209.51             773.974             2516.44             0                   
123000              6100                2919.28             219.694             2619.97             0                   
123000              6100                4082.15             531.423             1739.9              42.3197             
127000              8950                1704.96             154.269             615.771             42.4282             
138000              7600                1338.65             152.928             95.7615             0                   
309000              7300                2783.77             265.407             531.802             0                   
173000              10300               1735.94             156.457             26.9546             10.8148             
312000              5900                2786.98             981.82              2566.07             0                   
127000              9950                1717.93             147.366             273.769             38.1761             
310000              7500                3316.77             1225.57             106.526             3.47111             
401000              7400                3400.38             573.246             181.1               27.123              
312000              8300                660.108             822.471             69.2796             3.57736             
217000              7100                3072.3              944.77              2221.22             4.67035             
359000              6600                3506.76             612.096             194.276             53.8763             
138000              8900                839.077             96.0795             1503.72             0                   
262000              8300                744.877             733.308             24.3924             26.3096             
143000              7200                2809.86             821.507             1238.55             47.2707             
401000              6100                1515.08             657.537             2489.89             0.0798724           
263000              6300                1797.14             231.922             2060.49             37.0257             
135000              7400                963.043             133.83              1912.92             0                   
135000              8400                1174.42             125.78              2027.81             0                   
123000              6100                3107.08             378.952             2320.54             0                   
312000              5900                2554.82             939.786             2434.79             20.3896             
359000              6300                2837.64             278.443             1253.2              12.5381             
354000              7200                1413.61             753.388             3237.73             0.0798724           
304000              7300                3661.88             633.487             1644.18             0                   
401000              6900                3460.29             614.637             237.402             48.6711             
359000              6300                3816.25             544.417             23.4051             0                   
123000              6300                4008.29             363.025             550.028             19.004              
216000              7900                1448.76             218.123             11.4034             10.4236             
359000              7500                2826.73             900.424             369.774             27.3694             
123000              6100                3010.43             596.208             2551.79             0                   
123000              10300               3376.55             753.159             1750.83             27.7262             
359000              6800                1643.97             701.097             1694.22             25.7936             
138000              8600                857.313             140.535             172.014             0                   
217000              7200                3888.83             608.398             750.818             9.24145             
262000              6400                2831.24             686.391             2144.9              51.3194             
123000              6600                3141.19             220.536             2292.08             24.9481             
310000              6500                4037.13             1189.26             23.4051             0                   
359000              6300                3549.49             505.997             86.2302             23.1833             
123000              7100                4201.33             342.07              16.1482             23.3272             
123000              9700                3814.55             988.447             2.84217e-14         32.5037             
262000              8550                773.928             966.378             6.68243             0                   
224000              9200                776.173             140.535             1528.33             0                   
359000              7300                3510.37             1207.3              88.9357             25.196              
359000              6800                2711.19             909.3               422.115             16.3413             
123000              8800                4143.91             776.785             -9.9476e-14         37.2823             
258000              7400                3819.31             912.313             819.1               4.2297              
259000              7200                2807.54             1065.94             3522.57             0                   
123000              9300                4081.84             346.671             428.384             22.303              
123000              9800                3120.71             239.205             2003.48             32.5067             
123000              9600                4006.98             361.068             0                   16.5686             
127000              9450                1344.7              193.914             37.3376             36.789              
138000              8900                869.291             114.041             1473.5              18.0813             
401000              6600                1534.12             551.042             2309.51             25.5809             
123000              9100                4075.78             581.827             -9.9476e-14         0                   
138000              9100                1047.96             210.974             1.57466             7.2309              
135000              9700                926.724             772.837             990.605             0                   
312000              8300                599.774             608.505             74.7322             0                   
310000              7300                3681.95             697.42              38.6981             69.873              
123000              7400                3957.97             345.883             665.938             0                   
312000              7800                586.429             76.9852             169.225             0                   
262000              6400                2516.88             832.894             2178.79             53.6229             
274000              7800                735.656             605.878             306.08              0                   
359000              7200                2705.89             797.627             931.21              3.58453             
127000              8650                1944.49             967.186             93.4667             42.4282             
127000              8850                1588.63             906.028             45.5326             30.6258             
274000              8350                759.181             371.723             24.3924             38.1132             
401000              6100                1799.58             773.974             2144.4              11.8676             
312000              6400                1397.02             831.881             2966.15             0.0798724           
312000              6100                1671.93             476.828             2466.75             37.0257             
214000              6700                2862.79             573.246             3234.21             0                   
270000              7300                3953.37             1001.83             35.5906             52.3066             
270000              7300                3811.71             787.66              57.4174             73.8253             
262000              8650                1020.38             805.795             16.502              8.12789             
123000              6100                3297.63             219.694             2600.98             41.2641             
312000              7800                623.837             301.86              29.4017             42.3657             
312000              7100                2129.09             178.253             1591.81             13.1297             
359000              6100                2112                564.007             1984.2              5.98119             
312000              8300                617.633             579.639             29.4017             36.5175             
262000              7350                3641.06             885.155             340.27              64.0366             
127000              10250               1561.65             218                 38.5603             2.43904             
165000              6400                2912.03             462.849             2952.76             0                   
263000              6300                1688.96             213.26              2232.95             0                   
263000              6300                1603.77             514.478             1937.67             26.2306             
127000              9250                1781.39             586.019             49.0652             44.8268             
262000              8300                663.461             111.541             52.7944             0                   
123000              6500                4001.64             958.556             56.2914             22.6843             
359000              6300                3549.3              262.198             123.449             38.5298             
123000              10150               4020.56             581.827             -9.9476e-14         0                   
123000              7800                3792.14             986.072             665.938             15.7348             
354000              6900                1477.49             550                 2701.47             0.0156212           
359000              7100                2829.17             1114.08             574.851             3.72554             
262000              7000                2659.69             661.474             2258.25             26.6613             
172000              6800                4291.76             853.201             -5.68434e-14        34.6733             
123000              7100                3333.77             368.752             1871.91             0                   
401000              7350                3420.62             985.795             104.795             15.9092             
123000              7400                2848.84             573.246             2658.22             0                   
135000              9150                883.313             528.183             1136.12             23.3037             
123000              6100                4106.01             382.183             1987.11             32.7458             
123000              6600                2818.97             707.362             2605.98             0                   
127000              7100                3923.81             1073.97             84.3919             0                   
123000              9300                3971.09             1114                507.574             0                   
262000              7100                1880.15             876.428             2597.12             30.6142             
310000              7500                3678.29             1218.39             10.4184             55.0614             
123000              10800               3119.58             320.482             2098.52             21.2341             
135000              7400                1369.19             219.646             1694.1              7.30087             
309000              6600                2883.43             501.166             433.692             26.5378             
135000              8850                895.927             837.263             957.877             8.54752             
352000              6300                3855.79             867.757             130.042             45.545              
312000              7800                591.565             392.244             147.287             11.8036             
309000              6100                1978.6              1048.13             2510.06             35.8915             
171000              6900                3879.99             1136.07             1160.71             19.7782             
312000              8600                619.865             73.7314             47.7852             10.2079             
312000              6600                1541.17             138.253             2613.61             12.5937             
312000              6100                1444.25             481.699             2592.64             0.0798724           
359000              6500                3746.31             940.36              23.4051             0                   
127000              8150                1793.5              824.895             674.934             43.7815             
127000              8450                1986.15             215.339             167.855             42.4282             
312000              7300                1476.96             767.327             2204.84             0.0798724           
123000              6300                3891.74             345.808             87.2061             40.9846             
123000              10300               3786.69             343.311             1200.66             0                   
135000              8400                1327.57             427.287             1663.09             13.2368             
319000              7500                3103.33             1115.41             41.1858             32.9306             
172000              6100                3317.78             677.059             2254.51             28.956              
359000              7300                3601.28             268.168             193.107             0                   
127000              9150                2046.87             861.982             18.2733             47.5775             
123000              6300                3813.21             345.808             161.101             24.5891             
123000              6300                3813.21             550.908             161.101             24.5891             
127000              9450                1747.36             623.353             69.1773             31.1673             
138000              9150                1038.96             95.5176             1091.53             0                   
123000              6300                4014.18             363.025             0                   19.7782             
127000              9450                1291.91             193.914             133.323             12.8199             
