82000               3860                1491.25             165.572             0.38495             16.4856             
104000              2360                1710.2              147.764             286.05              12.6441             
99000               2550                1627.66             128.457             238.932             0                   
82000               4160                1467.37             122.984             2.98362             0                   
82000               2470                1782.99             177.605             204.679             0.353411            
123000              2770                1324.48             123.024             306.069             0                   
82000               4300                1441.97             117.002             0.791506            9.38036             
82000               4220                1346.3              136.17              17.3202             6.94914             
82000               4550                1385.75             116.846             1.36209             19.6958             
82000               4140                1414.56             143.36              224.861             5.21273             
101000              4550                1376.24             116.846             1.36209             12.4775             
104000              4290                1466.56             122.235             8.1175              5.70937             
82000               2800                1762.01             156.684             40.9946             0                   
82000               3070                1544.82             177.668             3.93144             7.28395             
123000              3980                1448.07             123.024             68.3107             7.82493             
121000              2910                1399.92             111.077             186.586             8.42223             
82000               2360                2185.7              143.409             3.06378             3.35367             
118000              2390                2206.63             128.72              364.433             0                   
82000               2460                1669.05             115.221             284.227             0                   
101000              2320                2305.92             153.629             206.319             18.2615             
126000              2270                2812.87             179.078             1.0313              0                   
82000               2460                1513.34             127.21              356.138             0                   
104000              2670                1778.26             147.711             10.854              18.2933             
101000              2520                1530.82             110.762             313.041             0                   
82000               4080                1442.8              104.519             258.817             19.474              
104000              2360                1755.09             185.415             239.078             0.937973            
123000              2510                1505.37             128.372             374.171             0                   
104000              3690                1308.04             122.889             371.483             0.254844            
82000               3550                1480.63             118.576             0.814403            0                   
99000               2630                1338.92             151.043             360.215             2.78524             
82000               3830                1437.61             149.524             253.006             0                   
104000              3990                1470.7              110.168             26.5282             4.06998             
82000               2750                1537.8              157.732             236.755             10.4196             
82000               3370                1809.3              146.998             0.704291            0                   
104000              4070                1503.49             109.567             107.17              7                   
101000              2320                1996.51             145.371             336.757             18.116              
118000              2950                1594.94             133.176             42.8249             13.3672             
82000               2750                2164.32             157.049             0                   20.1421             
104000              2740                1646.93             131.499             72.9853             1.16738             
82000               2580                1329.94             111.077             264.103             11.2667             
82000               2580                1632.33             132.382             237.759             18.7981             
104000              2410                2060                145.737             0.48998             6.13567             
101000              2280                2098.32             163.295             338.591             13.0754             
121000              3960                1511.71             110.168             26.5282             14.7633             
82000               2570                1748.92             140.212             264.956             13.1237             
101000              2370                2246.05             128.269             287.538             0                   
101000              2320                2366.55             145.371             193.756             9.69566             
104000              4290                1471.72             114.263             8.30233             0                   
140000              2650                1988.81             151.553             5.93916             14.8613             
104000              2580                1382.52             139.274             256.515             2.78251             
82000               2990                2228.01             140.369             0                   9.53297             
82000               3970                1235.85             109.452             147.595             16.6491             
82000               4530                1253.11             114.173             131.849             12.9754             
82000               2330                2013.3              142.467             101.482             6.98519             
121000              2570                1332.95             151.043             364.478             11.8671             
82000               4030                1346.24             129.225             0.791506            19.9679             
121000              3110                1293.68             111.077             299.406             8.61513             
121000              2710                1292.71             151.043             362.67              9.78251             
82000               2960                1728.14             117.572             1.4958              0                   
101000              2320                2271.52             128.046             241.436             18.2615             
101000              2320                2252.81             128.046             246.285             6.70712             
99000               2960                1700.78             117.572             1.4958              3.75325             
82000               3880                1347.42             104.519             355.519             0.254844            
142000              2890                1752.64             200.347             9.58427             13.3672             
104000              2360                1936.13             145.371             43.1925             11.3276             
82000               2830                2210.64             142.467             0                   18.9583             
104000              3330                1306                110.125             274.375             9.78251             
82000               4410                1426.09             133.027             213.476             0.0660702           
82000               2580                1757.39             164.633             206.66              5.91794             
82000               2700                1417.64             142.603             252.883             0.00272306          
82000               2640                2321.81             161.462             0.334157            16.3286             
82000               3100                1679.76             148.02              0                   19.6988             
82000               4000                1379.9              104.519             267.267             12.6986             
104000              3020                2015.7              169.776             0                   0                   
104000              2830                1392.21             120.181             185.144             16.3019             
101000              2310                2556.25             150.784             236.423             0                   
82000               2390                2182.27             143.409             3.06378             17.8477             
104000              2350                1775.29             151.932             306.974             5.5535              
104000              2470                1919.69             153.123             43.2564             19.5716             
82000               2280                2232.61             170.702             35.8101             12.7744             
82000               4470                1294.77             127.112             308.656             0                   
82000               2690                1328.14             114.173             249.003             4.90378             
82000               4530                1245.6              112.294             139.357             19.9754             
82000               4330                1211.03             128.184             161.946             19.9461             
123000              2890                1761.41             200.347             8.736               15.8279             
121000              2970                1306.54             114.173             286.552             0.254844            
82000               3780                1301.93             144.635             134.16              15.8308             
104000              3700                1303.95             114.173             289.214             0.254844            
82000               2640                1806.83             169.223             166.576             14.8745             
82000               2380                2127.55             154.607             13.3293             7.82782             
82000               4360                1445                139.583             0                   13.1742             
123000              2960                1469.92             123.024             64.6946             8.859               
82000               4400                1315.61             127.112             405.999             0                   
82000               3390                1596.16             110.223             267.798             0                   
82000               2580                1429.88             165.155             233.437             14.9832             
104000              2670                1840.43             147.206             158.414             0                   
104000              3970                1331.08             109.917             269.356             7.25484             
104000              2410                1707.81             176.019             353.257             5.5535              
99000               3810                1685.62             116.846             56.7692             0                   
82000               3320                1519.08             117.304             11.9855             15.2856             
104000              4470                1292.1              127.112             309.991             0                   
82000               3120                1514.79             117.572             2.66778             2.80411             
82000               3780                1306.2              111.344             29.2572             16.7533             
101000              2320                2006.89             145.371             315.565             11.5538             
128000              2350                1876.11             200.347             280.687             12.6441             
82000               2570                1376.88             151.043             327.019             13.0712             
104000              3330                1366.33             115.737             213.272             0                   
82000               3970                1312.36             146.614             88.5735             11.0094             
140000              2340                2206.09             128.046             347.002             18.2615             
82000               4030                1307.84             114.375             18.6806             9.75325             
121000              2900                1601.62             118.865             25.9381             8.12607             
82000               4470                1319.9              114.173             5.57884             5.81507             
82000               2520                1719.5              155.426             269.404             0                   
82000               2460                1714.35             165.569             257.662             16.4129             
104000              2790                1475.44             156.739             117.483             12.4551             
123000              2630                1761.19             147.711             48.4799             14.8613             
82000               3020                1655.78             179.596             0.0390234           16.5203             
82000               3250                1380.89             126.617             257.062             1.61785             
82000               3600                1633.85             146.121             0                   8.43079             
101000              2630                1306.98             123.024             302.715             13.0712             
101000              2770                2230.17             142.467             0                   9.53297             
104000              2660                1969.31             164.51              0.462571            0                   
104000              2720                1541.89             158.355             188.121             17.0587             
82000               3800                1604.18             107.158             225.777             0                   
99000               3010                1680.67             146.01              69.0064             0                   
104000              3470                1410.4              109.917             193.132             8.42223             
82000               2530                1644.95             119.876             221.134             14.2758             
82000               3070                1687.76             117.304             35.9934             14.6566             
121000              3130                1305.99             151.043             365.643             0.254844            
82000               2360                2117.3              165.486             0.547049            22.1113             
82000               3880                1338.3              118.296             405.984             0                   
82000               2690                1419.86             125.774             213.405             19.8812             
126000              2270                2811.13             179.078             1.0313              19.776              
142000              2890                1748.58             214.504             3.08317             15.8279             
82000               2570                1325.7              118.296             376.327             11.587              
82000               3550                1353.73             121.262             240.311             13.4466             
82000               3530                1453.92             162.651             279.332             0                   
82000               2930                1919.4              192.556             0.704291            0                   
82000               3710                1703.34             116.846             28.6933             0.711253            
106000              2930                1655.37             212.31              3.08317             15.8279             
104000              2360                1870.8              177.605             192.158             0.937973            
104000              2950                1450.41             168.587             220.988             0                   
82000               4050                1542.23             110.108             213.165             6.72202             
82000               3890                1332.46             104.649             289.732             7.25484             
82000               4030                1201.57             116.289             203.511             9.64908             
99000               2570                1309.02             151.043             360.019             13.0712             
128000              2650                2045.85             207.219             1.8214              0                   
118000              2340                2233.11             128.046             327.344             14.9872             
104000              2720                1308.01             111.077             290.552             7.25484             
82000               2600                2151.1              176.298             1.45724             0                   
121000              2710                1326.52             151.043             363.373             0                   
104000              2720                1321.37             112.32              283.476             0.254844            
104000              2360                1983.63             165.486             12.4634             19.1554             
118000              2340                2251.73             128.046             322.495             18.2615             
82000               2330                2104.39             135.761             49.2972             0                   
82000               3380                1369.17             106.175             346.213             0.254844            
82000               3910                1552.05             152.972             0.791506            0                   
82000               4300                1212.9              123.116             161.341             14.2661             
104000              2990                1464.18             111.077             53.2261             8.859               
82000               3140                1303.96             110.193             284.289             13.0712             
82000               2960                1488.26             133.176             3.08317             15.8279             
82000               2280                2278.15             170.702             0                   2.643               
101000              2250                2755.21             179.078             9.38002             19.776              
99000               3080                1485.02             130.348             84.9513             4.5674              
82000               3780                1193.11             107.097             200.363             19.9769             
121000              3690                1308.78             151.043             363.176             0                   
82000               2680                2039.22             130.694             171.988             0                   
82000               4470                1300.18             112.294             24.3954             13.9491             
104000              3350                1687.56             156.469             0                   10.2898             
82000               2580                1428.09             165.008             275.486             4.58701             
124000              2820                1838.64             145.371             29.3989             17.1112             
82000               2470                2022.51             145.737             0.48998             25.7143             
104000              3410                1688.82             170.748             0                   0                   
82000               3210                1818.83             178.458             0.110131            0                   
82000               3780                1236.71             118.061             118.567             19.9769             
101000              2480                2380.68             131.538             193.773             7.71147             
104000              3790                1459.15             110.122             66.224              14.8249             
104000              2360                1852.39             179.044             202.369             13.3406             
82000               2800                1690.88             159.583             226.087             1.76568             
104000              3040                1559.31             147.134             0.791506            0                   
104000              2990                1563.57             168.304             48.6319             9.04153             
104000              2360                1811.15             176.019             231.609             7.83048             
101000              2430                2221.03             134.512             284.034             16.383              
123000              2770                1290.67             123.024             305.366             9.78251             
121000              2620                1316.12             151.043             454.92              6.07116             
82000               2500                1951.38             178.919             14.1783             19.1554             
82000               4190                1180.36             112.076             203.32              19.9769             
82000               4030                1413.42             156.102             0.791506            14.725              
101000              2900                1485.66             133.176             30.8405             15.8279             
82000               2430                1951.93             165.486             44.0414             15.4052             
101000              2250                2756.94             179.078             9.38002             0                   
82000               2530                1563.78             110.223             286.785             6.27135             
104000              2360                1755.13             176.019             255.156             14.0247             
101000              2520                1539.69             110.223             327.174             18.1877             
101000              4100                1375.68             122.169             157.825             8.20373             
119000              3010                1665.29             117.572             34.4958             0                   
123000              2980                1536.72             128.937             28.659              0                   
82000               2280                2239.45             170.702             8.16547             0                   
82000               3890                1333.82             104.803             292.288             0                   
82000               4030                1312.89             117.003             3.09853             12.3505             
