177000              3300                2304.07             906.643             1745.59             0                   
172000              3500                3401.94             893.073             925.79              408.149             
465000              3000                4134.44             462.981             1701.35             157.9               
544000              2950                4536.42             580.156             1882.58             126.965             
194000              3400                2110.87             770.011             1232.03             0                   
176000              3350                4225.27             921.697             1515.34             2.76325             
469000              4000                3736.68             950.887             -2.41585e-013       195.824             
177000              2850                4493.06             937.337             3912.73             23.7203             
194000              3750                2897.5              626.127             546.905             0                   
179000              3950                3752.09             700.986             224.37              5.60349             
281000              3550                3029.93             451.261             800.25              45.041              
560000              4150                1933.08             444.728             1595.83             39.2767             
560000              3450                1965.33             669.032             1088.35             148.388             
547000              3100                4009.2              569.174             823.689             195.983             
651000              3150                4236.89             895.764             58.2522             24.6305             
469000              3500                2991.48             938.373             179.463             347.286             
374000              3250                2324.97             397.109             1949.17             201.174             
281000              3100                2392.82             534.111             3325.38             1.24451             
382000              3950                2101.28             450.704             634.164             191.751             
177000              3700                2198.87             690.056             1102.24             97.1441             
171000              3350                3864.07             948.624             1879.12             265.497             
190000              3450                2342.67             404.158             2014.76             105.311             
638000              2900                5496.18             888.931             2772.49             237.057             
271000              3400                2808.3              664.384             492.894             316.82              
554000              3050                2549.67             878.325             2956.75             158.475             
194000              3800                2550.85             580.034             303.239             286.962             
269000              3100                4499.11             596.392             776.432             0                   
374000              4150                2760.8              664.316             59.8963             4.88176             
465000              3400                2152.72             397.109             2135.9              143.097             
376000              3300                2353.49             865.602             1414.11             0                   
465000              3300                2923.76             440.375             1259.69             166.309             
194000              3950                2182.98             466.855             806.808             103.449             
264000              4000                3291.5              612.831             287.363             199.188             
463000              3500                2584.03             944.034             330.803             77.9411             
370000              2950                4814.38             546.914             2806.52             2.21954             
453000              3200                4851.38             957.311             156.755             197.485             
554000              2800                4086.25             894.932             5124.42             41.0767             
180000              3450                3942.04             504.061             2583.49             0                   
471000              3800                3339.27             955.866             8.81829             507.057             
371000              2850                4486.45             737.174             3399.83             0                   
172000              3300                3108.74             749.116             3314.37             233.875             
558000              2900                5244.62             778.632             2801.1              85.6318             
638000              3950                3215.75             640.21              191.917             89.5978             
279000              3000                4214.91             468.012             2644.82             32.5511             
289000              3350                2751.12             409.932             2204.54             0                   
452000              3600                2602.7              481.907             674.218             113.758             
264000              3000                4885.73             879.652             1425.76             0                   
546000              2850                3920.13             955.312             4847.71             38.0444             
194000              5200                2036.98             898.095             753.214             1.24451             
270000              2900                4003.11             910.344             3566.77             201.147             
475000              3050                2376.22             841.18              3827.4              1.24451             
467000              4100                2304.37             601.563             476.537             73.3057             
382000              3800                1987.88             460.97              1303.93             0                   
179000              3650                3415.57             957.469             21.7199             100.199             
465000              3000                4563.45             500.292             1567.59             66.0693             
285000              3700                1674.27             664.979             1707.42             45.7507             
270000              2850                4386.46             899.583             4587.24             128.914             
642000              4050                3782.72             829.388             92.6085             9.32854             
376000              3750                2200.49             601.563             819.465             150.047             
177000              2950                3555.69             728.876             3071.62             161.436             
289000              5050                2879.45             945.104             209.935             9.33417             
372000              3550                3387.05             593.142             414.402             0                   
650000              3000                3735.59             475.755             1892.51             52.1984             
177000              3300                3279.68             898.198             821.535             97.0728             
177000              3000                3704.52             535.196             2307.74             65.632              
479000              3700                4284.9              957.14              1.87901             351.66              
374000              3250                4041.2              474.181             1308.72             14.8621             
177000              4150                2268.07             867.961             1004.79             8.16432             
179000              3250                3964.08             952.017             126.986             5.05168             
739000              2950                3047.21             664.384             3301.93             0                   
177000              3000                2833.03             535.196             3132.28             0                   
455000              3000                4542.22             899.604             1744.37             0                   
652000              3150                2326.27             451.022             2361.74             103.569             
177000              3500                2827.87             756.244             288.217             306.336             
179000              4100                3744.4              959.443             8.33134             305.052             
177000              3150                3047.77             514.375             1496.06             172.375             
179000              3400                3786.28             723.376             82.8352             243.181             
359000              3100                4229.19             630.939             613.105             213.8               
291000              3950                2059.89             460.97              746.749             22.6913             
177000              3900                2702.38             817.995             185.529             230.16              
180000              3500                3675.21             456.116             2293.32             36.5828             
176000              3400                4278.75             955.565             610.627             239.388             
177000              3200                3460.53             533.416             851.576             165.401             
645000              3150                2664.81             692.814             1716.49             0                   
456000              3850                1694.66             441.511             1405.95             113.038             
368000              3100                4854.5              715.265             635.136             0                   
644000              3100                3148.84             505.613             1943.04             224.588             
464000              2900                3564.52             626.264             3810.92             15.8023             
172000              3450                3691.7              957.375             1368.35             319.883             
270000              2950                2927.01             664                 3548.21             78.9421             
455000              3200                3809.83             703.675             395.687             119.672             
646000              3850                2017.83             466.855             820.376             0                   
177000              3600                2235.41             513.967             2833.85             17.1665             
369000              3000                3258.52             504.846             3847.35             102.567             
172000              3700                4052.85             951.266             450.645             332.55              
194000              3450                2490.68             566.323             808.652             199.75              
363000              4500                3121.36             952.512             43.028              186.838             
548000              2950                3139.57             839.17              4123.67             43.933              
270000              3100                2726.61             664                 2199.96             194.982             
194000              3800                2175.63             565.017             524.573             21.9144             
550000              2950                4348.23             921.266             2351.95             0.164199            
190000              3150                2486.12             409.932             3058.18             1.24451             
190000              3350                3140.87             409.932             1854.76             0                   
554000              4200                3676.59             942.845             20.6639             76.1636             
275000              3250                2270.28             397.109             2029.57             169.427             
741000              2950                3259.64             868.064             2955.58             107.617             
374000              3200                3109.99             463.857             1344.39             242.05              
177000              3400                2004.55             605.166             2439.29             160.91              
551000              4100                3470.99             649.529             171.58              39.5304             
364000              3050                3371.23             605.166             2065.01             127.034             
646000              3300                2730.4              440.375             1398.33             87.4932             
455000              4000                2729.45             718.445             161.36              168.124             
190000              3100                2762.95             762.459             3499.01             30.7617             
549000              3750                2736.23             664.339             504.224             36.3319             
375000              3100                2531.48             409.932             2904.16             3.38784             
281000              3200                2459.7              770.222             2904.81             1.24451             
568000              4100                2935.34             943.266             43.2915             33.0161             
551000              3350                2248.63             404.158             2231.5              32.3156             
177000              2950                3882.95             739.388             3067.7              29.5716             
455000              2950                3952.46             462.952             3148.76             37.0707             
171000              3950                4035.75             906.315             1276.69             202.558             
177000              3900                3076.78             891.822             461.241             0                   
270000              2950                4364.86             958.969             2311.73             208.886             
741000              3050                3147.35             512.938             1885.41             155.032             
456000              2850                4132.83             737.174             3763.36             86.2626             
745000              2900                3761.24             648.332             3324.69             60.1157             
474000              2900                2999.5              874.583             5295.54             86.665              
549000              3200                3021.06             426.494             1515.26             0                   
646000              3950                1689.75             460.97              1986.35             0                   
469000              3200                4315.31             956.698             3.25125             81.2014             
280000              2850                3797.37             863.578             4596.5              108.256             
371000              3900                3293.99             915.561             107.469             270.526             
645000              2850                5847.47             890.489             2990.35             104.687             
279000              5200                2192.67             949.974             170.782             101.537             
375000              3300                2546.38             664                 2863.78             1.24451             
171000              3800                2610.17             936.107             3462.26             210.307             
177000              3150                3681.66             515.032             791.713             7.33559             
467000              3950                4262.27             753.388             26.7915             56.3209             
177000              3350                2193.68             535.196             1535.74             0                   
270000              3850                4574.09             849.706             108.427             2.82137             
190000              3150                2526.79             664                 3017.51             38.4239             
280000              2850                4199.08             788                 3773.81             0                   
550000              3000                4131.58             682.41              1951.69             30.6366             
275000              3200                2184.85             404.158             2817.4              89.3672             
194000              3700                2165.02             444.255             917.011             158.433             
467000              4250                1981.08             460.5               1184.09             71.0021             
176000              3400                4092.22             906.315             778.028             342.323             
553000              3850                2029.34             452.999             3061.61             1.24451             
559000              3250                3151.48             822.533             558.804             59.0893             
171000              4000                2831.9              943.249             2844.84             160.175             
553000              3450                2160.66             737.866             844.973             10.7517             
177000              2850                4616.38             880.208             4056.93             67.8163             
641000              3600                3440.24             727.175             166.386             44.2482             
553000              3000                3239.87             459.63              2454.99             127.859             
380000              3250                2444.08             509.17              1778.29             247.928             
559000              3100                3970.65             779.691             873.104             13.1051             
264000              3350                3775.49             551.872             650.243             69.4494             
285000              3800                2253.73             870.296             400.941             246.839             
832000              2950                2815.53             939.597             3882.61             26.208              
270000              2800                4176.92             942.986             4327.16             44.0397             
648000              2950                3315.41             839.17              3502.51             60.8381             
280000              3550                1712.75             441.511             1056.18             113.038             
194000              3550                1781.33             485.438             1022.79             0                   
194000              4100                1848.74             887.019             904.461             159.937             
177000              3850                3462.93             886.578             137.331             319.97              
179000              4200                2941.77             691.003             97.7235             118.087             
179000              3250                4096.32             790.765             28.1704             24.0281             
194000              3800                2415.18             705.493             342.338             255.474             
645000              2950                4183.03             534.72              2244.99             32.7768             
553000              3200                2115.89             609.97              2685.07             15.142              
561000              3750                2616.71             462.707             783.161             0                   
638000              2850                5928.46             888.931             3229.73             165.501             
468000              2900                3042.12             833.907             5014.67             32.3317             
468000              3350                3183.76             817.671             333.595             234.827             
738000              2950                2951.74             763.713             3822.19             26.208              
180000              2950                3947.94             477.19              3172.56             2.21954             
635000              3200                2402.78             428.573             1822.41             0                   
380000              3500                2304.29             411.508             2579.76             58.2836             
262000              3400                2768.54             883.97              674.047             0                   
364000              2850                3902.01             958.969             4032.55             42.6596             
177000              3250                3546.58             702.137             339.073             127.999             
465000              3000                4950.38             734.156             1878.68             0                   
449000              3000                3643.33             605.166             2490.67             156.625             
262000              3150                3407.88             862.565             2433.91             0                   
356000              2850                3414.05             880.438             4478.82             51.5432             
467000              4200                1947.94             440.843             1657.07             125.319             
365000              3400                4347.4              931.874             173.93              3.5413              
171000              3650                2803.71             955.824             2237.38             240.879             
179000              4200                2994.85             959.352             46.7748             297.274             
191000              3850                1952.7              929.131             971.849             105.878             
177000              5050                2437.93             903.929             672.953             188.88              
469000              3500                3649.47             910.329             124.013             296.012             
183000              5300                2417.07             883.966             421.631             66.8157             
641000              3400                3094.59             605.772             341.528             14.5837             
262000              3200                3571.26             602.615             610.778             234.773             
368000              3200                3585.98             738.738             458.904             14.4407             
177000              3150                2936.37             845.273             2977.32             0                   
646000              3900                2700.18             538.88              531.147             0                   
468000              3950                2731.71             525.737             589.783             17.1523             
177000              3550                2489.3              778.483             1404.41             35.1059             
