282000              3400                939.868             285.603             891.747             0                   
282000              6000                753.975             238.095             1539.87             77.4903             
185000              3800                920.802             1098.81             566.405             0                   
282000              6700                734.938             264.228             749.161             73.834              
185000              3800                785.709             1098.81             726.44              126.039             
185000              3800                1434.18             422.7               275.502             61.579              
282000              3800                813.984             265.68              362.981             0                   
185000              3800                943.74              1098.81             543.467             41                  
185000              7100                794.944             245.236             959.297             51.6056             
185000              6700                673.936             1098.85             856.722             0                   
282000              3000                903.928             265.776             2168.24             24.9278             
185000              6500                887.264             381.982             568.043             56                  
282000              3000                931.096             275.996             2169.98             0                   
185000              3800                1074.94             1098.81             412.692             31.3852             
282000              7100                668.229             238.208             2184.67             30.3852             
394000              7700                795.958             274.137             0                   0                   
185000              7100                819.751             244.045             935.555             0                   
185000              3800                1459.23             1189.91             187.256             73.5726             
185000              6100                704.391             202.083             1700.81             32                  
282000              4400                727.896             302.712             196.653             24.9278             
185000              3400                902.44              308.109             2097.94             0                   
282000              3800                792.648             242.079             736.874             74.7833             
185000              6700                734.17              288.032             1565.93             0                   
185000              3400                1276.52             1098.81             352.119             31.3852             
185000              3400                937.863             308.109             2062.51             65.2341             
185000              6500                1269.99             1098.81             294.1               47.6158             
282000              3400                788.412             255.751             1053.44             0                   
394000              4400                851.823             312.932             11.1643             0                   
185000              3800                1104.81             1098.81             382.398             0                   
185000              6500                902.581             1098.81             547.55              31.3852             
282000              3000                1168.11             423.944             1946.6              33.4031             
282000              3000                1022.22             362.627             2092.49             0                   
185000              5800                736.987             294.07              803.808             83.0517             
185000              6500                1463.4              1202.28             236.675             0.217665            
185000              3800                1079.52             1098.81             407.682             103.943             
185000              3800                877.649             255.751             2122.73             59.4031             
282000              5000                786.332             301.316             100.172             0                   
282000              6700                696.013             195.3               1326.43             0                   
185000              3800                770.69              272.171             741.459             78.423              
185000              3800                757.789             259.27              754.36              0                   
185000              5200                748.864             287.586             2124.45             84.3782             
185000              6500                1084.81             497.549             365.926             24                  
185000              3800                1091.61             467.898             395.596             47.6158             
282000              3800                970.609             336.367             269.763             50.0942             
185000              6400                736.442             1189.91             804.353             164.908             
282000              5400                722.746             232.535             2470.04             24                  
185000              3800                1398.22             471.92              229.28              76.3921             
185000              5400                823.348             255.479             1288.82             0                   
394000              7100                697.392             691.401             482.215             24                  
397000              6700                723.988             976.682             741.675             0                   
185000              6500                1290.94             1109.69             288.152             79.4467             
282000              6100                858.258             227.997             1023.98             27.6056             
185000              6500                1078.81             492.668             370.89              0                   
185000              3800                757.789             1098.81             754.36              0                   
185000              3400                1052.36             306.602             1965.16             35.8102             
185000              5400                743.53              209.599             2503.89             81.8555             
185000              3400                990.009             1098.81             661.345             0                   
282000              3400                766.076             238.803             1129.59             52.5333             
381000              4400                988.435             369.429             0                   7.12473             
185000              6400                738.892             1189.91             801.903             0                   
282000              6700                724.458             984.25              748.772             0                   
282000              6700                718.41              1071.15             841.72              30.3852             
185000              6500                1440.35             447.993             247.362             53.1444             
282000              7100                815.637             352.754             13.3013             9.00151             
282000              7100                707.473             302.712             569.583             27.7231             
185000              6500                823.798             254.345             1492.6              24                  
185000              3800                1469.82             541.289             182.505             0.217665            
282000              3800                1342.76             490.333             87.4355             0                   
282000              3000                919.446             281.293             2152.72             61.5301             
185000              6100                725.34              223.791             1589.17             78.2398             
185000              3800                1052.39             1098.81             435.241             57.3852             
282000              5800                771.919             237.921             1704.47             52                  
185000              3400                1305.33             454.478             323.302             31.3852             
282000              3800                1107.05             365.184             215.95              41                  
185000              3400                875.424             1098.81             733.245             30.099              
185000              6500                1050.25             330.862             405.404             84.5492             
185000              3800                772.808             1098.81             739.341             47.6158             
185000              3400                788.195             259.27              2212.18             0                   
185000              5800                741.866             1189.91             798.929             108.023             
282000              4400                1053.87             324.334             17.5487             0                   
185000              3400                1039.51             296.359             1978                0                   
284000              3800                1149.97             761.511             124.869             0                   
185000              3400                1305.77             1098.81             321.483             0                   
185000              6000                911.475             250.833             1503.13             0                   
185000              6500                890.606             1098.81             559.096             0                   
185000              3400                1111.88             388.038             563.929             24                  
185000              6400                754.308             1189.91             786.487             64.2079             
282000              7700                716.551             238.593             9.78927             66.3526             
185000              5800                721.161             294.2               819.634             0                   
185000              6500                738.759             196.14              2459.08             56.6056             
185000              3400                1219.66             454.478             407.594             0                   
185000              3800                1427.67             418.238             280.157             20.9138             
185000              3800                914.44              1098.81             597.709             118.537             
282000              3800                1251.01             376.782             87.6981             0                   
185000              6500                1134.46             496.144             316.636             71.6158             
185000              6500                1269.99             408.691             294.1               47.6158             
387000              5000                792.26              407.542             87.7654             0                   
282000              3000                1256.4              423.944             1858.32             0                   
185000              3400                1314.89             454.478             317.963             77.6158             
282000              3800                826.549             278.274             342.041             78.423              
185000              5400                776.823             209.599             2469.5              49.8555             
185000              5400                824.908             246.113             1274.98             82.3179             
282000              5800                833.383             248.315             563.37              7.12473             
185000              3400                1305.09             1109.69             334.42              63.2161             
185000              5200                745.487             254.797             2592.07             0                   
282000              7700                680.182             250.054             349.859             0                   
282000              5200                785.59              200.74              2085.28             0                   
185000              6500                935.84              1098.81             513.862             126.039             
282000              6100                853.915             227.997             1028.33             0                   
185000              5200                747.403             288.381             2125.91             27.6056             
300000              6700                676.515             1069.54             834.593             30.3852             
185000              3400                878.553             309.993             730.117             0                   
282000              7700                673.598             235.824             2399.87             0                   
185000              3400                797.618             268.693             2202.76             41                  
185000              6500                1266.48             1098.81             297.617             0                   
185000              3800                911.904             1098.81             600.245             69.2426             
282000              3800                786.193             1043.3              670.44              0                   
282000              4400                998.643             483.749             17.5487             0                   
282000              5800                799.398             207.482             1441.61             0                   
185000              6500                903.507             1098.81             546.195             78.423              
185000              6500                778.844             255.877             801.341             88.2079             
185000              6500                967.715             427.893             487.592             77.6158             
282000              3800                812.799             819.162             419.698             30                  
282000              6400                735.332             262.275             327.806             0                   
185000              3800                1090.01             286.834             513.236             85.4778             
192000              7100                1712.57             514.304             262.922             0                   
185000              3400                866.374             255.751             2489.79             30                  
282000              7700                706.407             302.712             9.78927             31.4012             
185000              5800                782.879             203.707             2104.43             0                   
282000              3400                1075.97             415.447             599.42              0                   
185000              3400                1198.45             1098.81             430.181             79.0009             
185000              6500                747.965             201.665             2449.87             80.0234             
185000              7100                879.342             349.488             616.77              0                   
185000              5800                720.233             1189.91             820.562             30                  
282000              3000                1175.53             336.289             1969.27             76.0104             
282000              7100                694.153             238.208             1982.07             0                   
185000              3800                1129.75             291.277             502.711             0.217665            
192000              6500                1797.06             1550.53             222.764             0                   
185000              6500                712.59              196.14              2576.32             0                   
185000              5800                738.026             1189.91             802.768             131.994             
185000              3800                767.212             268.693             744.937             41                  
282000              5200                765.6               234.761             1722.8              35.5887             
282000              3400                1049.3              415.447             609.074             67.4315             
394000              8700                710.329             244.347             120.477             0                   
185000              6500                1297.02             402.724             297.617             0                   
185000              3800                1023.58             443.707             463.622             0                   
185000              6500                1099.44             1098.81             350.26              71.6158             
185000              3800                918.456             292.466             610.547             28.2426             
185000              6500                1444.46             441.7               243.247             20.9138             
387000              4400                746.646             407.243             92.4308             24.9278             
185000              3400                814.485             259.27              2185.89             79.4467             
282000              5800                737.283             211.924             1833.95             26                  
282000              6400                750.803             235.199             2085.77             0                   
185000              6500                1033.43             463.232             416.271             41                  
282000              5000                1045.88             246.189             3569.02             0                   
185000              3400                1045.23             298.723             1972                81.0189             
282000              5200                783.452             222.17              1812.72             77.4247             
185000              5800                744.629             1189.91             796.165             166.611             
282000              8400                670.244             264.228             1.39767             0                   
282000              5400                937.268             248.635             1129.98             0                   
185000              3800                839.847             1104.42             677.907             77.6158             
282000              3800                795.616             1043.3              661.017             41                  
282000              6400                772.933             262.275             211.52              67.7357             
185000              3400                1179.13             408.448             457.409             84.3417             
185000              5800                742.985             1189.91             797.81              71.4365             
185000              4000                1237.13             316.318             418.792             58.6827             
387000              7000                744.301             302.712             0                   0.411881            
282000              7700                789.926             492.714             98.0917             0                   
282000              4400                761.518             285.117             275.312             74.7833             
282000              7000                762.265             257.249             1.91321             72.4964             
297000              3400                743.894             1562.47             1231.88             28.4721             
282000              5800                820.349             236.813             564.876             49.9191             
185000              6500                1013.79             329.2               471.416             8.69435             
185000              3800                857.063             345.249             655.086             87                  
185000              3800                1322.98             1189.91             290.928             21.4204             
185000              3800                1479.64             477.895             161.539             28.8317             
185000              6500                718.903             196.14              2570                30                  
185000              7100                892.243             349.488             603.869             78.423              
282000              6700                731.034             206.35              1221.78             51.7231             
185000              5200                998.729             255.111             1884.16             41.7703             
394000              8700                737.577             253.164             110.728             50.4439             
185000              3400                1141.38             415.554             534.433             52.2184             
282000              7700                812.472             275.637             45.8384             0                   
282000              3000                1024.7              272.264             2103.24             76.0104             
185000              5200                949.338             254.797             1923.68             74.8913             
282000              3400                980.642             293.651             706.707             43.6716             
282000              4400                855.211             342.184             10.5982             7.12473             
282000              3800                925.909             755.255             352.96              0                   
282000              7700                745.362             253.164             3.53472             50.4439             
185000              5800                835.822             237.977             2035.7              65.7188             
282000              5200                900.164             252.678             1670                0                   
282000              3400                874.01              238.803             1041.77             65.9278             
282000              6800                900.99              230.679             763.965             25.8284             
185000              6500                928.181             310.474             521.522             26                  
282000              3800                1099.16             735.877             225.072             47.6158             
282000              3000                1094.89             311.051             2057.82             33.4031             
282000              3000                1108.65             423.944             2006.07             55.831              
185000              6500                1306.15             402.724             294.096             77.6158             
282000              7100                708.122             292.314             436.371             0                   
185000              7100                887.356             349.488             608.755             32.1421             
