149000              3450                3519.35             239.604             142.494             15.9965             
41000               3840                3856.41             211.024             552.867             6.28898             
124000              4590                1752.39             137.063             741.867             0.526158            
80000               4770                2493.77             142.859             347.489             1.40175             
166000              3150                5999.83             237.872             1082.13             7.94868             
148000              3420                2893.07             225.07              149.779             34.415              
74000               3840                2663.89             207.302             173.725             1.18034             
124000              3810                1809.74             173                 685.285             13.6808             
143000              3720                2944.83             179.152             124.384             0                   
124000              3570                2301.6              137.477             1102.67             10.6645             
122000              3510                3571.64             188.041             156.657             30.7786             
147000              3240                3613.08             193.048             1301                10.2824             
212000              3330                3863.43             225.296             2013.6              3.328               
61000               3510                2514.14             170.162             272.568             32.3245             
100000              3450                2593.83             225.07              149.141             41.8259             
43000               3750                3810.49             165.236             850.246             0                   
100000              3390                2121.47             155.708             351.42              5.07719             
43000               3690                3679.71             203.166             1190.21             9.62292             
41000               3660                3817.26             211.024             762.844             16.5217             
145000              3750                1838.58             145.775             453.667             20.9668             
145000              4110                1885.27             155.708             461.54              11.0554             
165000              3510                2808.08             238.546             232.109             3.89685             
41000               3810                3829.95             235.949             346.098             39.9855             
104000              4080                2855.12             174.878             130.142             17.4434             
193000              3330                3700.59             197.04              167.287             21.8153             
99000               3330                3057.53             228.37              218.217             27.5636             
125000              3960                2701.05             132.19              446.367             1.89487             
61000               3600                2278.51             142.381             942.295             6.98252             
80000               3330                2957.67             186.805             222.881             38.0756             
145000              3930                2112.26             158.123             228.742             40.4686             
124000              3840                1795.41             163.811             611.856             32.8883             
100000              4770                2490.3              141.752             309.879             31.5223             
54000               4440                2003.4              150.894             859.886             4.72969             
43000               3990                4366.11             191.735             701.567             0                   
54000               4260                2185.5              138.374             552.456             24.1834             
41000               4410                3059.06             158.7               657.422             11.6941             
61000               3510                3333.7              161.81              196.113             4.78572             
172000              3300                2837.46             160.985             306.444             33.999              
41000               4500                3428.42             209.247             380.168             14.1851             
121000              4590                2460.71             143.165             485.619             1.40175             
54000               4380                2654.93             164.541             109.509             11.1124             
212000              3240                3994.21             239.264             1488.57             1.31489             
61000               4020                2176.85             135.876             891.221             9.04764             
170000              4080                2063.89             179.152             438.669             1.89487             
95000               3660                2010.6              161.712             439.348             34.6566             
123000              4080                1995.93             140.52              398.194             40.2933             
170000              4020                1984.24             143.615             438.673             35.7987             
78000               4290                1937.76             163.828             919.614             18.6965             
162000              3840                2569.22             200.602             165.276             10.1195             
150000              3270                3973.73             232.675             1839.87             1.49014             
172000              3960                3085.7              197.361             108.47              0                   
41000               3690                4066.49             211.024             483.554             37.9367             
121000              3510                2779.23             233.369             233.783             3.89685             
97000               4140                3576.5              197.361             151.802             6.06982             
61000               3270                3101.22             165.712             444.025             28.3635             
128000              3630                3068.79             168.041             193.577             1.41001             
41000               3480                4069.68             187.602             602.247             7.6919              
100000              3930                1815.08             173                 805.801             1.43556             
61000               3570                2275.65             142.381             778.145             25.1701             
168000              3120                3401.15             231.131             1761.07             12.98               
100000              3420                2448.99             146.417             1041.28             26.7639             
54000               3690                2159.93             186.878             731.767             6.06982             
100000              3420                2708.36             170.162             672.509             0                   
80000               3390                2136.54             184.251             346.209             10.0071             
167000              3840                2816.57             221.478             114.282             28.8405             
41000               4650                3426.87             179.558             632.392             1.47526             
41000               4320                3628.41             184.555             360.343             0.917503            
100000              4110                1903.63             128.502             529.85              8.4605              
146000              3810                2858.36             227.137             140.509             25.724              
170000              3990                1935.55             140.52              559.403             13.6978             
146000              4380                2213.94             133.11              548.518             4.75284             
54000               4050                2115.16             186.878             574.484             0                   
61000               3420                2543.22             196.606             475.595             8.48382             
140000              3270                2636.93             180.312             1016.24             40.4633             
193000              3210                2905.81             209.311             1645.47             27.1167             
129000              3480                3016.32             205.438             143.859             4.65321             
130000              3480                2710.48             149.404             267.896             18.1897             
54000               3690                2375.61             204.913             211.54              0                   
84000               3330                2650.42             203.981             448.453             13.5931             
78000               4440                2047.47             161.366             649.132             21.3248             
144000              4590                3208.49             177.318             95.591              2.503               
80000               3720                2732.31             131.495             667.279             19.7518             
124000              4050                1848.33             133.402             910.359             15.9519             
97000               3900                3511.1              203.366             80.9747             23.9936             
124000              3270                2397.98             188.057             762.005             32.6599             
78000               4590                2093.3              128.972             655.875             0.0356024           
41000               4230                4031.52             196.445             283.869             2.5176              
41000               4680                3178.36             171.058             306.746             1.47526             
100000              3930                1887.96             135.768             776.438             0                   
84000               3870                4235.67             212.485             129.481             0                   
164000              3360                3308.36             190.958             260.236             4.7347              
41000               3870                3949.29             211.024             468.804             19.7395             
74000               3870                2077.55             146.419             324.946             35.2312             
61000               3390                2471.36             196.606             271.485             33.412              
61000               3510                2324.29             155.102             661.91              38.3786             
212000              3390                6372.02             239.25              484.836             0.419841            
54000               4320                2296.32             145.098             248.429             0                   
54000               4170                2616.13             168.879             100.759             0                   
41000               3360                4049.4              211.024             619.295             25.0856             
124000              4350                1904.27             133.273             1082.33             2.69751             
60000               3450                3648.1              180.788             880.476             0.671748            
145000              4200                1953.55             155.708             610.696             0                   
118000              4050                3575.77             204.913             93.5039             0                   
77000               3690                2546.46             223.366             141.879             15.0708             
124000              3720                1753.5              134.924             718.896             12.4009             
43000               4380                3565.6              169.288             702.432             28.1461             
101000              3270                5764.47             239.985             1410.07             3.93221             
187000              3030                4891.91             238.081             1434.23             7.94868             
80000               4890                2444.81             141.752             483.808             21.6464             
54000               4560                2017.32             140.734             589.299             11.0231             
124000              3510                2314.12             158.881             893.493             0                   
124000              3900                1747.57             134.924             671.59              36.5032             
61000               3330                2729.61             154.362             412.266             11.296              
100000              3630                2064.61             149.207             1212.83             12.4338             
41000               3540                3807                190.481             664.479             40.2646             
83000               3120                6002.78             230.555             1234.16             8.63172             
54000               4140                2670.91             186.387             173.472             15.8375             
43000               4140                4123.28             163.496             766.757             0                   
80000               4470                2950.91             150.824             139.673             3.24124             
121000              3840                2435.57             145.165             271.186             0                   
100000              4260                1811.13             132.23              472.436             30.7514             
144000              3870                3146.58             203.366             86.6022             31.8542             
145000              4050                2168.21             190.488             475.67              1.89487             
170000              4170                2130.22             147.358             324.199             5.25753             
54000               4230                2100.07             150.894             739.795             1.25154             
191000              3540                3161.87             197.292             167.819             13.7862             
172000              3300                3026.65             194.222             235.798             27.563              
77000               3630                2742.05             234.061             211.416             0                   
59000               3480                3647.42             238.908             628.35              23.6907             
43000               4380                3519.18             171.748             941.655             5.06359             
145000              3330                2348.92             161.696             524.439             3.89685             
145000              3600                1836.9              187.938             552.649             18.5798             
95000               3870                3195.77             228.995             138.332             6.58756             
41000               3810                3811.7              187.602             351.657             57.7714             
54000               3960                2264.33             152.665             153.818             15.928              
164000              4140                2076.88             146.015             473.107             0.455884            
119000              4260                1932.72             160.647             311.481             38.2344             
78000               4350                2041.96             196.062             779.656             1.25154             
80000               3720                2919.31             138.485             575.923             0.211103            
98000               3960                3026.49             223.366             90.7274             0                   
104000              4710                2949.93             169.861             88.3185             0                   
81000               3240                3178.79             176.633             506.87              16.31               
147000              3150                5742.73             230.555             1630.83             20.7935             
77000               4050                2964.7              223.984             106.313             15.8029             
100000              3990                1787.62             134.924             622.132             32.5032             
78000               4200                2216.3              128.972             887.209             0                   
104000              4230                2912.64             155.04              113.499             0                   
99000               3450                3499.28             206.886             156.657             31.6801             
124000              3570                2420.17             140.52              443.069             38.2478             
80000               3660                2671.58             137.749             673.468             33.9325             
83000               3210                4578.72             236.366             967.082             29.0727             
124000              3810                2293.8              139.133             1187.47             6.98252             
100000              3360                3430.35             184.491             183.644             7.10415             
125000              3630                2846.6              138.485             455.271             1.89487             
41000               4380                3293.33             191.909             539.675             22.9262             
124000              3450                2919.13             202.384             119.628             42.9041             
122000              3120                5466.67             232.933             1446.53             7.43238             
78000               3780                2468.03             146.057             156.344             27.142              
43000               3630                3877.95             169.385             794.723             24.1888             
172000              3300                2620.27             170.273             404.976             19.2009             
61000               4080                2146.14             144.512             588.16              33.2935             
74000               3720                2085.9              180.57              212.343             21.3584             
95000               3780                2348.71             162.974             182.365             35.7234             
41000               4470                3845.03             181.533             288.229             17.8989             
144000              4260                1926.75             150.457             364.136             36.1623             
61000               3450                2470.26             220.704             281.325             3.89685             
168000              3270                3131.08             197.04              475.819             17.4272             
172000              3210                6607.04             237.683             696.318             34.1166             
78000               4290                2141.64             169.648             928.285             0.0356024           
41000               3330                4090.47             211.024             684.063             11.0104             
193000              3390                2952.13             232.449             259.643             3.89685             
124000              4200                1885.41             188.61              653.339             0.59412             
83000               3210                5922.8              237.872             1651.92             3.93221             
97000               3930                3251.44             217                 113.359             39.4161             
78000               4740                2103.88             128.972             570.49              4.42077             
137000              3840                2496.43             222.23              177.08              15.1052             
43000               3960                3651.42             162.074             856.443             38.9577             
167000              4080                3299.47             203.366             89.7929             15.7429             
145000              3840                2047.73             167.303             1486.01             0.206984            
169000              3120                5289.42             227.241             1608.83             8.63172             
104000              3390                2443.32             154.362             658.406             22.419              
97000               3930                3278.87             227.292             89.1633             30.3329             
41000               3750                3951.15             235.949             344.662             61.9346             
80000               4620                2609.78             141.753             268.979             18.3531             
143000              3300                3101.71             160.386             285.879             4.63486             
85000               4230                2124.87             138.333             983.885             7.32456             
41000               4320                3815.44             182.564             329.661             34.2184             
124000              3630                1946.56             187.962             1176.79             11.6114             
41000               4650                3413.13             197.757             380.34              4.18427             
104000              4320                2858.69             149.165             118.123             14.4434             
123000              3510                4163.41             202.416             221.718             4.7347              
54000               4560                2386.84             145.098             235.009             24.3095             
142000              3390                4130.88             239.175             165.008             6.37066             
142000              3900                3499.11             213.134             83.0054             18.7244             
43000               4110                3524.13             151.066             940.013             6.83095             
193000              3930                3237.91             203.366             99.0392             18.7244             
54000               3840                2601.05             204.913             168.628             29.3841             
54000               3540                2243.26             145.234             250.225             0                   
100000              3360                2287.83             184.251             315.105             3.89685             
54000               4020                2186.24             159.71              296.889             24.4585             
