78000               3570                3241.41             234.076             301.409             28.2471             
147000              3450                2666                147.103             248.645             18.3367             
74000               4260                2577.2              168.318             884.682             0                   
74000               3210                3511.97             204.345             747.817             0                   
121000              3270                3481.25             174.9               693.177             23.5032             
81000               3810                2133.08             137.43              761.064             26.4154             
126000              3330                3236.72             212.336             250.89              35.605              
105000              3570                2433.28             191.781             238.154             38.9972             
55000               3480                3620.44             159.294             496.052             7.77557             
85000               4170                2091.12             174                 424.467             0.602325            
55000               3360                3101.17             205.642             727.582             29.8947             
189000              3090                5001.99             238.956             1147.2              24.8911             
193000              3900                2816.17             159.945             222.167             0.461969            
55000               3870                3423.71             155.299             452.392             21.0951             
57000               4590                2999.55             168.896             429.264             0.755985            
168000              4320                2279.95             185.981             251.851             8.43398             
100000              3990                1840.68             208.084             1147.96             63.8048             
166000              3840                2690.61             186.98              104.615             32.7192             
167000              3450                2802.31             215.351             211.686             28.6642             
124000              3930                2206.51             137.431             948.197             6.0705              
117000              3510                2864.84             158.917             129.391             12.4787             
55000               3960                3274.36             181.465             381.851             44.8058             
35000               3510                3424.98             172.355             769.169             0.28011             
61000               4710                2260.8              178.135             291.979             1.4836              
74000               4200                2195.15             136.745             731.699             10.7658             
61000               3780                2882.92             171.406             196.467             45.5367             
147000              3690                2605.51             174.821             124.116             40.7446             
212000              3270                5381.52             230.688             289.141             15.2829             
74000               3180                3742.11             192.008             586.407             18.6825             
74000               3240                3274.88             217.657             911.001             4.20801             
95000               3270                3538.85             180.254             436.606             47.6884             
61000               4650                2519.47             189.072             95.0451             14.1286             
79000               3810                2260.15             146.952             415.091             39.4314             
78000               3510                4243.17             216.947             303.08              6.19934             
55000               4110                3269.26             198.484             589.79              3.40312             
57000               4290                2856.94             149.428             626.728             40.4602             
35000               3840                3561.61             172.355             976.678             0                   
145000              4020                2275.8              135.973             847.168             10.6308             
55000               3930                3797.65             207.269             229.546             0.475876            
61000               3660                3374.36             238.961             311.428             8.66112             
103000              3180                6561.95             239.584             1038.04             0.440307            
124000              4470                2170.91             181.436             261.612             14.2273             
146000              3120                5885.98             239.584             1635.81             4.23171             
55000               3990                3082.38             189.848             532.328             39.4775             
55000               3360                3189.43             170.137             1060.36             0                   
212000              3150                4109.18             205.216             1100.5              19.6899             
55000               3450                3440.25             231.452             560.556             6.18336             
98000               3150                3521.48             189.042             929.035             26.3053             
105000              3840                1941.93             169.385             1004.13             14.6987             
168000              3810                2625.5              186.253             437.338             0.169906            
149000              3960                3193.68             217.673             84.3791             13.9237             
164000              3120                5329.39             238.361             1571.39             6.81779             
123000              3300                4073.59             236.225             418.681             26.0643             
84000               4560                2706.04             196.042             91.3892             9.33449             
137000              3510                4710.23             220.439             495.028             0                   
59000               3330                2452.91             186.128             596.163             21.3979             
105000              3690                2040.99             148.249             671.404             37.1707             
98000               4800                2516.9              146.59              385.288             0.472403            
193000              3120                3423.64             226.249             1440.1              41.9767             
149000              3300                3384.55             191.648             265.823             1.29206             
61000               4080                2068.59             141.223             336.962             13.0418             
145000              3510                2718.6              156.038             1136.89             0                   
55000               3630                3142.05             148.432             598.822             0                   
81000               3390                2120.3              150.772             859                 23.24               
144000              3660                3335.3              140.156             623.57              1.98817             
145000              3600                4831.31             236.578             161.262             0.364679            
59000               3390                2373.91             201.646             508.28              3.96284             
100000              3660                2281.96             137.431             1027.22             15.6989             
57000               4020                2889.92             228.548             738.54              3.97349             
125000              3690                4062.35             197.04              246.047             0                   
105000              3750                1938.39             196.062             840.374             19.4737             
59000               3570                2215.61             147.181             510.165             24.3905             
168000              4110                3226.94             205.351             107.458             5.40276             
151000              3360                2821.15             179.135             207.386             35.4916             
189000              3120                4429.62             238.956             1735.2              18.928              
57000               4140                2645.09             148.498             747.318             27.3396             
105000              3840                1979.47             130.818             740.255             17.5138             
124000              3780                2788.58             149.604             1263.9              0.28011             
80000               4110                3102.72             138.708             866.432             3.04375             
105000              3420                2160.29             181.599             431.956             43.9302             
168000              3450                3007.5              206.657             110.654             31.2731             
97000               3420                4206.52             236.993             622.454             0                   
187000              3900                3230.23             218.677             169.106             0.169906            
124000              3720                2091.81             148.249             873.277             28.3797             
121000              3780                3207.64             143.689             860.474             1.98817             
121000              3810                1907.85             201.227             718.416             16.3923             
103000              4470                2608.47             166.705             107.629             27.3307             
169000              4260                2936.02             187.8               96.6591             42.3414             
124000              4290                2379.87             132.598             852.333             10.4945             
95000               3330                3967.75             193.74              333.2               43.849              
95000               3660                2860.01             156.038             1137.81             0                   
193000              3210                3966.58             219.58              407.5               19.927              
81000               3690                2034.1              145.515             674.191             43.2211             
169000              3510                4230                197.04              264.194             0                   
145000              4560                2506.82             159.8               315.429             0                   
80000               4380                1977.17             141.223             446.808             27.6934             
168000              3990                2941.74             238.205             129.828             0.461969            
168000              3420                3544.31             215.518             565.382             0                   
121000              4380                1947.19             160.741             757.243             1.99912             
61000               4410                2364.52             139.746             520.052             0                   
55000               3480                2950.74             180.923             496.912             47.3323             
98000               3750                2773.59             225.746             138.887             33.038              
124000              3300                2586.82             232.005             579.301             8.7462              
124000              3630                2444.38             231.84              230.153             28.114              
121000              3840                1904.66             160.741             639.567             45.2204             
149000              3990                2992.49             173.008             106.77              21.8797             
212000              3420                3881.59             192.186             373.448             0                   
188000              3600                3348.15             229.333             276.248             0.0755111           
55000               3450                3752.53             205.642             268.702             34.7035             
104000              4380                2831.97             230.746             135.725             3.94933             
124000              3210                3190.5              200.68              832.335             11.6946             
57000               4560                2936.78             143.122             697.71              1.45433             
121000              4620                2825.67             212.279             312.697             0.292063            
212000              3450                4140.41             234.728             185.142             0.749844            
145000              3360                2564.3              160.754             409.454             2.08515             
84000               4230                2624.4              206.148             133.884             32.7516             
79000               3480                2490.83             156.239             241.841             42.4723             
193000              4050                2913.76             191.782             134.465             0.292063            
163000              3270                4439.28             237.021             399.801             24.8018             
55000               3930                3375.95             216.613             542.252             0.211103            
61000               4500                2442.23             165.482             134.41              31.533              
61000               4170                2280.14             216.234             289.142             25.5536             
126000              3480                2552.38             146.25              469.103             33.7556             
105000              3360                2275.53             180.487             888.405             1.29206             
61000               3960                2147.98             158.758             333.046             40.8445             
55000               3270                3679.24             201.124             393.576             29.6701             
85000               4020                2050.24             137.222             486.698             0.602325            
100000              3300                3733.43             174.9               559.12              34.2768             
143000              4380                2157.52             145.179             248.035             14.2273             
212000              3420                4029.21             180.273             220.408             5.69221             
193000              3660                3032.41             178.337             205.607             0.524381            
123000              3210                2856.05             233.571             819.635             17.8509             
74000               3360                2958.07             196.606             1126.37             1.03772             
57000               4440                2866.42             151.686             821.262             1.45433             
100000              3270                2998.02             173.083             945.789             23.3617             
59000               3360                2320.64             152.068             579.491             1.91525             
78000               3990                4451.86             204.345             152.647             4.48853             
61000               4080                2845.26             230.241             197.841             5.48188             
168000              3900                4763.67             203.687             105.018             3.84604             
80000               4020                3217.06             232.005             236.019             0                   
78000               3360                2611.7              232.005             469.704             1.91525             
81000               3270                3858.03             217.348             564.341             11.8932             
172000              3840                3262.06             197.04              108.99              10.6769             
117000              3870                3148.66             215.625             99.6872             31.7309             
144000              3210                2844.17             211.7               1581.25             8.69478             
145000              3240                3025.59             170.146             829.807             3.90228             
61000               3720                3313.05             231.408             186.668             25.6343             
143000              4470                2161.44             155.286             293.194             8.43398             
98000               3450                2960.59             231.847             184.615             36.3575             
187000              3270                4264.91             238.286             430.316             10.0304             
61000               4470                2901.11             160.593             167.317             2                   
61000               4110                2052.55             140.302             395.629             31.1859             
124000              3300                3284.98             232.005             315.925             30.0712             
78000               3600                4184.44             182.136             310.39              9.09675             
55000               3960                3617.84             216.025             224.317             16.7063             
162000              3450                4166.52             236.993             513.886             0                   
145000              4140                1988.17             160.331             480.244             20.4469             
170000              3420                3164.37             171.468             211.673             17.0124             
55000               3510                3579.02             205.642             739.667             0                   
61000               4320                2921.44             191.012             131.231             20.1351             
124000              3630                2300.13             137.431             1120.34             4.04915             
165000              3330                5311.77             238.111             221.635             13.2028             
105000              3300                2192.27             149.207             749.929             9.10998             
164000              3060                5412.54             238.361             1389.56             34.4591             
100000              3360                2867.73             200.549             207.386             41.9344             
164000              3870                2454.08             150.765             443.569             0.169906            
55000               3990                3472.74             204.345             276.318             35.7407             
79000               3420                2547.8              149.825             258.296             1.91525             
82000               4170                2469.1              220.438             222.201             17.6083             
79000               3390                2359.24             147.103             302.245             31.9451             
85000               4470                2593.21             211.086             208.606             6.06536             
143000              4140                2065.35             145.179             282.794             25.8777             
104000              4320                2086.56             138.32              456.664             0.602325            
124000              3420                2754.4              177.249             1075.83             0.475876            
105000              4620                2665.84             171.903             92.1372             9.33449             
55000               3270                3306.27             161.108             727.682             0.475876            
172000              3660                3747.72             237.596             524.629             0                   
55000               3300                3339.06             159.222             734.019             27.265              
145000              4050                1819.9              209.616             1715.59             35.5213             
164000              3630                2478.92             158.957             178.441             26.6868             
148000              4110                2571.77             159.303             119.814             45.189              
74000               3210                3165.61             173.083             764.318             34.0959             
144000              3210                2605.31             233.571             1616.02             16.6502             
124000              4020                1919.75             151.12              870.85              2.81508             
121000              3180                3428.25             239.711             1758.36             0.580849            
100000              3420                3137.52             166.93              1135.28             0                   
187000              3600                2633.37             150.406             320.022             0.169906            
61000               4260                2430.32             180.806             117.218             32.2669             
57000               3990                2669.73             168.318             931.744             0                   
55000               4200                3339.92             166.11              348.24              22.4783             
55000               3750                3803.99             176.433             284.906             16.6065             
130000              4110                3544.47             191.621             215.798             0                   
61000               4710                2239.15             160.572             320.268             9.0302              
61000               4560                2258.56             148.922             215.682             27.7052             
193000              3270                4386.15             230.665             401.803             12.3691             
143000              4470                1965.46             171.723             362.214             25.9247             
144000              3690                2862.32             236.015             211.925             1.29206             
145000              3300                3092.22             232.005             356.144             1.91525             
105000              4020                2750.27             168.426             118.352             1.69483             
80000               4320                2234.6              156.253             289.086             18.7298             
