284000              7100                914.429             323.484             1.39767             0                   
214000              3800                1253.65             393.198             112.013             0                   
185000              3400                808.322             291.586             673.264             82.6231             
297000              6400                748.188             226.541             685.822             129.065             
412000              5400                723.652             225.749             1998.18             27.6056             
284000              6700                828.104             223.388             1008.61             96.0239             
185000              5400                711.274             222.627             2275.58             41.7703             
185000              6700                745.116             222.514             1903.92             61.831              
185000              5800                707.536             201.415             2450.23             34.2111             
227000              3400                1319.02             385.877             135.605             108.247             
284000              7700                869.987             283.746             66.4905             113.339             
412000              3000                984.06              277.624             1793.61             0                   
185000              3800                719.23              238.988             764.233             0                   
412000              6500                648.249             1546.75             1416.88             62.0623             
185000              5800                770.175             218.498             1228.78             0                   
185000              6500                812.351             274.448             269.013             30                  
185000              6700                666.826             886.1               660.844             0                   
185000              3400                842.331             301.588             641.131             41                  
290000              6700                656.089             1558.86             1328.83             0                   
284000              7700                777.248             412.452             65.7247             0                   
317000              4400                724.102             236.819             280.248             56                  
322000              6400                726.825             229.681             213.571             99.3006             
284000              6700                866.605             228.963             692.067             52.6056             
300000              6500                765.85              230.755             794.081             77.1209             
185000              6700                688.272             234.079             1392.12             0                   
284000              5000                969.349             390.498             2.13705             16.2162             
402000              4400                674.832             498.976             162.502             0                   
282000              8400                786.817             288.136             178.271             30                  
300000              3400                746.181             231.451             2459.82             0                   
185000              3400                754.118             1098.85             854.024             26.7749             
317000              4000                688.686             242.772             2044.12             0                   
297000              5200                829.96              220.326             1734.52             47.4247             
214000              3800                1251.91             388.904             98.0287             98.234              
297000              5400                709.757             193.282             2017.53             85.7772             
300000              4100                714.73              250.122             10.3991             67.6731             
227000              3400                1315.31             860.58              118.307             21.7897             
227000              5200                810.754             204.625             2513.38             115.648             
194000              6500                1129.16             402.09              173.825             74.7179             
185000              4400                800.923             237.111             671.036             26.7749             
185000              3400                817.836             231.454             2553.87             87.7726             
282000              8400                815.693             280.876             84.7448             0                   
412000              3000                923.396             279.079             1835.32             33.4031             
297000              3400                802.765             1103.54             698.384             0                   
205000              4400                814.172             291.523             9.86725             0                   
300000              3400                747.086             250.122             0                   37.7058             
297000              3800                758                 263.841             545.516             67.7749             
185000              4000                735.088             1012.67             660.317             26.7749             
297000              3800                774.602             732.859             312.442             25.8284             
282000              3800                1031.79             408.053             170.96              34.167              
337000              3000                1572.34             520.729             1151.61             0                   
412000              3400                747.059             236.819             1367.27             27.6056             
297000              5100                693.989             271.963             18.4502             62.7595             
326000              3000                1373.28             390.448             1369.55             0                   
227000              3400                1313.35             945.885             205.567             55.7897             
297000              6700                724.883             192.996             2120.89             27.6056             
185000              3400                893.183             271.48              2120.34             0                   
185000              6700                666.826             253.164             660.844             0                   
192000              3800                1056.56             645.412             161.093             34.167              
297000              7400                602.953             228.766             20.0963             0                   
210000              3000                957.892             286.016             1383.33             0                   
300000              3000                919.908             261.456             2213.17             68.3933             
284000              7700                847.267             287.651             81.9534             56                  
300000              3000                864.795             262.129             2268.29             111.576             
282000              4400                727.112             302.712             163.9               0                   
185000              5600                753.091             204.693             2581.34             0                   
337000              3000                1809.21             482.31              942.384             0                   
185000              5400                716.73              222.627             2270.12             74.8913             
447000              5000                1065.43             225.467             5358.7              30.099              
284000              4400                1021.87             287.651             68.1115             56                  
210000              3000                890.589             274.604             2474.1              101.912             
412000              6100                676.228             195.3               2125.77             0                   
337000              3000                1448.81             404.925             1298.59             54                  
185000              6400                806.429             211.265             2066.85             127.49              
297000              5100                690.331             259.646             30.707              30                  
317000              4000                706.336             236.819             2281.29             56                  
185000              5200                790.411             201.304             2544.02             95.8863             
290000              6000                707.25              1558.86             1356.68             0                   
227000              3400                1336.01             391.1               110.029             47.8395             
284000              7700                1013.41             286.427             0                   96.5894             
300000              4000                733.695             903.695             649.916             0                   
447000              5000                1054.44             229.068             4378.87             119.641             
291000              7100                1151.52             542.482             -2.84217e-014       0                   
227000              3400                1375.03             390.295             97.401              65.6843             
337000              3000                1708.93             457.443             1043.16             28                  
297000              6000                661.295             242.772             1228.83             28.2426             
227000              4000                1214.82             736.34              122.977             65.6206             
300000              3400                847.68              247.152             922.078             10.5623             
227000              5200                880.361             234.364             1935.86             0                   
227000              4000                1231.82             736.34              97.401              5.21309             
185000              3400                757.62              238.071             748.496             73.6804             
312000              6000                664.612             1463.66             1219.96             0                   
185000              3800                845.607             268.214             549.798             109.007             
317000              3000                953.938             305.307             1843.58             0                   
185000              3800                729.179             246.818             752.406             105.198             
297000              5200                829.587             225.877             1737.72             107.81              
317000              4000                709.017             236.819             2280.13             26                  
337000              3000                1541.83             448.459             1216.97             77.9479             
284000              7700                1013.26             292.088             0                   0                   
300000              3400                742.243             229.339             2553.11             80.7749             
317000              4000                701.824             236.819             2287.92             88.3246             
412000              6500                656.979             196.169             1318.03             62.0623             
317000              3800                743.527             1098.85             701.213             0                   
284000              5000                886.175             286.427             12.3904             91.1694             
214000              3800                1318.14             865.566             31.1822             27.6801             
412000              6400                840.817             223.201             712.527             0                   
297000              3400                768.182             232.993             1906.82             60.4349             
297000              6700                624.357             195.3               1141.32             0                   
412000              3000                786.302             236.819             2063.19             24.2361             
227000              6500                816.967             228.951             782.591             0                   
185000              3800                728.652             1098.85             754.81              41                  
210000              3000                892.467             276.481             2474.1              54                  
412000              3400                742.716             236.819             1371.61             0                   
284000              7700                1002.93             289.407             55.4978             30                  
185000              3800                721.575             239.214             760.01              52.6033             
402000              6500                655.649             205.999             1234.27             0                   
205000              4400                809.614             289.646             71.5067             56.7749             
227000              3400                1375.03             860.58              97.401              65.6843             
227000              3400                1387.61             391.1               97.401              6.47957             
297000              5800                661.356             178.253             2371.56             0                   
185000              6700                712.619             244.871             775.897             62.3246             
210000              3000                937.848             276.481             2352.83             26                  
185000              3800                1183.71             828.204             134.689             0                   
317000              6500                671.395             195.3               1992.92             30.4349             
227000              3400                1387.61             860.58              97.401              6.47957             
194000              6500                1122.28             853.698             181.881             33.7179             
185000              3400                784.92              1098.85             719.423             52.6033             
337000              3000                1774.4              447.26              980.503             89.1041             
185000              6500                754.406             234.079             1165.55             67.4403             
185000              3800                780.958             727.745             300.973             0                   
210000              3000                937.284             274.604             1492.57             109.974             
412000              3000                815.282             248.667             1906.68             0                   
297000              6100                718.574             1316.63             961.137             0                   
411000              7100                899.789             452.084             -2.84217e-014       0                   
297000              3400                718.362             1467.61             1100.1              26                  
227000              3400                1312.18             945.885             227.75              99.6206             
300000              3000                867.807             262.129             2265.27             36.5623             
227000              3400                1323.44             860.58              110.029             107.044             
227000              5200                803.336             205.706             2511.06             24                  
412000              4000                679.68              242.772             2045.52             0                   
412000              4000                678.625             242.772             2137.35             24.2361             
300000              3000                901.877             244.294             2231.2              92.3933             
227000              3400                1306.1              945.885             325.915             129.621             
185000              6700                707.22              219.833             2019.11             30                  
317000              3000                843.331             273.037             2028.13             62.0623             
297000              6700                627.553             217.345             0                   30.4349             
297000              5200                745.929             196.345             1899.96             0                   
194000              6500                1218.24             386.85              171.291             35.2085             
284000              6700                754.747             206.895             1495.19             0                   
185000              6000                707.476             1376.61             1122.72             0                   
402000              7700                740.089             216.354             762.557             0                   
300000              3400                749.767             251.221             0                   0                   
297000              3800                795.94              732.859             291.105             0                   
185000              7400                654.349             238.208             1896.02             27.7231             
402000              4400                685.277             242.772             63.6228             0                   
337000              3000                1615.49             447.26              1136.11             114.902             
284000              4400                1007.75             292.088             9.70294             0                   
185000              3400                813.82              233.331             2559.76             0                   
282000              3400                786.509             1511.27             1075.62             0                   
297000              5400                688.576             194.166             2624.76             36.6023             
282000              3400                760.949             236.819             1101.18             0                   
297000              6000                698.675             185.287             1891.1              59.7772             
185000              3800                936.136             630.512             208.071             0                   
185000              6500                837.024             276.186             238.902             0                   
227000              3400                1335.86             860.58              110.029             90.4676             
306000              7100                1018.02             570.318             -2.84217e-014       0                   
300000              7400                650.371             226.085             21.3792             30                  
284000              6000                827.702             219.016             1124.77             5.76726             
300000              3000                817.619             275.185             1456.52             126.567             
297000              3400                719.33              1377.2              1008.73             0                   
297000              7400                612.337             238.149             11.2131             70.5332             
284000              3800                1219.79             353.314             176.306             23.6888             
300000              4000                739.997             1007.18             649.916             26.7749             
402000              5000                724.831             236.819             88.1666             0                   
185000              3800                1181.83             394.725             134.689             26.7749             
185000              3400                826.004             231.454             2545.7              129.198             
412000              6100                668.536             195.3               2224.23             24.2361             
412000              6500                649.857             1546.75             1325.05             0                   
300000              3000                940.627             280.913             2210.58             10.5623             
185000              5800                760.773             223.74              1847.01             71.4452             
297000              3800                736.611             1102.53             748.65              52.7749             
412000              4000                714.663             262.379             2010.53             41                  
300000              7100                686.377             227.071             956.938             0                   
402000              4000                765.496             242.772             690.344             0                   
284000              6000                803.085             219.045             1031.14             43.831              
185000              6500                835.287             662.697             267.615             30                  
185000              6500                839.51              274.448             263.392             55.8284             
185000              3400                868.229             243.607             2145.53             25.8284             
317000              4400                730.435             236.819             273.915             99.831              
297000              5200                808.049             221.683             1758.54             77.4247             
185000              3800                936.136             316.622             208.071             0                   
297000              5400                710.496             202.199             1040.17             100.432             
297000              8400                649.313             239.988             12.3419             0                   
282000              7700                692.609             260.848             270.632             26                  
185000              4000                736.966             1012.67             660.317             0                   
185000              3400                842.331             1098.85             641.131             41                  
282000              3800                960.903             645.412             198.203             0                   
227000              3400                1315.31             390.448             118.307             21.7897             
412000              6100                663.847             200.512             1715.38             51.8416             
402000              6400                711.398             198.744             1503.47             0                   
185000              3800                913.091             298.453             244.787             25.8284             
