172000              2800                1389.42             353.812             456.813             41.3614             
378000              3750                1028.53             231.098             913.875             56.8841             
197000              2500                2835.9              810.622             68.9509             69.9703             
268000              2500                1763.24             684.51              534.256             53.2527             
465000              4150                916.381             534.9               1155.08             0                   
172000              4150                1048.13             477.507             77.798              0                   
278000              3050                917.866             241.337             1049                0.197986            
268000              3500                930.66              477.944             1446.63             0                   
365000              4200                919.424             572.196             967.588             0                   
268000              2500                998.195             493.841             1270.71             28.0054             
268000              2500                1141.85             501.247             1030.17             65.6353             
465000              3950                877.395             469.46              1798.01             27.2479             
261000              3750                1292.38             420.357             215.335             0                   
172000              4000                1647.57             609.701             -1.27898e-13        57.3527             
388000              2500                2900.8              726.133             0.140322            0                   
268000              2550                1690.51             611.243             141.988             95.3262             
378000              3550                878.386             316.369             832.705             28.1016             
172000              3600                1033.66             368                 532.685             3.97254             
378000              3000                1186.88             302.069             816.799             34.9829             
261000              2800                1490.06             433.964             137.785             65.6522             
172000              4150                1125.72             488.831             0                   12.234              
454000              5500                1285.82             468.434             40.3728             39.8452             
197000              2500                2793.66             976.828             306.018             88.6209             
172000              4150                965.138             431.401             783.756             24.5402             
261000              3750                1330.18             496.003             0.05492             79.13               
181000              3550                1141.52             306.65              803.776             17.7466             
378000              3050                1208.4              388.642             415.776             10.6836             
172000              2500                1185.58             315.124             1060.01             46.5938             
378000              3250                963.147             236.28              1169.29             0.197986            
268000              2800                1840.08             589.761             0                   50.606              
181000              2800                1007.91             630.624             854.131             38.3708             
172000              2950                1498.83             496.762             1011.22             0                   
172000              2550                1505.67             398.848             333.446             0                   
289000              2500                2827.35             870.268             190.013             4.3695              
172000              2550                1974.49             669.718             0                   0                   
172000              2850                1350.79             567.787             -2.84217e-14        0                   
181000              3300                1002.77             253.593             897.455             5.0189              
378000              3050                896.029             523.543             1034.85             27.2766             
172000              4150                1237.69             551.018             -1.13687e-13        0                   
278000              4800                931.625             322.535             921.485             0                   
268000              3300                939.241             504.23              484.286             49.8639             
268000              2500                1084.37             222.523             1131.97             53.2527             
261000              3300                1130.21             429.449             146.359             16.9282             
172000              2800                1642.41             560.281             25.6873             38.6302             
172000              2500                1303.54             504.194             991.582             147.509             
378000              3750                1160.35             307.014             785.134             9.16812             
289000              2500                2828.89             708.697             12.0564             63.455              
268000              4300                1009.97             366.974             984.388             0                   
378000              2750                1181.55             316.798             980.33              0                   
268000              3300                1291.95             531.813             -1.13687e-13        0                   
289000              2500                2623.45             882.666             467.361             22.2451             
172000              2800                2069.08             568.957             85.7045             0                   
296000              2500                2692.27             808.568             339.079             37.3241             
181000              3000                937.015             456.193             1415.67             27.0786             
268000              2750                1393.18             322.223             878.222             0                   
388000              2500                2618.79             687.062             293.53              0                   
268000              2500                1497.08             326.605             838.962             45.9106             
181000              4350                986.872             387.728             704.532             51.839              
268000              5050                1088.55             415.123             224.675             72.2322             
172000              3000                1208.86             265.201             1063.83             57.1893             
264000              3500                1406.24             341.412             587.732             0                   
172000              2850                1122.49             465.882             40.6214             0.863514            
172000              2500                1081.7              477.502             1104.09             76.5756             
268000              2550                1821.04             617.798             36.7386             0                   
368000              2500                1051.74             478.577             1074.83             0                   
172000              4150                984.07              424.322             662.885             0                   
278000              2800                915.13              589.856             999.838             0                   
172000              4600                1302.03             488.652             0.499537            68.9407             
357000              5050                1229.64             488.789             0.0180553           45.3484             
172000              2750                1100.3              224.888             1170.44             8.69557             
172000              3800                1086.07             291.325             1048.11             0                   
172000              2250                1200.58             492.908             1130.49             25.7647             
172000              3500                1352.75             372.493             869.51              10.3138             
358000              4600                1366.86             447.366             79.8193             0                   
268000              5050                1364.25             370.071             568.303             0                   
278000              3250                939.826             571.967             960.58              13.3299             
269000              3300                1445.14             477.148             22.8948             48.3169             
172000              2850                1031.47             429.449             135.273             17.7917             
172000              2800                1210.96             998.085             774.444             22.8343             
378000              3750                926.855             568.403             873.586             0                   
172000              4600                1530.21             492.649             -1.42109e-13        27.6026             
378000              3000                1028.05             218.877             1017.78             6.76359             
465000              4200                912.896             572.269             907.735             0                   
268000              4600                961.708             483.308             429.88              59.8828             
296000              2500                2978.5              773.523             0.086603            70.2509             
289000              2500                2650.65             936.404             495.704             12.0135             
268000              2500                1452.99             573.449             969.965             0                   
172000              2750                1170.84             551.338             1018.98             103.345             
172000              5450                1030.78             445.548             155.163             0                   
388000              2500                2784.29             598.081             232.53              56.879              
172000              2800                2122.65             617.074             0                   57.0333             
378000              2800                1077.58             589.856             764.487             0                   
365000              3750                917.301             487.93              639.286             49.8639             
268000              2550                1739.5              654.557             0                   29.215              
261000              4600                1246.46             477.507             11.6442             0                   
465000              4150                1070.56             296.838             860.646             0                   
388000              2500                2891.13             708.697             0                   38.1874             
172000              2500                2031.17             540.546             421.821             45.9666             
181000              2550                951.448             568.221             1083.62             27.0786             
181000              2550                953.416             330.295             1125.04             0                   
296000              2500                3068.76             733.697             0                   24.864              
181000              2800                1072.5              698.144             851.969             63.0378             
268000              4550                1114.44             391.45              772.3               0                   
172000              2500                1956.68             476.255             505.593             57.4191             
268000              2500                1007.22             222.637             1171.48             0                   
293000              2800                1255.4              436.051             510.705             41.1622             
357000              5500                1410.06             445.904             84.8267             41.6269             
268000              2550                1685.64             506.722             147.813             31.798              
268000              3700                1548.23             435.047             116.524             23.8514             
388000              2500                2560.55             596.081             390.999             0                   
172000              2500                1606.09             354.759             854.903             0                   
181000              3050                978.259             292.881             1164.88             44.4402             
281000              3450                933.336             471.726             1674.27             0                   
465000              3950                874.115             478.672             1569.32             27.2479             
264000              3300                1673.61             495.336             0.703018            125.857             
172000              2500                1617.8              506.968             693.513             69.4807             
181000              3300                977.192             246.742             955.008             50.959              
181000              2550                1017.55             568.221             851.969             78.5707             
278000              4350                960.165             382.288             820.203             28.1016             
281000              3500                1127.21             283.23              612.605             36.9927             
365000              2550                1262.4              573.868             691.652             74.1803             
268000              2250                1271.35             501.247             1035.04             13.9586             
172000              4900                1016.06             365.865             730.613             24.5402             
388000              2500                3442.8              823.837             -5.68434e-14        0                   
378000              2800                930.81              590.418             896.078             45.6127             
172000              4150                1217.66             477.507             11.6442             58.7799             
172000              2750                1812.88             393.655             605.442             41.3246             
172000              4600                1382.89             551.018             -1.42109e-13        0                   
172000              4900                1020.57             398.256             413.703             42.0553             
268000              3500                916.352             477.944             1433.86             41.5186             
365000              3000                951.716             568.221             877.36              27.0786             
363000              3300                1601.65             466.489             40.6214             0                   
378000              2550                1132.39             522.739             594.711             79.5641             
360000              5500                1613.81             488.789             0.0180553           50.4399             
172000              4400                1265.02             469.192             27.2083             44.9759             
268000              3550                953.036             290.952             807.186             49.8639             
465000              3900                907.493             552.9               1220.58             0                   
289000              2500                2742.21             895.365             300.143             0                   
181000              3550                971.405             289.101             986.128             55.4877             
269000              2800                1226.59             398.221             294.32              56.8686             
357000              3750                1148.37             429.449             135.273             16.9282             
378000              3050                895.998             236.28              1034.88             27.2766             
172000              2550                2019.42             654.604             0                   35.8372             
172000              2550                1635.07             528.245             204.049             0                   
268000              2800                1175.93             505.439             661.123             97.7428             
378000              3750                938.311             243.106             975.954             0.197986            
368000              2500                1035.3              501.247             1091.26             23.4136             
172000              3600                1057.87             376.379             352.269             43.9218             
291000              2500                3047.12             734.895             0                   95.8627             
172000              2550                1963.46             587.134             79.6097             18.9614             
172000              2500                1027.3              237.818             1170.33             24.994              
172000              2500                1119.2              229.293             1141.24             57.4147             
268000              2500                998.555             494.119             1195.69             0                   
197000              2500                2863.62             810.622             41.2266             88.9997             
172000              4600                1099.92             415.123             224.675             69.0073             
388000              2500                2785.47             634.145             112.661             0                   
268000              2500                1599.71             632.307             608.379             0                   
280000              2500                1799.54             387.851             758.262             0                   
268000              4600                1126.03             428.287             136.435             79.596              
181000              3000                934.318             471.726             1477.28             0                   
289000              2500                2973.47             943.802             154.539             0                   
367000              5050                1329.49             488.831             -1.42109e-14        12.234              
181000              3100                944.475             504.23              411.84              49.8639             
197000              2500                2799.44             918.225             220.771             70.8246             
278000              2800                1188.55             589.058             713.088             86.8443             
172000              4900                1080.69             365.865             665.985             55.0734             
378000              3000                916.315             489.294             1239.86             0.197986            
378000              4350                1016                362.215             681.488             0                   
378000              4800                901.822             322.535             895.584             0                   
172000              2500                1036.27             454.478             1289.77             0                   
172000              4150                991.861             443.936             164.368             16.0519             
278000              2800                920.893             268.812             906.09              27.0786             
378000              2800                1144.74             579.319             691.652             54.5756             
268000              2500                1175.32             292.788             998.247             30.665              
269000              3050                1085.51             345.505             469.766             11.7316             
172000              3250                1687.76             454.186             86.5376             50.5512             
264000              5050                1672.45             488.789             0.0180553           50.2744             
365000              3750                966.5               378.414             673.371             57.3767             
278000              2800                1248.11             590.221             651.663             19.732              
365000              3000                953.685             392.446             918.777             0                   
181000              2850                988.102             859.704             723.687             51.9644             
268000              2500                1804.2              443.436             645.346             47.8793             
289000              2500                2822.42             675.595             141.107             30.4799             
172000              2500                1768.02             468.447             645.931             0                   
181000              2550                1217.63             671.95              733.069             1.39164             
289000              2500                2728.84             715.161             74.3385             12.0135             
388000              2500                2766.76             603.227             325.162             23.0152             
378000              3750                1019.58             262.173             730.068             37.287              
172000              2800                1840.79             594.391             -2.84217e-14        111.437             
378000              3500                1227.5              343.785             757.246             0.197986            
181000              2550                1188.33             619.15              697.426             70.6415             
172000              2500                1453.7              477.861             791.893             37.8982             
172000              2500                2077                596.038             343.493             56.3026             
172000              2550                1481.48             385.832             358.029             54.8958             
172000              3300                1335.46             420.357             147.492             0                   
378000              2550                1222.43             585.714             749.996             29.4515             
172000              3100                1151.3              507.119             396.19              0                   
172000              2750                1278.21             307.025             1012.72             0                   
172000              2750                1134.6              430.679             1170.31             53.4448             
172000              2500                1246.97             498.803             1020.6              93.1985             
