382000              3550                1318.94             356.844             798.701             0                   
183000              2500                2888.71             682.885             0                   90.0521             
268000              2800                1425.29             373.188             770.575             93.8576             
382000              2500                2405.63             499.203             598.481             0                   
183000              3500                1808.8              509.896             530.219             0                   
183000              3700                2573.49             660.456             24.199              0                   
268000              2800                1133                306.48              1280.45             0                   
382000              2250                2864.62             727.012             0                   70.8677             
268000              2550                1464.4              424.79              951.163             87.7972             
268000              2800                1123.84             341.704             1366.04             87.8586             
183000              3250                2008.25             448.349             908.736             39.2849             
382000              2250                2354.92             497.746             566.328             75.0902             
183000              2500                1913.05             403.174             1367.4              21.2496             
272000              4400                1181.85             426.628             501.673             27.1281             
183000              3250                2348.16             644.058             475.361             85.2191             
382000              3050                1351.61             384.753             958.038             0                   
187000              3550                1489.66             482.123             145.867             63.5696             
355000              2800                1213.89             496.315             956.27              9.07107             
382000              2750                2511.85             542.679             260.978             44.8709             
187000              3550                1413.62             524.819             802.37              0                   
382000              2750                1476.23             324.714             1304.12             37.1813             
268000              3550                1383.06             363.165             888.082             84.4623             
183000              2500                1475.18             410.254             1722.23             0                   
382000              2800                1362.7              350.492             812.13              41.9453             
355000              4200                2062.69             584.865             -1.13687e-13        18.5527             
268000              3300                1109.75             292.405             1380.14             29.1422             
272000              3600                1350.8              472.253             267.024             89.2926             
469000              2500                2604.12             653.214             149.748             111.391             
183000              2500                2693.28             586.794             152.61              93.2246             
382000              2250                2899.77             604.784             161.948             0                   
270000              3700                2074.82             697.39              53.8754             0                   
268000              3050                1177.31             296.718             1150.35             82.8418             
382000              2750                1279.21             309.393             1720.43             31.4371             
268000              3550                1205.3              362.469             1040.58             22.0877             
382000              2250                1448.95             331.286             1456.41             37.1813             
183000              2500                1999.7              464.251             928.81              93.7227             
272000              4400                1224.18             463.766             450.818             0                   
183000              2500                2769.83             661.262             7.14408             49.236              
187000              3750                1670.87             556.67              5.24295             1.65291             
368000              3050                1496.76             440.014             689.147             60.3805             
382000              2250                1540.81             428.563             1364.56             74.3367             
451000              5050                1594.27             523.528             43.2619             8.14237             
382000              2250                2838.43             721.377             7.5792              23.4004             
183000              3000                1583.22             454.439             1457.3              14.4504             
268000              2550                2150.98             690.134             0                   0                   
183000              2500                2251.68             517.035             670.524             33.5214             
272000              4600                1448.94             525.674             25.4882             76.8645             
469000              2500                1676.15             540.223             1136.4              37.0704             
266000              3100                1235.5              493.767             203.698             93.1909             
382000              2800                1685.94             467.641             355.327             68.3274             
183000              2500                2616.63             586.794             158.361             0                   
183000              3250                2045.83             652.493             733.371             0                   
382000              2500                1496.09             528.066             1411.7              0                   
187000              4600                1649.51             537.836             278.375             0                   
268000              2550                1299.84             328.689             1077.43             0                   
183000              3250                2275.32             697.011             -5.68434e-14        87.6643             
268000              3050                1172.33             436.857             1087.52             0                   
355000              2800                1549.5              623.469             224.194             0                   
268000              2750                2421.15             754.08              -2.84217e-14        0                   
366000              3300                1434.42             520.412             26.9089             60.3805             
183000              2750                1606.93             326.325             1722.07             0                   
268000              2550                1838.12             558.334             196.573             97.0884             
187000              3550                1336.2              467.635             468.394             91.1365             
268000              2800                1139.88             292.405             1357.58             45.4818             
355000              3250                2272.76             729.318             -9.9476e-14         15.4758             
187000              3550                1327.81             450.806             1197.96             18.2471             
183000              2500                2205.09             511.816             1148.06             0                   
382000              2250                2019.68             439.515             870.52              79.5854             
183000              3400                3185.21             681.999             -1.42109e-14        84.7938             
272000              3300                1378.81             523.117             42.6149             119.064             
268000              3750                2246.93             519.37              205.355             0                   
268000              3250                2518.72             661.243             0                   60.6107             
382000              2250                2667.78             585.071             157.768             56.6607             
382000              2750                1285.57             333.712             1715.06             91.6262             
268000              2800                1306.51             538.022             871.884             93.1225             
382000              2500                2828.95             698.972             1.39295             87.8293             
462000              3750                1521.7              534.526             0.303226            45.122              
268000              2550                2313.13             635.401             55.256              63.9265             
370000              3250                2215.19             610.138             -7.10543e-15        0                   
283000              3200                2917.88             687.926             -3.55271e-15        73.3413             
187000              4050                1368.47             418.462             1065.57             0                   
268000              3300                2080.93             592.927             -1.13687e-13        99.7942             
382000              2500                1392.41             315.499             1555.5              12.7085             
382000              2250                1906.49             402.15              1210.74             0                   
382000              2250                2101.93             452.828             822.579             25.1515             
272000              2850                1315.42             550.877             0.0880612           94.0898             
183000              2750                1493.07             410.254             1704.34             33.0514             
268000              3050                1166.86             390.315             1266.8              75.7252             
174000              3750                1812.53             626.421             0                   0                   
183000              3250                2111.1              697.39              67.9289             0                   
382000              3550                1753.28             457.435             306.348             0                   
183000              2500                1808.02             435.451             1609.42             37.563              
272000              4150                1320.94             561.596             0.197404            89.4774             
183000              2500                1835.04             380.523             1090.1              56.713              
382000              2750                2658.72             689.552             114.105             44.8709             
268000              2800                1496.46             624.206             581.365             0                   
187000              5050                1681.45             519.415             351.98              0                   
268000              3550                1211.85             498.887             870.885             0                   
183000              3000                2401.28             604.248             643.625             96.2041             
268000              3300                1139.19             291.461             1168.33             0                   
469000              2500                2124.81             536.253             696.926             41.2601             
272000              4150                1299.4              510.52              104.24              0                   
183000              2500                1792.39             374.733             1182.46             93.8321             
183000              3250                2363.67             532.522             492.421             43.7823             
183000              2500                2558.77             569.564             267.023             34.0466             
187000              3300                1287.83             474.543             232.522             58.2877             
187000              3300                1309.09             488.917             211.379             3.00887             
382000              2500                1710.96             620.053             1060.39             58.1496             
183000              3000                1594.53             340.857             1633.96             19.1245             
268000              3550                1580.09             410.136             572.374             31.3244             
382000              2500                2279.08             637.739             637.502             20.1831             
367000              2800                1832.96             672.911             0                   17.4352             
183000              2500                2416.18             603.213             472.446             65.142              
268000              2550                1550.61             427.49              469.557             0                   
382000              3300                1384.75             363.819             522.305             66.2787             
183000              3000                2417.57             555.06              345.564             0                   
272000              2850                1393.29             550.664             0.350403            10.9372             
183000              2750                1598.44             341.301             1254.17             0                   
469000              3250                2148.21             467.155             338.724             25.3623             
268000              3950                2414.53             690.742             -1.42109e-13        12.3021             
355000              2800                1846.47             634.237             0.465078            95.1469             
268000              2550                2064.8              647.39              0                   96.3619             
382000              2500                2415.28             501.257             481.48              98.4022             
183000              3250                1700.79             540.852             1109.59             0                   
183000              2950                2883.47             628.666             88.8225             40.1233             
382000              2250                1335.2              286.9               1669.37             49.6235             
272000              4150                1391.61             525.674             25.4882             122.803             
364000              3750                2080.28             591.02              -5.68434e-14        51.691              
183000              3400                3221.19             660.404             12.0357             64.4217             
382000              2500                1713.13             361.668             1402.68             0                   
382000              2250                2184.21             564.706             779.083             0                   
183000              2500                2186.87             482.734             837.97              68.7103             
382000              2250                2454.84             613.65              501.509             0                   
382000              2750                1284.64             261.391             1722.35             58.6209             
382000              2250                1763.76             492.953             1149.51             91.1592             
382000              2750                2891.7              661.598             0                   67.0067             
183000              3000                2296.89             586.032             774.636             11.587              
183000              2750                2048.08             441.63              896.13              0                   
268000              2800                1247.62             624.206             1026.59             72.8241             
272000              4400                1323.29             542.648             44.8364             43.2799             
268000              3550                1151.98             295.318             1155.54             39.2391             
382000              2500                1509.13             528.066             1296.68             87.4148             
382000              2250                2504.3              526.856             417.026             88.5748             
272000              2850                1223.28             474.543             187.794             42.3254             
469000              2500                2406.43             561.51              289.069             50.7384             
382000              2250                2672.18             732.404             207.6               9.95748             
382000              2250                2559.96             540.705             319.302             24.0176             
382000              2500                1647.51             373.056             1168.96             78.1552             
268000              3250                2232.61             729.318             -9.9476e-14         38.0621             
183000              2500                1677.75             353.382             1671.01             95.0363             
382000              2750                1764.65             401.506             1018.39             43.639              
382000              2750                1285.87             263.812             1715.51             0                   
268000              3300                1252.46             407.48              666.88              0                   
367000              2800                1693.69             623.469             107.315             61.1395             
382000              2750                2813.74             639.225             84.6542             14.4418             
185000              4600                1608.51             602.605             270.043             148.856             
469000              2500                1713.37             535.759             1072.77             0                   
187000              3300                1432.62             544.418             65.3129             96.2669             
183000              2750                2281.17             639.825             641.459             54.8917             
183000              2950                3061.12             682.745             -1.42109e-14        105.035             
382000              3300                1429.25             366.712             496.14              0.969734            
183000              2500                1639.71             333.921             1699.43             37.563              
268000              3550                1130.83             353.881             1274                89.5619             
382000              2250                1554.52             390.939             1562.71             0                   
375000              2800                1976.18             604.928             2.95341             98.8131             
368000              3750                1477.41             532.683             16.4699             61.1259             
382000              2500                1407.21             321.823             1427.11             90.8715             
272000              4150                1500.28             603.553             0                   8.70924             
183000              2950                2988.47             710.611             -2.84217e-14        6.87925             
183000              3000                1977.46             418.336             1026.43             84.9275             
183000              2750                2812.72             713.198             6.23348             88.2069             
272000              3100                1617.34             634.031             0                   0                   
382000              3300                1667.97             446.537             369.083             53.3583             
268000              3550                1597.43             426.745             518.655             78.0419             
268000              2550                1207.97             356.64              1245.73             29.1422             
187000              3300                1526.94             562.707             0                   27.0962             
183000              2500                1703.25             393.807             1635.89             85.4591             
187000              2850                1537.3              669.571             27.8404             153.639             
469000              2500                1940.97             444.886             917.5               0                   
270000              3700                2195.68             697.011             -5.68434e-14        49.7902             
382000              2250                1320.06             287.705             1687.28             0                   
469000              2500                1934.09             513.724             857.985             20.7411             
187000              2850                1268.94             548.874             196.82              78.4161             
183000              3500                2082.35             684.149             0.854717            52.8312             
382000              2500                2899.72             728.708             49.5646             0                   
355000              2800                1248.45             482.781             533.074             0                   
364000              4600                1658.21             525.674             25.4882             76.8645             
272000              4150                1199.63             523.117             166.407             27.1281             
382000              2250                1409.34             286.9               1642.47             96.3097             
183000              3000                2084.42             555.743             878.769             94.0127             
469000              3750                1300.2              455.944             637.276             0                   
382000              2250                1794.96             467.001             1313.82             12.6709             
183000              3500                2376.31             684.111             -2.84217e-14        12.3021             
187000              3550                1587.49             463.727             850.714             45.9487             
272000              3100                1520.3              609.553             0                   73.3008             
183000              2500                1742.24             470.543             1643.26             0                   
268000              3250                2457.67             729.318             -1.56319e-13        10.6862             
183000              2500                2861.14             710.611             0                   0.0203753           
382000              3300                1488.93             477.329             402.03              9.61304             
183000              2500                1959.64             438.992             1447.75             0                   
