278000              2550                1673.88             511.955             324.584             108.701             
182000              2800                1324.98             356.071             502.911             35.7063             
182000              3000                1378                291.464             1509.25             64.0368             
182000              2800                1883.78             696.095             0                   66.9591             
182000              3750                2052.36             654.597             -2.84217e-14        37.7159             
182000              3800                1102.86             281.644             1307.06             59.3376             
182000              3050                1249.35             503.185             633.435             0                   
278000              2500                1412.82             305.765             1239.97             0                   
278000              3550                1385.29             422.627             289.021             56.4311             
182000              2500                1382.56             278.846             1513.71             0                   
278000              3550                1155.19             389.505             634.341             33.448              
182000              3550                1146.12             350.404             914.067             8.45397             
182000              2250                2750.15             686.679             0                   74.3837             
182000              3450                2749.72             662.651             -1.7053e-13         54.6267             
174000              4000                2007.96             589.135             4.72098             3.82467             
278000              3050                1120.33             516.657             766.162             73.9725             
182000              2250                1787.24             512.008             1026.37             57.1496             
182000              2250                2725.08             709.883             0                   0                   
182000              3550                1122.02             290.694             1287.9              13.6945             
182000              3300                1654.47             515.002             63.6488             5.30813             
269000              2950                1983                516.657             591.582             0                   
182000              2800                1189.95             363.775             594.3               7.8529              
182000              3050                1411.31             448.754             410.008             154.37              
182000              3000                2007.42             413.826             556.974             0                   
278000              2500                2526.35             682.793             -2.84217e-14        0                   
269000              3000                1084.02             531.31              1153.7              18.8102             
278000              2550                1447.59             432.525             466.013             42.6738             
278000              2500                1070.63             526.496             1511.07             7.87678             
182000              2500                1299.44             571.006             1396.51             8.31162             
278000              3550                1672.26             559.732             0.474102            0                   
182000              3550                1252.56             394.881             534.502             31.6714             
182000              2500                2078.07             417.783             520.248             75.9936             
182000              3300                1038.98             303.137             1141.98             72.3275             
182000              4000                1477.59             387.298             437.763             0                   
182000              2550                1089.06             328.456             1103.25             23.9741             
269000              4250                1057.38             523.46              1145                48.9279             
174000              4650                1768.58             557.582             1585.35             0                   
182000              2750                2624.73             547.798             304.885             0                   
269000              4000                1304.57             482.426             562.76              2.52026             
182000              3550                1374.56             373.075             462.1               0                   
278000              2500                1713.23             461.409             914.245             17.59               
174000              4200                1841.93             494.866             1446.88             0                   
182000              2800                1501.59             474.303             287.593             73.6626             
278000              3300                1205.38             324.25              687.706             37.3896             
269000              2500                2835.44             614.849             71.2985             55.8388             
182000              2250                2595.04             662.81              108.037             58.475              
278000              2550                1669.25             440.975             518.039             0                   
278000              2500                1487.61             340.013             1095.84             45.3026             
174000              4650                1816.67             504.571             1604.6              0                   
182000              2250                2220.23             501.367             490.306             57.7246             
278000              4050                1836.01             658.115             -5.68434e-14        44.8193             
182000              2500                2017.08             673.985             365.482             32.9038             
174000              3450                2088.28             422.314             1468.86             0                   
182000              2250                1965.83             529.91              794.381             70.7102             
182000              3300                1134.58             432.886             638.627             108.65              
182000              2250                2424.94             544.858             321.267             74.1257             
174000              3500                2291.65             677.61              729.144             0                   
278000              2500                1236.03             259.467             1319.81             37.675              
182000              2500                1447.26             297.777             1470.11             42.7307             
182000              2550                1179.3              305.689             999.957             68.188              
182000              2500                1738.71             358.801             929.917             76.1747             
182000              2500                2291.56             573.367             409.61              0                   
174000              3700                2170.76             625.765             1141.83             0                   
182000              2800                1108.85             288.898             1173.24             74.7837             
278000              3550                1408.94             391.403             396.046             0                   
182000              2800                1821.35             603.641             1.53719             0                   
269000              2550                1420.7              576.371             643.985             38.806              
182000              2250                1608.05             366.909             1192.02             40.6168             
278000              2550                1575.16             627.498             366.842             75.0499             
174000              3450                2383.46             620.525             1193.22             0                   
174000              4000                2135.31             632.685             420.868             0                   
182000              2500                1382.37             277.483             1502.6              76.1483             
182000              3250                2658.1              667.779             -1.42109e-13        0                   
278000              2500                1070.63             259.467             1511.07             7.87678             
181000              3200                1540.06             591.134             1682.87             59.0499             
182000              2500                1458.75             353.186             1447.23             0                   
182000              2500                2649.46             565.982             184.801             75.6758             
182000              2250                2786.7              605.914             190.915             43.4743             
174000              3450                2269.65             490.25              1259.94             0                   
278000              3000                1243.84             257.843             1476.75             0                   
281000              3400                2750.93             666.6               -1.98952e-13        0                   
278000              2800                1861.78             607.6               0                   0                   
182000              3050                1090.57             339.257             805.959             75.6964             
261000              3050                1841.21             694.364             0.108929            0                   
278000              2550                1332.97             531.31              718.833             57.0979             
182000              4600                1733.4              547.647             0.37122             46.9461             
182000              2800                1783.89             610.822             0.290305            71.7067             
278000              2500                1228.47             526.496             1353.24             49.2026             
182000              3550                1489.06             594.347             331.641             0                   
278000              2750                1101.26             258.41              1480.44             39.4907             
182000              3750                1756.13             547.77              0.00367671          17.6447             
182000              3050                1101.76             467.416             770.319             107.729             
278000              2800                1658.88             442.71              314.226             27.3134             
174000              4000                2183.77             539.655             856.169             0                   
182000              2250                2494.27             547.452             236.602             7.61509             
182000              2250                2181.39             464.322             510.344             0                   
182000              3300                1099.4              286.603             1310.52             50.7444             
182000              3050                1286.11             369.287             502.884             88.5758             
278000              2550                1908.69             612.801             183.147             26.5645             
182000              2550                1801.28             602.359             429.644             74.8873             
278000              2500                1382.3              526.496             1173.54             4.24621             
278000              2550                1477.7              386.068             581.707             72.4527             
278000              3800                1329.52             455.684             517.925             0                   
182000              2250                2730.81             688.587             0                   33.3998             
182000              4600                1789.06             627.316             0                   0                   
278000              3300                1166.29             319.5               739.377             0                   
269000              2800                1131.73             408.711             682.429             50.429              
182000              2750                2694.6              607.369             203.881             30.6673             
269000              2500                2743.37             596.128             122.746             0                   
182000              3750                1591.72             482.358             271.833             0                   
182000              3750                2652.78             640.881             -1.42109e-13        0                   
278000              3300                1551.87             604.05              204.497             60.9649             
182000              2500                2749.42             638.364             178.627             0                   
182000              2500                1462.09             400.8               1434.18             76.1483             
281000              3300                1775.49             521.515             26.2584             69.6913             
182000              2500                1556.22             494.428             1340.05             0                   
182000              3550                1395.08             422.435             371.627             76.7702             
282000              3500                1106.21             480.292             828.142             54.9924             
182000              3000                2415.15             520.209             428.26              12.6837             
182000              2550                1432.66             565.577             746.605             60.5234             
174000              4200                1847.17             553.473             403.627             0.816631            
182000              2750                2178.69             685.982             462.729             0                   
278000              2800                1298.87             344.899             658.517             0                   
182000              3800                1099.14             383.334             1020.95             45.4055             
278000              2800                1246.95             324.997             865.144             46.6999             
174000              4450                1826.81             498.954             1157.81             0                   
182000              2500                1937.13             395.231             840.231             54.2151             
182000              3300                1743.94             547.77              0.0120732           91.6863             
278000              3000                1082.59             526.496             1250.87             0                   
278000              2750                1119.51             288.442             1316.66             7.87678             
182000              3550                1609.15             634.129             81.6404             68.1499             
182000              2500                1611.38             347.831             1384.99             70.4754             
278000              2500                2229.06             606.448             306.727             1.1153              
278000              2550                1801.79             612.801             222.381             102.974             
182000              3800                1078.43             523.46              1107.63             32.5672             
278000              2750                1084.62             460.284             1471.21             0                   
278000              2500                1781.23             385.165             883.961             0                   
182000              3800                1104.25             327.811             1136.53             0                   
174000              3750                1825.99             589.921             867.334             0                   
182000              2500                2259.26             670.669             137.655             87.0504             
278000              3550                1616.82             541.355             57.4603             91.3635             
269000              2800                1441.4              631.246             541.044             0                   
182000              2250                2030.95             452.529             764.824             41.7292             
182000              2550                1117.26             292.976             1062                0                   
182000              2550                2183.82             654.986             8.73942             69.1598             
182000              2500                2626.63             709.883             115.378             30.2536             
278000              3300                1632.73             482.358             103.814             1.02643             
182000              3750                1095.41             531.31              834.481             69.0542             
182000              2250                1688.8              370.484             1088.72             2.61419             
278000              3550                1247.27             531.275             426.817             64.8945             
278000              2800                1327.35             531.31              447.681             0                   
174000              3300                1845.73             545.172             12.6296             29.6705             
182000              3800                1089.16             289.216             1096.89             32.5672             
182000              2250                1964.74             399.02              813.616             1.1153              
278000              3500                1495.6              319.108             912.661             0                   
278000              2800                1784.25             506.574             183.284             68.9141             
278000              3050                1182.79             545.189             762.795             0                   
269000              2500                2807.66             639.491             27.0982             6.98156             
278000              2500                1507.73             324.107             1048.1              16.3272             
182000              2250                1777.89             529.91              972.109             2.61419             
182000              3000                1931.68             444.378             951.757             3.35916             
278000              3550                1503.32             490.2               170.991             74.4683             
278000              2800                1522.77             484.84              264.334             103.032             
182000              3550                1289.59             337.443             749.719             56.8996             
182000              3250                2702.96             644.845             -8.52651e-14        75.6514             
182000              2800                1486.98             596.544             321.146             38.7628             
174000              3700                2519.09             660.412             594.943             0                   
182000              3250                2482.6              593.455             178.068             0                   
278000              2500                1220.37             352.56              1435.03             0                   
181000              4000                1669.13             610.303             160.63              0                   
278000              2550                1653.39             607.403             271.956             0                   
278000              3300                1511.05             455.817             278.393             84.2762             
278000              3550                1356.85             422.627             317.426             102.294             
182000              2250                1826.79             411.444             968.094             72.7656             
278000              4000                1237.89             422.627             469.837             56.4311             
182000              3750                2046.73             654.597             -2.84217e-14        84.6946             
182000              3000                2535.26             547.452             194.474             76.0218             
278000              2500                1168.79             460.284             1414.62             79.2092             
182000              2250                2418.46             702.743             284.039             16.745              
278000              2500                1307.99             318.558             1247.84             59.6179             
182000              3050                1151.74             324.327             997.519             0                   
174000              3500                2000.68             523.625             1458.27             0                   
182000              2800                1237.08             531.31              586.796             33.4913             
174000              3250                2123.17             640.975             932.552             0                   
182000              4100                1530.95             499.529             261.823             70.9732             
182000              2800                1162.91             397.896             627.814             91.3686             
174000              4450                1984.33             513.381             986.639             0                   
182000              3300                1181.56             531.31              622.95              98.2408             
278000              2500                1122.53             460.284             1433.31             51.431              
182000              3550                1118.64             311.704             896.237             75.6964             
182000              2500                1902.12             666.897             734.051             0                   
181000              4000                1493.03             422.627             454.182             56.4311             
182000              3300                1472.21             438.145             357.885             16.8961             
278000              3550                1620.71             634.129             58.3768             10.5366             
174000              3450                2628.13             552.412             920.673             0                   
278000              3050                1187.24             356.098             566.388             107.604             
278000              3050                1835.02             476.788             345.978             0                   
182000              3300                1807.38             626.482             0                   54.1811             
182000              2750                2534.24             668.582             -1.42109e-13        6.72412             
182000              2550                1315.93             489.361             863.333             23.6656             
