119000              2630                4349.83             170.795             1128.9              0                   
87000               2600                4039.35             221.662             1140.28             0                   
84000               2540                2631.31             143.319             1535.36             9.08165             
125000              3190                2654.91             132.924             470.648             0                   
42000               3590                1855.26             194.037             1320.97             2.5654              
58000               3270                3892.66             182.325             160.515             8.77846             
109000              2660                3195.77             210.347             236.069             6.97446             
104000              3710                1948.29             131.535             826.22              3                   
83000               3400                1668.53             167.213             1709.89             4.80147             
86000               2760                1779.23             102.07              1090.82             4.08329             
42000               3100                2226.89             142.511             482.391             4.33245             
61000               2650                2007.08             214.205             1444.83             0                   
40000               3180                3944.33             191.511             167.86              6.48048             
62000               2660                3061.16             154.532             361.423             7.29591             
84000               3760                2159.86             119.137             721.073             0                   
82000               3580                1836.63             167.526             1641.2              2.23607             
85000               3190                2620.93             215.541             235.47              8.98329             
84000               3760                2593.73             149.98              265.714             0                   
42000               2770                2213.72             127.471             1095.56             6.38817             
40000               2800                3744.86             168.052             222.893             6.75512             
42000               3400                1836.75             94.2765             1451.64             8.75645             
41000               3220                2903.58             149.068             1155.83             0.0293864           
41000               3230                3074.05             207.484             912.598             0.0293864           
148000              4040                3315.48             185.685             170.362             7.97064             
38000               2740                3983.57             195                 1092.08             3.43579             
105000              2540                2674.2              218.248             1422.34             7.74643             
153000              3550                2797.46             211.96              290.454             0                   
42000               2670                1926.1              145.811             1072.78             3.20872             
42000               3880                2479.47             158.003             205.08              4.97064             
40000               3500                3699.85             171.005             280.11              7.68861             
42000               3470                2979.13             161.123             270.874             0                   
83000               2740                3569.41             149.151             802.118             9.87809             
42000               3350                2411.49             202.803             429.477             0.868843            
105000              3080                1861.54             141.099             1471.86             0.0293864           
90000               3750                2666.79             167.732             259.778             6.81755             
80000               2880                3874.54             188.851             148.762             7.1109              
38000               2520                4035.64             165.082             1201.84             3                   
123000              3430                4074.43             188.851             134.268             6.77636             
40000               2890                3812.27             178.823             172.171             8.83289             
65000               3360                1821.19             94.2765             1508.28             8.37167             
86000               2560                2815.2              218.248             1166.87             11.3002             
105000              2550                2835.09             225.231             1713.79             4.45362             
42000               3410                2174.52             103.944             871.896             0                   
99000               3170                4174.02             191.511             146.794             5.74675             
84000               3280                1659.89             146.874             1334.8              10.1306             
61000               3740                1762.29             161.932             983.442             0                   
42000               2900                2505.75             127.519             647.148             0                   
40000               3030                3685.41             179.956             335.017             2.5186              
109000              2710                3041.36             210.347             327.427             0.0416306           
148000              2720                2487.78             229.478             1293.77             0                   
125000              2690                2961.97             155.301             343.415             6.97446             
105000              3470                2500.68             132.388             491.801             9.83188             
106000              3580                2510.86             133.761             452.805             4.35658             
126000              2720                3347.22             201.269             221.486             2.67635             
125000              2750                1774.74             167.213             1404.31             0                   
65000               2530                2933.57             212.844             1431.16             4.45362             
62000               3680                2771.52             138.646             326.43              1.93321             
65000               3150                1662.59             102.81              1010.52             6.94526             
38000               2500                3852.27             185.213             1252.36             4.80167             
42000               3460                2740.21             132.388             398.201             0                   
66000               3500                3030.46             201.269             257.228             2.63472             
61000               3310                1897.55             214.205             1082.84             8.54673             
62000               2810                1910.05             177.337             1546.98             2.57408             
42000               3620                1889.18             94.9347             1398.21             5.66671             
170000              2640                4399.51             203.285             654.964             14.4107             
65000               2860                1714.63             99.7899             1433.51             4.64351             
59000               3430                2785.92             159.761             145.279             9.06541             
133000              2630                2411.58             215.181             1024.67             4.61184             
144000              2750                3703.72             210.347             218.546             8.62078             
86000               3270                1619.32             115.492             1044                6.94526             
43000               2590                2959.35             216.598             1258.91             12.0341             
122000              2850                1700.89             128.296             1364.44             2.27704             
42000               3510                1819.36             214.205             1428.96             0.0293864           
40000               3140                3554.8              212                 457.407             12.7542             
148000              3270                2149.41             210.347             959.601             4.02332             
101000              3390                3059.46             181.518             171.845             8.41205             
43000               2690                3637.79             227.043             979.069             5.83081             
83000               2510                3871.39             151.787             1202.7              0                   
105000              3430                1761.87             98.4363             928.015             5.74337             
42000               3360                2006.34             94.5724             1425.65             0                   
133000              2700                2549.16             207.129             1111.34             0.643317            
38000               2590                4060.01             175.947             780.532             0.436864            
65000               3280                1715.61             214.205             1438.38             0                   
84000               3460                2036.38             108.993             753.627             0                   
84000               2680                1779.04             213.095             1485.17             0                   
125000              2790                2778.9              167.304             492.704             2.35363             
105000              2660                1742.25             167.213             1695.93             0                   
108000              3920                2837.66             173.542             174.202             7.97064             
84000               3310                1586.84             92.5557             1483.98             1.65685             
42000               2910                2055.49             202.803             1384.25             0                   
42000               2620                1945.43             113.399             1331.46             3.20872             
43000               2580                3171.36             222.093             1259.41             8.19512             
42000               2760                2648.18             168.993             505.852             0                   
105000              3450                1758.44             131.843             987.19              8.66531             
105000              2630                1985.12             194.037             1553.79             0                   
125000              3050                1640.13             167.213             1788.62             3.35232             
84000               2920                1703.21             167.213             1347.01             10.3126             
42000               3880                2471.24             167.732             192.137             10.3738             
108000              3520                1778.47             146.466             987.761             0                   
103000              3110                2649.66             142.337             252.607             8.98329             
110000              3310                1960.94             210.347             919.563             4.02332             
40000               3340                3659.83             204.542             365.65              4.91673             
41000               3340                2735.33             143.711             449.083             12.9694             
108000              3550                2672.58             210.347             312.58              0                   
65000               2520                3658.42             170.795             722.351             8.22552             
42000               2630                1918.2              167.213             1255.25             8.01497             
60000               2600                3754.12             195                 1291.13             0                   
42000               3840                2759.73             150.571             201.82              9.06541             
42000               3810                2419.78             214.907             240.39              7.38406             
62000               3670                1714.76             178.213             1509.05             1                   
121000              2820                2098.91             148.056             972.615             1.01999             
42000               3560                2761.05             132.924             357.341             8.54129             
42000               3590                2109.42             221.839             871.288             1.68135             
121000              2920                4275.35             178.823             146.303             6.89542             
41000               3550                2857.49             179.218             425.644             10.6209             
84000               3380                1567.89             101.606             1599.06             0                   
42000               2700                1953.21             106.779             1454.31             0                   
127000              2630                3841.24             224.988             925.143             3.56469             
84000               3930                2683.81             179.293             189.41              9.61696             
61000               3410                2088.3              214.205             776.144             0                   
42000               2700                3006.91             215.54              335.269             3.89875             
83000               3480                1662.35             178.213             1420.5              7.60772             
42000               3460                1691.44             134.204             1616.29             4.39835             
125000              3310                2555.02             167.929             422.297             1.60158             
104000              2940                3054.01             149.926             273.64              4.13733             
105000              2680                1698.54             102.074             1541.81             4.91248             
42000               3630                2154.1              168.109             843.649             0                   
42000               2810                2240.76             215.541             1019.24             0                   
123000              2570                3148.74             212.844             1078.67             4.45362             
42000               3200                2742.25             156.771             195.928             10.8717             
65000               3120                1712.49             173.506             1093.54             9.13337             
102000              2590                3392.86             150.184             1062.01             14.0311             
84000               2660                1766.18             194.037             1444.32             4.91248             
128000              2860                3587.59             185.715             352.032             0                   
42000               3620                1859.63             176.934             1587.2              0                   
40000               3220                3606.17             181.834             435.093             11.5159             
80000               2800                1902.45             167.213             1669.7              0.643317            
192000              3850                3212.24             183.246             188.533             7.38406             
85000               3340                1913.98             210.347             1015.53             0                   
42000               2630                1918.2              125                 1255.25             8.01497             
102000              2650                3628.76             195                 1399.69             0                   
42000               3110                1916.98             147.402             1484.41             0.0293864           
120000              2740                4922.43             199.283             800.051             0                   
65000               3370                1867.54             213.095             1048.33             5.74337             
86000               2630                2942.66             222.317             869.471             16.0813             
144000              2780                3783.79             210.347             204.287             11.181              
65000               2710                2101.16             102.005             1133.42             1.62019             
102000              2580                3192.57             162.759             939.213             13.7786             
83000               3240                2676.49             155.514             214.21              11.58               
42000               2720                2517.69             161.851             557.075             7.46095             
121000              3330                1838.16             95.1802             1301.52             3.65311             
57000               3000                4044.44             199.283             345.073             4.79484             
102000              2610                2583.51             143.319             1708.36             11.3177             
43000               2600                3317.86             228.454             814.417             7.47287             
42000               3640                1670.52             126.257             1539.22             0                   
65000               2520                2769.03             169.464             1329.27             9.08165             
42000               2880                2151.06             100.414             1112.72             0                   
63000               3770                2451.99             144.348             619.838             0                   
88000               3200                4008.61             171.005             153.735             4.63111             
86000               2500                4083.09             183.246             1167.08             0                   
83000               3710                1669.51             167.213             1766.79             0                   
105000              2710                1645.52             144.296             1599.36             2.73214             
38000               2940                3767.64             229.85              747.74              8.57377             
81000               2720                3045.18             153.088             283.578             0.0416306           
42000               3460                1717.8              179.937             1307.44             6.52139             
102000              2540                3522.07             150.184             888.014             5.13966             
105000              2680                1683.61             106.779             1537.23             0                   
102000              2690                3323.55             179.547             244.168             0.0416306           
42000               3690                2201.13             108.796             865.396             2.23607             
61000               3520                2078.65             110.049             750.1               8.35477             
61000               3740                2105.61             127.602             734.322             5.67942             
40000               2770                2880.59             229.24              439.934             0.736798            
42000               2870                2420.53             127.985             725.254             6.5188              
105000              3680                1773.51             115.088             923.404             5.74337             
63000               3670                1636.32             141.099             1535.75             2.5654              
60000               2660                3876.36             219.422             1106.82             0                   
65000               3120                1848.81             95.1167             1410.57             0.0293864           
62000               2720                3263.33             214.696             266.998             0.0416306           
40000               3430                3797.2              214.603             476.301             1.31317             
102000              2620                3463.66             167.213             1008.82             8.35337             
105000              2580                2619.82             162.759             1721.88             10.3012             
84000               3850                1709.36             114.26              1002.74             0                   
40000               3220                3705.52             225.231             784.864             1.83287             
151000              2730                3503.79             210.347             208.663             6.97446             
38000               2500                3885.78             164.996             1264.08             0                   
65000               2550                3604.91             150.184             744.759             3.59847             
145000              3470                2802.46             149.381             304.097             7.48722             
116000              3280                4179.08             183.189             142.181             8.77846             
62000               3200                3215.94             159.683             204.448             0                   
105000              2830                1730.64             102.07              1266.78             2.27704             
42000               3200                1664.01             113.412             1429.9              6.60772             
61000               2540                4346.64             175.947             817.641             0.436864            
125000              2780                1679.71             167.213             1415.69             6.44814             
65000               2560                2785.85             148.748             1538.39             11.8168             
123000              2570                3212.99             162.759             992.05              2.34301             
103000              3720                2935.72             217.471             262.343             2.69064             
82000               2800                2569.69             165.548             492.651             9.64129             
42000               3520                1658.7              112                 1514.72             4.80147             
105000              3490                2727.26             132.924             555.813             0                   
42000               2710                1997.59             102.005             1292.19             1                   
