312000              7500                935.181             1139.52             471.669             0                   
294000              5800                1104.03             311.942             382.207             40.0576             
195000              6500                983.891             260.14              372.781             0                   
294000              5400                1029.22             242.475             3064.59             54.2399             
189000              5400                1552.73             2232.85             1007.45             15.6796             
294000              5000                1066.49             1474.3              2645.05             0                   
189000              5400                1700.73             352.967             2949.34             69.3956             
195000              5800                976.352             267.678             1370.78             94.6372             
189000              5800                1970.35             498.895             0.183232            90.1944             
189000              6800                1597.61             2657.98             401.237             0                   
195000              6700                1244.21             386.411             0                   0                   
294000              7000                1055.33             240.477             1912.79             28.075              
189000              6400                1389.52             2809.36             746.96              0                   
294000              5000                2054.19             526.418             1286.89             91.1985             
294000              5000                3186.94             1687.5              -2.84217e-14        44.3214             
407000              8500                957.645             931.272             372.781             46.3891             
294000              6400                1050.51             222.73              2323.62             54.2399             
294000              5000                1145.48             237.752             1964.92             86.456              
294000              5000                1196.85             1428.16             1695.89             39.5407             
312000              7500                922.66              508.337             975.23              0                   
407000              7500                924.994             1209.51             460.941             0                   
189000              5400                2148.17             563.096             2670.61             0                   
294000              5400                1070.26             227.614             2634.83             0                   
189000              5800                1464.28             441.129             2059.43             73.7834             
195000              6500                943.086             250.697             1972.53             0                   
294000              5000                2965.71             911.038             0                   43.3897             
189000              6100                1627.22             2463.12             0                   26.0944             
189000              5400                1996.13             3265.25             982.974             0                   
189000              6400                1404.8              2168.82             1370.64             0                   
189000              7100                1668.28             2002.99             493.787             0                   
411000              7700                1118.44             418.308             0                   5.36407             
294000              5000                2784.55             685.942             714.687             79.0815             
294000              5000                1306.85             354.589             1605.02             0                   
189000              5400                2564.4              826.778             981.887             48.4108             
189000              5400                1675.15             1713.29             1472.58             66.8437             
312000              7500                924.878             1121.23             372.781             89.9092             
195000              5200                1507.14             676.893             217.087             98.4495             
189000              6400                1472.54             1912.62             1679.66             46.747              
294000              7100                1379.15             350.118             6.53049             25.4279             
294000              5000                3085.91             896.796             0                   0                   
307000              5000                953.213             1749.03             3118.71             28.075              
195000              7400                981.115             211.922             3114.16             62.1461             
189000              5400                3017.8              874.362             258.026             0.0443195           
312000              5000                1123.18             1451.65             1951.52             28.075              
195000              5200                922.98              278.128             2068.46             40.2118             
294000              5000                1293.49             462.074             1721.39             78.1751             
189000              5400                2024.16             452.418             1512                97.4715             
189000              5400                2727.08             1663.18             535.641             9.80729             
195000              6700                1178.56             398.839             0                   24.3131             
189000              7000                1504.22             2538.9              746.96              0                   
189000              5400                1758.71             1713.29             1389.01             100.741             
294000              5400                1119.4              384.984             283.931             61.0052             
195000              8000                999.431             197.648             3086.99             16.2066             
189000              7700                1607.35             1941.28             352.632             28.0273             
189000              5800                1361.18             3069.98             1247.26             81.3889             
189000              7000                1645.32             1885.61             0                   12.9886             
294000              5000                2902.44             803.788             24.8741             5.80741             
189000              5400                2731.72             658.798             1669.38             0                   
195000              6500                979.25              1673.13             466.385             0                   
195000              6000                1459.61             572.667             0                   95.3273             
189000              5400                1708.52             352.967             2955.04             35.1845             
407000              7500                926.617             1122.97             372.781             46.3282             
189000              5800                1290.97             3110.99             3339.59             30                  
294000              5000                1907.49             454.611             1401.72             15.7056             
294000              5000                2610.82             701.128             193.259             0                   
189000              5800                1618.21             1749.28             1491.66             0                   
294000              5400                1262.93             370.286             13.7227             0                   
189000              5400                2886.74             1663.18             375.978             50.3186             
294000              6400                971.817             214.301             3008.5              62.1461             
195000              7400                986.708             214.378             3098.83             0                   
195000              5200                911.315             253.852             2151.37             0                   
195000              6400                942.002             263.285             1513.17             41.6412             
294000              6000                1025.27             231.448             2696.85             0                   
312000              5000                933.974             3224.32             4613.24             0                   
294000              6400                1081.32             188.739             3044.17             0                   
312000              5000                1029.94             1643.98             2544.32             0                   
294000              5400                1126.07             389.638             83.6538             20.9475             
189000              5400                2823.53             775.172             452.145             40.5556             
294000              6000                2998.84             1360.81             -2.84217e-14        0                   
189000              5400                2139.06             790.928             1191.23             57.5892             
294000              5000                1384.17             1429.48             1509.9              0                   
195000              6100                1442.07             2326.48             19.279              0                   
189000              5400                1674.34             534.038             2449.55             99.3388             
294000              5000                983.151             2739.1              4078.84             0                   
195000              6500                1163.21             365.461             199.248             98.4439             
195000              5200                1250.81             403.042             453.072             53.1862             
312000              7500                878.85              1489.12             1254.71             0                   
290000              6500                978.415             1578.69             372.781             41.695              
312000              7500                922.89              1482.58             736.699             30                  
189000              5400                2939.73             749.115             1221.29             0                   
189000              5400                1485.26             2899.4              808.016             5.36407             
189000              5400                2006.85             1716.8              1153.04             91.9378             
294000              6700                1253.79             380.014             4.44089             19.6207             
189000              5400                1718.83             352.967             2944.73             0                   
294000              7700                1148.35             250.075             700.919             0                   
189000              5400                2100.56             557.604             2556.29             71.3917             
294000              6400                1133.87             290.61              1375.24             0                   
189000              7500                1418.13             1797.7              290.433             105.718             
189000              6400                1379.86             2809.36             830.614             20.9475             
189000              7700                1246.61             2219.15             1820.51             60.7132             
294000              7000                984.757             214.301             3090.88             28.075              
189000              7700                1505.6              1676.91             35.0496             34.2198             
407000              8500                934.937             723.688             459.413             30                  
294000              5000                1008.09             2741.84             3965.89             75.4929             
195000              5200                1136.92             286.459             1235.24             58.3964             
315000              5000                943.498             1855.02             3234.41             0                   
189000              5400                1411.23             2255.57             156.106             15.6796             
189000              5400                2609.04             828.574             660.4               9.76297             
189000              6400                1531.9              1998.93             0                   66.3377             
189000              5400                1849.83             1716.8              1310.05             50.1428             
294000              5000                1241.5              369.426             2289.32             54.2399             
189000              7700                1336.28             1570.45             1009.19             30.7132             
294000              5000                1910.55             530.224             1221.43             59.5366             
294000              5800                1056.19             341.921             775.7               0                   
189000              6400                1631.12             1779.01             240.416             26.6907             
195000              6500                1134.81             401.978             221.5               45.2811             
189000              5400                3143.26             1568.88             165.864             0                   
189000              5800                1445.91             413.519             3132.91             0                   
189000              5400                1533.8              1590.45             2422.37             39.273              
407000              8500                943.749             1032.9              372.781             0                   
294000              5000                2697.79             1563.78             124.953             12.3258             
195000              7000                1142.77             233.554             2480.52             0                   
195000              5200                1075.33             310.036             722.037             26.8814             
195000              6000                1123                210.447             3029.36             0                   
189000              5400                2033.77             1500.84             1391.04             0                   
407000              7500                925.571             1120.99             372.781             79.8282             
307000              5000                972.678             1749.03             3010.26             75.4929             
294000              5000                2778.45             644.072             745.734             51.77               
294000              5000                1013.57             253.447             3088.33             0                   
189000              5400                3110.1              888.105             180.033             57.9619             
189000              5400                1517.21             1664.66             2513.17             0                   
189000              5400                1326.16             2899.4              1960.03             0                   
294000              5800                1107.87             253.447             2072.81             43.1784             
195000              5400                1407.26             564.216             3.07418             21.543              
294000              5000                2292.37             570.892             1204.6              20.0833             
189000              5400                2073.23             1623.91             1137.68             80.2947             
294000              6000                1327.69             380.336             0                   16.0537             
195000              5800                912.526             244.384             2151.37             46.816              
294000              5000                2981.45             1548.32             0                   0                   
195000              5200                1581.07             450.024             303.177             77.8002             
189000              5400                3121.49             982.62              149.768             93.1252             
195000              5200                1392.24             436.986             1719.03             0                   
189000              5400                1777.25             379.478             2867.72             93.5442             
407000              8500                950.975             936.943             372.781             93.7238             
195000              5200                1909.55             662.689             0                   34.0273             
195000              8000                1003.67             195.479             3082.75             58.075              
189000              5400                2765.39             721.085             1436.63             101.709             
294000              6800                1129.01             215.816             2727.38             46.0175             
195000              6500                1048.99             310.003             313.475             79.2386             
432000              8500                981.869             404.503             463.615             0                   
189000              7700                1531.76             2142.03             76.9497             30.8585             
189000              5400                2714.46             592.719             2121.49             63.6532             
189000              7100                1442.86             2213.62             340.51              5.36407             
189000              7400                1354.29             2085.31             733.365             60.9261             
189000              5400                2035.65             696.247             2066.78             17.8752             
189000              5400                2954.92             824.762             359.281             78.9388             
189000              5400                1798.21             414.262             2608.97             12.9651             
195000              8000                1008.1              201.874             2477.56             28.075              
195000              7400                1054.09             220.81              3078.11             82.9144             
195000              5400                1103                349.048             306.778             0                   
189000              5400                2511.23             828.431             1019                77.5308             
294000              5000                1221.7              1345.95             2313.08             0                   
294000              5400                1368.96             385.163             0                   42.8239             
195000              8000                1018.03             210.285             2399.07             0                   
294000              7100                1110.14             249.913             1339.7              26                  
294000              5400                1054.94             225.951             2383.42             90.9689             
189000              6000                1624.64             2324.73             134.348             42.7278             
294000              5000                2681.24             685.942             901.757             99.8202             
189000              5400                3091.53             1662.26             166.466             88.2269             
189000              7700                1477.79             1570.45             793.458             47.3226             
195000              6100                1079.83             310.003             1226.29             79.2386             
294000              5000                1774.18             426.146             1435.29             75.4929             
189000              6800                1423.21             2094.41             2962.88             3.43834             
312000              5000                1125.1              1445                1944.34             75.4929             
294000              5000                1073.24             227.111             2464.04             24.2399             
189000              7000                1591.04             1763.84             876.785             61.6311             
189000              5400                2863.72             982.62              423.749             100.458             
195000              5200                1265.95             510.257             437.938             92.7806             
195000              6700                1113.71             1671.88             86.1644             0                   
189000              7000                1507.17             2042.48             87.2662             45.2787             
195000              7400                984.253             211.922             3111.02             34.0711             
189000              6800                1386.97             2133.6              2986.68             73.6498             
195000              8000                1021.73             212.522             2348.19             66.9648             
294000              5000                1857.29             426.146             1431.29             40.9205             
312000              7500                959.284             404.726             363.894             0                   
294000              5000                2531.06             623.358             963.697             0                   
189000              5400                3049.8              1603.84             149.768             102.373             
189000              5800                1521.14             407.887             2567.48             27.4226             
189000              5400                3116.09             943.65              203.466             24.841              
189000              5400                1883.11             1608.78             2194.82             0                   
294000              5000                2189.38             550.429             1244.37             0                   
189000              5400                2965.16             747.798             1284.98             63.6532             
189000              5800                1828.15             500.207             0                   11.4771             
294000              7000                989.736             214.301             3085.9              0                   
189000              7500                1346.97             1797.7              340.774             60.9261             
195000              5800                891.744             267.916             1789.01             0                   
189000              5800                1758.24             833.998             630.861             0                   
195000              5200                1959.12             675.765             0                   0                   
195000              5200                984.567             251.883             2293.66             98.232              
189000              5400                2121.65             564.619             2482.85             87.3637             
