135000              8650                1193.67             122.062             797.474             206.784             
123000              8800                3075.61             932.27              1404.7              73.5593             
82000               6700                4119.52             615.579             1174.94             12.0244             
264000              6400                3840.75             766.376             1037.43             290.954             
257000              6200                2855.4              662.213             2699.1              163.172             
123000              10600               3831.42             381.956             49.0611             64.6926             
82000               9300                3848.14             627.606             -1.56319e-13        0                   
185000              6900                1706.71             955.997             1076.83             106.31              
354000              6600                3670.58             676.553             932.478             107.54              
215000              6800                2815.15             631.314             2740.63             89.0161             
185000              7900                896.527             129.718             1191                37.7616             
82000               11100               4120.89             321.608             43.3395             17.737              
82000               9500                1384.48             565.629             1779.82             44                  
313000              5900                3378.22             785.739             1602.34             89.0161             
82000               5900                3870.98             529.594             1568.97             216.488             
354000              6500                2936.29             662.68              2704.6              89.0161             
257000              6100                3658.84             961.456             1533.03             522.257             
82000               9100                4132.96             331.641             179.981             0                   
170000              6500                3236.02             507.246             2492.36             0                   
173000              8100                1180.2              140.507             15.5931             159.119             
135000              7100                1273.77             1005.31             607.273             129.202             
257000              6200                2797.48             728.246             2451.04             213.202             
173000              8100                1143.57             445.435             31.4297             183.967             
120000              6300                4033.1              850.531             222.503             166.189             
255000              5900                3994.94             747.613             1549.38             0                   
82000               5900                4405.86             773.539             763.485             0                   
271000              6500                4276                853.562             -5.68434e-14        36.144              
82000               5900                4255.51             811.852             1111.65             215.994             
135000              7600                1412.44             132.151             6.75379             1.68384             
82000               6100                4274.37             340.959             114.51              0                   
135000              6900                977.464             129.698             1397.22             1.28427             
175000              9700                888.738             128.311             1.37722             120.152             
82000               9800                3703.27             304.253             48.5907             139.953             
305000              6700                1558.04             178.84              1408.67             139.591             
82000               6600                3246.97             901.909             1810.18             0                   
305000              6700                1745.31             845.155             1075.8              25.7136             
353000              6800                3935.63             848.692             309.073             145.155             
169000              5900                4565.8              832.767             623.995             33                  
313000              7300                3891.72             347.478             20.3522             69.2299             
120000              6900                3226.22             557.617             2245.55             0                   
216000              5900                3351.13             806.747             1849.28             13.7467             
82000               9500                1418.07             144.191             1728.98             252.556             
185000              7200                887.334             674.606             1952.53             1.28427             
305000              6700                2037.97             289.518             1119.79             0                   
265000              7300                3849.24             836.085             480.905             383.608             
257000              6600                3235.37             968.754             1426.09             425.782             
135000              7400                1088.31             520.878             1221.54             53.5943             
178000              6200                3281.12             410.828             2088.59             0                   
217000              6700                2226.31             906.989             1037.16             14.9893             
82000               9600                4337.12             347.033             36.7954             106.392             
123000              7650                3199.5              958.411             1695.14             174.456             
135000              8400                2390.31             247.529             0                   0                   
82000               8800                1490.77             372.849             2110.91             14.8284             
123000              9000                1527.19             752.601             1667.45             73.5106             
185000              7600                829.553             318.091             735.989             0                   
82000               9600                3760.34             302.21              320.386             253.045             
82000               8800                2174.32             163.878             1650.47             116.57              
264000              6300                4050.58             354.167             13.6547             113.4               
226000              6700                2806.19             502.042             2207.92             107.613             
82000               7300                3407.6              987.359             1424.47             360.807             
82000               6500                3261.14             686.266             3171.78             0                   
227000              6700                1801.88             611.236             1083.19             197.413             
304000              6200                3005.75             890.765             2671.21             78.1662             
82000               5900                3062.75             242.132             1872.41             131.638             
82000               6600                4074.01             301.675             380.024             150.733             
313000              7300                4235.75             604.421             -7.10543e-14        111.084             
131000              9800                3799.91             900.281             100.187             0                   
222000              9150                1973.94             640.996             -9.9476e-14         56.9543             
265000              6900                1648.61             994.584             721.646             96.8628             
135000              9250                1265.9              123.781             1370.94             15.7041             
305000              5900                4025.42             799.011             1164.93             225.082             
82000               6100                4123.98             628.609             484.93              166.101             
82000               8500                1844.81             844.218             1557.56             0                   
255000              6600                3114.11             946.233             1699.36             33.0202             
305000              6100                4097.42             828.108             568.152             157.075             
135000              7900                988.492             705.838             953.939             1.28427             
226000              8650                1788.76             813.81              -2.84217e-14        339.663             
82000               10000               3587.39             656.347             154.181             295.085             
312000              6800                3688.66             631.314             545.446             208.989             
276000              10500               969.006             124.748             1192.68             0                   
82000               5900                3358.46             202.755             1862.97             0                   
258000              5900                3115.2              662.213             2383.3              0                   
132000              9600                4084.99             421.24              370.259             0                   
267000              8300                4500.48             787.367             -8.52651e-14        78.1121             
276000              8950                831.651             118.529             1319.67             68.3852             
218000              6300                4037.93             838.009             438.591             323.075             
401000              6300                4117.04             627.415             14.1412             0.71637             
135000              6900                1497.85             185.712             1105.66             200.239             
128000              5900                2916.54             640.881             2136.31             164.867             
313000              6300                4245.05             658.265             -7.10543e-14        43.4647             
135000              9950                1227.4              128.311             0                   0                   
360000              6600                4003.22             502.842             286.27              101.5               
305000              7400                1570.73             796.461             788.44              0                   
311000              7900                2231.93             521.806             -2.84217e-14        0                   
82000               6400                3772.28             529.594             1674.08             260.488             
305000              6700                1618.98             668.042             1368.67             139.591             
82000               7900                3914.74             304.111             1593.18             20.2999             
175000              10250               927.261             133.657             3.95188             48.744              
123000              10100               3608.05             704.329             424.519             150.648             
135000              8600                747.559             609.828             74.1943             315.769             
276000              10000               906.449             118.529             1635.44             20.831              
184000              11300               2030.33             816.854             -4.26326e-14        1.49614             
313000              6300                3726.54             347.478             413.738             106.506             
82000               8400                3540.58             221.704             1607.58             136.954             
222000              8650                1847.81             204.581             0                   0                   
305000              6900                1744.38             1053.32             669.956             167.029             
401000              7300                3978.32             602.698             198.715             2.97413             
135000              7600                950.313             423.478             77.2238             22.5148             
82000               8800                4020.54             449.405             43.3395             241.788             
220000              6800                3409.2              804.647             1550.51             347.595             
359000              7300                3770.42             728.246             216.445             255.67              
226000              7100                3835.06             857.948             379.201             340.114             
82000               8800                3255.2              863.85              1393.85             292.686             
313000              6300                3992.78             376.227             30.6482             235.924             
311000              8100                1853.95             988.02              -3.55271e-14        41.2092             
161000              6200                3152.27             662.213             2723.88             0                   
131000              7600                3997.64             789.426             1336.06             267.915             
123000              8800                3676.82             412.839             198.759             258.751             
82000               10050               1680.54             184.861             1405.13             100.748             
120000              9800                3702.08             810.159             177.081             160.308             
82000               9800                3572.29             704.329             545.816             263.48              
123000              6600                3610.69             963.451             1463.2              382.461             
135000              7100                1084.9              969.059             822.144             195.751             
185000              9100                631.612             128.311             92.7548             0                   
276000              8250                850.768             118.529             1737.58             0                   
82000               10800               4214.4              525.242             23.4257             232.243             
276000              9450                821.261             118.529             1843.76             39.2161             
232000              6900                1212.88             158.802             1029.85             43.715              
82000               5900                3718.38             841.104             1712.62             260.488             
313000              7000                3942.74             991.571             25.9678             372.794             
132000              9900                3839.71             589.732             823.697             0                   
131000              6100                3525.44             1001.51             1604.9              71.8532             
175000              8150                877.17              579.719             640.334             174.095             
135000              7600                926.851             128.311             332.092             115.464             
274000              7100                1720.27             735                 163.665             3.97314             
264000              6200                4029.13             707.726             1572.87             158.153             
135000              7400                2541.2              254.176             0                   36.1481             
185000              7500                880.432             674.606             2404.58             0                   
185000              6900                866.15              129.718             1535.4              22.5173             
82000               8300                3179.23             781.608             1564.9              303.37              
130000              8500                1349.09             600.181             1873.21             141.902             
208000              7800                4029.84             787.924             208.055             0                   
173000              7600                1003.3              617.039             39.3549             49.2395             
82000               10050               1637.32             129.324             1813.01             0                   
182000              7100                1178.56             930.92              518.656             0                   
272000              7200                3605.89             1220.78             417.222             429.519             
360000              6600                3806.59             541.165             694.9               0                   
185000              6900                1008.28             122.085             1599.04             156.612             
82000               5900                3341.49             658.408             2007.77             0                   
161000              6800                3532.07             963.791             1190.43             283.077             
131000              6600                4149.46             855.662             217.549             0                   
127000              8450                1238.63             626.728             360.61              37.6838             
128000              7100                3180.04             874.605             1520.46             375.142             
82000               7400                3971.25             852.518             1387.19             289.1               
82000               10000               1384.17             669.451             1721.92             0                   
135000              8600                748.367             128.311             74.1943             254.352             
352000              7000                3912.46             769.26              13.6547             187.312             
313000              7000                3924.17             999.026             74.1002             450.678             
82000               9700                1871.95             618                 1132.79             0                   
82000               5900                4110.84             286.953             1530.67             0                   
209000              6600                3773.46             1020.85             1356.63             134.756             
82000               6900                3576.52             295.332             1651.44             42.9017             
82000               10100               3742.88             367.204             568.951             61.9769             
82000               8500                1542.84             569.546             1641.86             155.754             
360000              7100                3884.06             742.943             397.822             0                   
184000              7400                2117.9              720.726             97.4578             266.637             
221000              6500                3952.06             997.754             292.451             64.0045             
131000              7100                3868.57             1042.81             1432.77             77.9625             
180000              6800                3995.64             296.421             352.691             0                   
214000              6700                2872.77             661.26              2332.34             209.454             
82000               6200                3004.22             535.044             2125.97             131.041             
314000              6400                3177.29             882.575             1787.74             0                   
265000              7200                2086.21             318.991             845.746             113.973             
135000              9400                831.405             125.895             495.978             0                   
265000              6700                1406.53             851.091             1486.25             192.201             
222000              8650                2129.48             760.69              -1.13687e-13        173.009             
82000               6100                4184.69             301.675             207.034             98.6727             
305000              6500                2982.04             662.213             2790.69             0                   
82000               10800               4279.59             374.57              0                   254.569             
227000              6700                1439.67             170.85              1333.4              152.178             
221000              7350                3977.69             286.894             970.508             0                   
178000              5900                4197.37             672.295             962.615             143.548             
82000               7600                4178.94             567.274             116.307             50.0909             
131000              9800                3682.79             627.844             86.7264             313.651             
169000              7300                4559.12             906.532             99.104              197.954             
352000              6200                3071.19             739.953             2376.43             0                   
171000              6100                3412.23             964.864             1594.46             346.393             
131000              5900                4548.28             649.31              813.109             49.2769             
276000              9700                989.501             118.529             892.674             0                   
305000              5900                3091.23             898.31              2178.82             42.0899             
267000              6300                4266.23             384.369             0                   0                   
82000               9000                2113.89             813.775             1413.45             142.634             
82000               8350                2225.17             757.822             2009.21             1.34802             
222000              8450                1331.99             602.224             28.5155             0                   
185000              7100                860.777             784.616             1066.02             0                   
82000               10550               1787.67             175.514             1611.31             0                   
123000              8600                1494.88             618                 2538.23             12                  
82000               9000                1455.81             197.861             1823.2              200.225             
82000               8000                1413.6              127.152             1852.75             92.2361             
82000               9300                3575.04             520.61              472.284             194.406             
