41000               2710                2567.19             145.436             228.465             5.69775             
41000               2900                2128.31             120.279             592.015             3.98732             
41000               4190                1651.1              219.552             153.84              4.35861             
41000               2770                2539.97             143.837             324.184             7.564               
187000              2680                4789.62             229.444             556.74              8.96022             
41000               3000                1675.84             107.708             412.742             0                   
63000               2760                2828.34             161.109             15.6208             0.622777            
41000               3690                1957.81             126.823             116.779             0                   
80000               2920                3028.65             147.809             344.996             1.65685             
60000               3270                1984.46             168.765             37.3681             1.82177             
41000               2770                2876.74             159.02              93.0125             0                   
41000               2770                2834.98             157.007             67.6296             7.59032             
60000               2880                2213.18             161.793             120.632             7.76926             
40000               3220                2955.35             224.927             237.423             17.6929             
85000               4330                1763.58             173.563             40.1198             0                   
81000               2780                2394.23             218.248             919.226             1.65685             
41000               3560                1696.21             107.648             378.111             4.64438             
41000               3330                1420.27             116.268             588.135             3.98746             
60000               3380                1763.95             154.133             32.5224             7.97522             
41000               3690                1473.64             147.645             508.017             4.04498             
209000              2580                4560.36             229.444             482.724             9.2328              
41000               3030                1681.43             130.225             320                 5.06786             
60000               3350                1715.77             155.295             24.5446             1.65685             
85000               3340                1843.25             166.855             56.4291             1.71886             
41000               2950                2266.91             150.459             487.902             0                   
41000               3560                1528.19             102.037             542.233             0                   
41000               2710                2543.68             160.357             79.9841             4.59697             
41000               3230                3018.58             179.228             12.2309             0                   
41000               2820                2189.39             162.218             599.527             7.51854             
60000               3390                1974.33             126.823             145.641             0                   
209000              2640                4576.04             227.223             454.992             8.59016             
41000               2920                2413.74             141.741             128.82              3.42689             
41000               2820                2216.86             180.408             562.664             5.21475             
60000               4050                1787.25             131.206             46.8752             0                   
41000               3780                1929.2              225.683             59.0258             0                   
41000               3590                1749.97             117.393             313.756             0                   
83000               3580                1793.14             127.006             136.877             1.46916             
60000               4410                1580.97             140.367             63.8246             10.5586             
41000               2760                2190.93             180.408             591.841             7.51854             
60000               2940                2334.95             150                 134.238             8.36421             
41000               3500                1593.46             106.749             418.011             2.01741             
63000               2730                2523.87             227.722             398.35              1.65685             
41000               3970                1595.68             154.172             75.2978             7.2239              
41000               4050                1742.12             211.426             200.526             0.804464            
82000               3990                1595.76             127.006             264.43              0                   
41000               3520                1409.53             116.764             551.892             7.26466             
40000               2730                3025.35             217.374             366.222             3.29992             
41000               3970                1946.04             196.744             32.6156             5.47025             
191000              2650                3688.79             227.348             597.365             36.5158             
41000               4020                1972.75             213.557             43.8143             3.45093             
41000               3690                2723.37             179.228             40.444              0                   
60000               3260                1615.85             155.295             187.94              4.57612             
61000               3000                2707.28             226.859             98.9991             1.65685             
41000               2760                2356.03             180.408             459.056             3.44515             
41000               4110                1723.23             129.151             149.798             0                   
41000               2930                2269.91             180.408             528.508             3.42646             
40000               3450                2926.23             221.718             237.902             5.42612             
60000               4340                1679.29             153.366             23.445              0.852879            
40000               3220                2785.39             227.693             243.455             11.4005             
41000               3270                1435.07             116.268             666.84              1.31376             
82000               4020                1670.14             155.998             74.9827             2.13378             
41000               2840                2071.34             120.429             599.633             0                   
41000               3000                1500.48             128.237             567.763             0                   
80000               2890                2817.16             146.191             469.142             1.65685             
41000               3080                1536.54             102.191             571.321             4.33348             
64000               2850                2897.54             179.228             13.8002             0                   
41000               2710                2517.66             152.105             424.148             4.16175             
41000               3860                1557.91             115.561             484.549             0.124515            
60000               4030                1691.25             155.998             16.6881             2.98665             
64000               3170                2954                179.228             12.2309             2.18254             
82000               3840                1793.09             138.056             71.2854             0                   
41000               3810                1689.92             107.617             374.743             0.416365            
41000               3750                2034.19             189.707             20.0558             0                   
41000               2840                2164.91             156.364             551.153             1.68354             
82000               4490                1458.93             131.206             173.603             4.35861             
41000               3200                1652.15             118.017             381.328             2.63924             
82000               4390                1631.52             139.012             45.3432             0                   
41000               3500                1467.69             138.874             574.847             0                   
41000               2920                2086.82             134.714             595.446             2.72308             
41000               2710                2630.76             180.838             385.31              4.16175             
60000               3130                2292.53             161.793             24.6672             8.21944             
41000               3070                2988.43             179.228             12.2309             7.40166             
41000               3060                1759.65             139.935             376.054             0                   
82000               4130                1488.77             136.632             171.311             4.35861             
41000               4550                1842.05             138.056             28.658              0                   
41000               2790                2103.09             145.601             599.633             0                   
41000               3910                1914.64             219.465             32.6156             5.29111             
80000               2730                3227.89             165.31              283.532             1.65685             
40000               2890                3165.4              227.503             405.241             1.65685             
41000               4610                1770.41             160.861             15.5194             2.86702             
60000               3890                2003.01             140.672             22.548              8.34118             
40000               2810                3180.59             228.646             341.986             1.65685             
63000               3290                2343.23             146.036             52.8506             4.29231             
41000               3130                1853.61             188.107             141.79              0                   
41000               3860                1629.06             128.493             113.489             7.92831             
41000               3380                1873.46             188.415             43.4907             6.1019              
41000               2710                2830.17             156.88              181.78              3.96064             
60000               3030                1641.13             120.18              449.903             0                   
99000               4040                1712.6              126.823             325.607             0                   
41000               4190                1728.56             199.549             85.7813             5.04031             
60000               4440                1508.47             133.151             174.797             0                   
41000               4530                1771.46             137.612             105.68              0                   
60000               3530                1683.83             140.473             42.1435             0.705037            
41000               2710                2876.2              184.226             67.0601             7.59032             
60000               3080                1866.13             147.071             54.6364             0                   
40000               2820                3119.5              217.374             356.663             5.32382             
63000               2870                2795.51             159.02              60.5385             0                   
40000               3160                2765.23             229.164             215.539             15.168              
41000               3540                2804.15             150.785             42.8379             2.49427             
60000               4250                1582.42             151.869             49.7299             8.40523             
41000               3340                1694.27             110.164             345.213             0                   
99000               3630                1644.18             130.265             280.687             0                   
41000               3770                1430.17             111.135             516.232             6.84447             
41000               3230                1698.54             128.934             271.75              5.69444             
41000               3310                2272.15             131.25              273.11              0                   
41000               4190                1709.89             225.683             248.717             0.804464            
41000               3090                1540.25             110.397             487.407             4.30649             
41000               3910                1664.41             220.954             352.379             0                   
41000               3260                2875.68             158.883             42.8379             0                   
64000               3530                1685.2              128.934             305.825             3.33563             
41000               4160                1679.53             185.855             219.19              4.09223             
82000               4130                1631.03             131.206             122.805             0                   
60000               3030                1668.43             134.749             422.601             0                   
41000               4380                1780.64             156.078             108.893             0                   
80000               3000                2650.09             208.431             109.189             1.65685             
86000               2910                2329.16             161.793             40.0316             7.76926             
60000               4250                1463.94             133.151             237.437             0                   
41000               4160                1693.8              180.598             120.631             4.35861             
60000               4190                1825.95             162.927             29.9965             0.385895            
41000               2890                2161.59             139.401             528.432             5.11382             
60000               4390                1617.23             131.622             61.8306             0                   
41000               4330                1771.83             139.242             38.0374             7.21883             
41000               2710                2726.53             154.856             218.938             8.4352              
60000               3830                2083.78             153.669             22.3488             8.34118             
41000               2740                2977.02             168.259             14.091              0                   
41000               3440                1439.99             134.841             542.117             7.22974             
41000               2760                2342.56             187.83              483.303             5.73024             
41000               2740                2957.42             168.259             14.091              8.1406              
60000               3030                1626.24             144.016             483.082             0                   
41000               4030                1579.96             147.359             111.743             10.5479             
61000               2730                2894.51             165.31              471.512             1.65685             
41000               4610                1765.62             156.078             18.3647             0                   
41000               3730                2069.8              148.463             22.548              8.34118             
60000               3240                1699.97             139.242             79.4103             4.80521             
60000               4210                1540.34             127.006             293.42              5.57612             
41000               3490                2968.9              175.705             12.2309             1.22494             
41000               4470                1756.05             160.861             15.5194             5.47521             
41000               3080                1614.65             145.234             532.483             0                   
41000               3140                1994.81             229.148             64.102              0.15171             
60000               3220                1721.38             130.033             211.536             1.65685             
82000               3990                1567.18             127.006             291.614             5.57612             
60000               3780                1572.28             127.006             283.818             5.57612             
41000               2710                2661.77             177.15              336.385             1.65685             
65000               4100                1837.16             153.051             33.6901             7.21883             
41000               3750                1718.9              153.993             308.965             1.86797             
41000               2740                2635.86             154.856             357.037             1.65685             
40000               2730                3016.31             228.493             406.237             3.63385             
41000               2950                2380.23             143.117             59.7791             8.36421             
60000               3190                1872.81             189.496             54.4372             0                   
41000               3310                1489.66             102.037             600.368             0                   
60000               4240                1592.55             127.006             364.708             0                   
41000               2870                2434.39             180.408             417.189             7.10217             
41000               3990                1551.09             147.359             196.501             7.66101             
41000               3340                1748.32             163.919             327.957             0                   
41000               3080                1892.47             216.177             122.293             0                   
60000               4430                1473.73             131.206             209.632             4.35861             
41000               2710                2463.93             160.357             164.841             7.01577             
41000               3620                1848.35             140.771             87.7437             8.21042             
80000               2840                3142.24             150.782             301.184             1.65685             
80000               2720                2915.73             165.31              504.894             1.65685             
41000               3060                1478.24             110.731             599.96              0                   
41000               3130                2041.87             209.414             65.6965             1.82177             
40000               3160                2713.15             227.693             249.434             1.65685             
41000               3280                1535.23             102.037             552.063             6.52637             
41000               3610                2003.43             207.537             42.0565             2.81731             
41000               3250                2424.47             147.568             58.0248             7.88047             
41000               2950                2173.06             121.734             509.36              0                   
41000               2850                2956.94             168.259             14.091              3.48452             
83000               3970                1858.31             155.998             40.912              0                   
41000               3690                1449.31             131.915             521.216             0                   
82000               3150                1698.9              155.295             104.178             0                   
41000               2950                2418.07             177.349             58.6502             7.44677             
41000               3520                1452.33             110.474             648.091             1.31376             
60000               4410                1505.24             147.325             119.536             4.35861             
41000               3970                1929.47             135.089             31.8208             8.30806             
64000               3000                2176.76             143.212             62.4391             6.81891             
60000               4440                1534.27             131.206             63.8246             7.97207             
41000               2880                2525.86             150.968             355.016             8.4352              
41000               3020                2779.57             168.259             213.204             0                   
84000               2880                2315.82             201.052             69.0476             7.76926             
63000               3740                1927.37             126.465             234.829             0                   
41000               3580                1422.65             123.933             586.237             0                   
41000               3830                1436.41             110.474             546.775             3.98746             
41000               3710                1730.49             149.635             146.905             9.24709             
41000               3130                1781.39             155.295             76.1909             1.65685             
41000               4220                1765.2              139.314             26.953              2.22224             
41000               2900                2206.05             166.699             574.816             0                   
41000               3910                2051.73             187.025             41.1951             3.14879             
41000               3610                1710.63             163.416             322.549             0.124515            
41000               3340                1555.12             128.132             553.912             1.31376             
