181000              2500                1644.79             411.239             619.096             194.646             
181000              3250                2314.94             549.463             -2.13163e-12        30.0964             
280000              3000                2224.29             598.34              -5.68434e-14        13.9541             
181000              3300                1668.27             508.863             11.7293             157.555             
181000              3550                1171.96             325.97              711.461             167.146             
365000              3900                1137.68             491.63              1908.73             264.029             
365000              2500                2336.69             502.966             114.503             0                   
181000              3500                1417.14             335.749             533.142             281.474             
270000              3200                1122.72             502.099             1445.35             92.9881             
181000              2250                1302.62             470.255             1006.09             243.667             
181000              3050                1688.3              555.938             0.0649886           276.935             
270000              3550                1740.1              517.32              0.266866            234.431             
181000              2800                1227.88             494.307             463.443             179.579             
181000              3500                1236.52             305.397             858.742             10.5049             
181000              3050                1295.51             502.099             396.103             0                   
181000              2250                1313.02             284.668             942.049             168.058             
181000              2500                2544.89             540.835             0                   18.9724             
181000              3500                1431.07             322.862             521.609             0                   
278000              2800                1877.45             671.001             -1.42109e-14        66.6476             
273000              3000                1979.35             631.83              -2.84217e-14        84.7198             
181000              2750                2074.53             498.831             14.5909             185.178             
181000              3550                1742.15             504.774             0                   232.811             
281000              3800                1226.7              429.8               554.75              21.1942             
181000              3050                1200.71             364.163             543.102             294.841             
365000              2250                2421.57             516.405             74.6242             62.0247             
181000              3250                2109.42             505.978             -1.27898e-13        101.173             
181000              3050                1393.25             502.099             380.27              141.441             
181000              3000                1298.91             426.898             914.889             55.7079             
181000              3300                1306.91             439.177             382.673             179.579             
181000              2800                1628.77             419.329             148.679             285.119             
365000              3900                1124.97             479.469             1628.26             269.983             
365000              2250                2115.34             426.974             438.414             13.8417             
181000              2250                1341.99             283.924             945.986             0                   
365000              2250                2053.9              529.861             467.64              66.4799             
281000              2800                1180.31             299.797             729.048             126.963             
281000              3550                1351.04             502.099             329.374             0                   
181000              2500                1332.05             420.542             906.249             197.5               
278000              2500                2401.83             517.173             32.7414             0                   
268000              2800                1220.34             479.031             467.878             192.969             
280000              3050                1907.63             657.646             -8.52651e-14        21.9178             
268000              2500                1514.87             412.414             731.161             42.0079             
181000              3450                2534.65             540.564             -2.21689e-12        0                   
181000              3000                1205.65             273.647             946.209             102.669             
278000              3200                1156.72             502.099             1011.73             0                   
181000              3050                1147.82             337.833             738.343             268.761             
181000              2500                1204.98             540.401             923.754             0                   
365000              3650                1129.4              502.099             1190.63             0                   
181000              2250                1671                396.392             604.06              208.861             
281000              3050                1213.97             392.491             614.867             56.4071             
181000              2550                1310.25             473.588             388.612             295.52              
181000              3550                1525.55             419.329             131.49              199.568             
181000              2500                1459.82             350.19              801.671             160.093             
281000              2550                1765.53             571.641             0                   0                   
281000              3300                1385.36             369.083             446.295             132.464             
181000              2500                1301.03             271.214             938.313             128.916             
281000              3450                1266.28             303.76              712.395             73.2556             
278000              3200                1116.84             502.099             1500.38             27.4205             
181000              3550                1539.85             467.104             128.649             140.756             
181000              3300                1275.07             413.821             552.898             0                   
181000              2550                1159.42             332.54              711.441             238.175             
373000              2550                1968.16             768.006             -5.68434e-14        196.371             
181000              3050                1760.48             469.719             0.0824072           0                   
281000              2250                1325.31             427.386             918.321             0                   
181000              3050                1760.27             469.719             34.4856             79.1632             
181000              2250                1327.11             284.668             927.958             223.968             
280000              3000                2064.76             727.942             -5.68434e-14        149.661             
270000              3200                1125.49             502.099             1442.57             0                   
181000              2550                1504.27             445.461             206.202             118.127             
278000              3200                1108.54             502.099             1214.35             157.076             
181000              3500                1515.27             385.385             436.959             0                   
181000              2500                2315.9              508.087             184.1               101.809             
181000              2550                1483.28             478.963             204.552             238.54              
181000              3550                1850.92             543.098             -5.68434e-14        185.275             
181000              2550                1181.41             377.045             528.522             288.961             
181000              2550                1579.52             525.693             121.225             0                   
281000              2550                1268.46             502.099             544.301             171.864             
365000              2250                2062.67             427.387             466.355             106.15              
181000              3550                1208.38             315.11              711.912             288.342             
181000              2250                1462.48             338.39              792.589             222.752             
181000              3550                1655.7              518.614             0                   119.514             
281000              3300                1269.58             340.849             540.911             141.398             
181000              2750                1148.4              502.099             1048.51             92.9881             
281000              2800                1381.9              379.572             406.67              128.941             
181000              3000                1213.73             273.647             939.463             0                   
365000              2250                2233.88             502.966             370.471             108.443             
365000              3900                1141.12             483.418             1842.98             174.765             
268000              2500                2234.33             522.689             227.002             189.575             
281000              2550                1556.64             415.694             170.886             30.0877             
365000              2250                2349.87             590.006             102.344             143.42              
472000              3500                2257.15             628.591             -1.13687e-13        22.0063             
181000              2500                1807.21             534.191             389.229             181.662             
281000              2800                1243.44             325.329             549.925             0                   
365000              2250                1988.24             566.852             538.481             1.09902             
181000              3050                1435.66             383.903             273.618             118.127             
365000              3650                1116.85             502.099             1820.65             0                   
373000              3000                2245.55             620.527             -8.52651e-14        56.9192             
380000              2550                1910.71             710.561             -8.52651e-14        71.7631             
281000              2800                1190.36             308.457             653.353             62.6279             
365000              2250                2262.72             473.315             204.062             0                   
280000              3950                2131.72             595.419             -2.84217e-14        3.44787             
181000              3050                1628.16             520.445             29.9314             311.127             
181000              2800                1346.29             396.99              355.044             295.322             
281000              2550                1586.19             530.858             100.939             0                   
268000              2500                2241.76             495.084             290.058             84.4762             
172000              3950                2115.43             475.132             58.8094             0                   
268000              2500                1403.86             402.067             852.825             63.3114             
181000              3550                1644.56             478.859             20.7542             258.234             
181000              2500                1748.12             436.663             616.433             0                   
181000              3500                1534.37             355.106             490.272             88.5429             
181000              2250                2277.92             477.146             288.519             73.3669             
181000              2500                1936.46             478.143             398.316             72.2004             
365000              2250                2358.11             499.358             138.085             128.283             
181000              2250                2466.07             508.087             82.906              0                   
281000              2550                1897.82             694.635             -2.84217e-14        214.573             
278000              3450                1140.76             500.309             1587.55             318.776             
181000              3300                1221.44             385.043             468.136             179.579             
181000              2750                1131.95             502.099             1064.96             0                   
181000              2750                1307.87             266.997             942.691             19.385              
281000              3550                1583.24             432.935             135.899             5.06998             
281000              3500                1369.46             317.467             562.538             10.5049             
281000              2700                1298.57             399.956             972.73              38.7082             
365000              3650                1115.37             502.099             1459.07             54.0137             
181000              2250                1916.94             493.98              550.366             164.587             
181000              2800                1157.04             434.09              548.247             270.091             
181000              2250                1606.85             493.467             638.967             12.0217             
181000              3050                1833.84             541.397             -2.84217e-14        218.966             
278000              3200                1109.33             502.099             1211.78             60.5226             
268000              3550                1672.89             500.433             50.5454             219.323             
280000              3950                2122.95             669.431             -5.68434e-14        0                   
181000              2250                1789.57             448.016             573.3               53.155              
281000              2550                1261.19             502.099             551.569             99.0329             
181000              2250                2378.57             569.453             118.208             76.1757             
380000              3500                2099.67             688.016             -2.84217e-14        0                   
181000              2750                1548.44             322.862             711.035             0                   
268000              3200                1127.93             575.985             1611.11             34.5906             
181000              3550                1624.37             430.778             95.1251             89.3428             
181000              4000                1873.08             497.417             -2.84217e-14        242.257             
365000              2250                2157.52             557.472             383.336             0                   
181000              3300                1166.22             337.833             799.095             144.13              
181000              2550                1739.13             518.441             0                   46.3395             
365000              2500                2193.04             453.931             337.774             0                   
280000              4450                2218.39             654.943             -2.84217e-14        0                   
181000              2750                1125.88             502.099             1121.59             178.04              
181000              3300                1638.7              418.648             219.669             0                   
181000              3050                1427.39             457.995             248.847             221.141             
181000              2250                1812.64             438.57              570.982             163.015             
181000              2250                2538.08             578.624             0                   0                   
181000              3050                1185.64             318.011             620.278             208.262             
365000              2500                2387.25             584.934             0                   113.398             
281000              3550                1253.14             461.279             411.335             48.035              
281000              2800                1760.49             460.009             97.5588             0                   
368000              3900                1171.47             502.099             895.742             74.6954             
181000              3550                1187.57             342.041             553                 93.3981             
281000              2550                1301.63             502.099             407.799             0                   
181000              2250                1303.25             471.687             990.38              90.8957             
181000              2250                2306.34             519.648             287.056             1.32124             
268000              3500                2108.99             500.462             -1.77636e-15        0                   
181000              3000                2352.54             531.045             -2.13163e-12        0                   
281000              3300                1407.41             380.454             451.598             0                   
281000              3700                1182.32             303.535             892.701             75.7944             
273000              2550                1950.56             493.698             0                   0                   
365000              2250                2023.5              583.669             527.812             90.1451             
181000              2800                1734.7              482.118             11.9961             173.437             
181000              2550                1419.53             386.958             273.792             0                   
281000              3700                1196.11             322.862             862.852             0                   
280000              3500                2003.05             555.938             -5.68434e-14        276.935             
181000              3550                1803.96             545.317             -1.42109e-14        311.143             
181000              2550                1230.98             474.374             452.578             244.448             
373000              3000                2117.28             668.134             -2.84217e-14        45.096              
181000              2550                1219.31             320.701             601.861             180.38              
181000              2500                1671.12             375.096             430.397             28.5254             
181000              2500                1191.64             404.892             986.303             0                   
181000              2750                2322.62             552.829             -2.13163e-12        0                   
181000              3000                1208.36             502.099             750.929             64.1905             
181000              3550                1549.14             434.41              113.346             289.946             
181000              3050                1589.57             419.569             110.321             217.536             
181000              2500                2356.61             585.846             152.14              200.11              
181000              2250                1404.32             336.759             919.548             0                   
181000              2500                2209.71             547.239             244.93              193.811             
181000              2800                1149.88             519.5               593.856             319.078             
281000              3000                1300.2              307.273             744.972             0                   
181000              2750                2251.33             558.092             -2.03215e-12        139.9               
278000              3550                1784.51             512.637             -2.84217e-14        299.893             
181000              2800                1401.38             363.391             431.212             262.188             
181000              3000                1367.86             303.76              567.583             74.6954             
281000              2550                1711.29             450.997             74.089              88.9575             
181000              2550                1184.45             342.022             563.019             76.4432             
281000              2800                1845.98             478.381             2.02729             196.036             
278000              3550                1712.99             505.923             2.35099             183.338             
378000              2550                1961.86             633.069             -3.55271e-15        73.8633             
378000              3900                1191.24             502.099             822.498             0                   
181000              2250                1330.05             433.648             942.049             182.206             
181000              2500                2276.72             607.212             172.322             0                   
181000              2750                1345.92             460.505             911.046             19.385              
181000              2750                1429.67             331.508             859.782             93.5153             
181000              2750                1170.58             319.057             936.619             26.8408             
181000              2250                1414.66             469.755             884.29              45.7297             
181000              2250                1313.57             435.362             943.735             0                   
181000              2500                1405.04             314.925             869.529             310.488             
181000              2250                1338.07             283.924             907.747             54.4557             
