269000              2250                1642.64             587.994             1190.04             0                   
269000              2250                1489.91             316.797             1290.16             0                   
172000              2550                1163.28             305.265             781.901             216.653             
269000              2500                1825.44             385.79              765.871             30.8107             
269000              2250                1356.93             396.867             1450.26             327.553             
269000              2500                1691.83             485.713             1004.56             351.919             
368000              2500                2716.74             675.539             -7.10543e-15        0                   
181000              4600                1263.81             468.491             51.0755             39.0849             
172000              2550                1116.28             284.075             1086.83             81.0334             
268000              2850                1188.49             570.572             67.5602             247.023             
272000              3050                1101.05             306.812             867.644             0                   
172000              3600                1439.47             500.678             0                   329.843             
269000              2500                2365.67             505.981             454.879             78.7422             
269000              2500                1539.46             446.717             1107.94             0                   
172000              2550                1879.23             511.348             124.159             1.92781             
269000              2250                1233.76             261.791             1573.43             358.127             
172000              3050                1120.06             282.269             1083.4              103.082             
269000              2250                1343.88             381.488             1451.13             0                   
368000              2500                2313.09             654.816             332.889             0                   
269000              2250                2274.46             646.355             491.667             54.1256             
172000              3550                1155.91             361.674             730.456             0                   
452000              2500                2408.51             634.074             115.16              86.9289             
172000              3050                1483.86             405.797             495.011             2.39205             
269000              2500                1787.47             456.978             939.732             143.723             
377000              2800                1916.84             539.418             32.6316             422.284             
368000              3950                1080.98             295.796             928.281             0                   
368000              3950                1101.22             289.604             1158.06             0                   
172000              2550                1895.91             634.628             94.0941             167.246             
272000              3500                1086.02             359.249             1253.73             2.4599              
172000              2800                1344.77             544.555             558.425             198.4               
269000              2250                1211.68             250.183             1595.51             262.628             
269000              2500                1210.35             250.18              1596.95             133.026             
172000              3550                1254.24             347.023             572.178             0                   
268000              3600                1153.86             479.117             269.066             225.917             
172000              3100                1306.99             440.023             140.34              403.923             
269000              2250                2715.72             590.632             6.76089             91.2424             
268000              2850                1432.18             562.987             -2.84217e-14        319.508             
367000              5050                1701.43             508.13              -2.84217e-14        0                   
268000              3500                1095.05             529.565             956.135             121.413             
266000              3550                1471.36             476.163             42.131              246.647             
172000              4400                1356.29             459.601             253.713             0                   
272000              2800                1480.69             554.844             214.744             6.98563             
272000              3000                1005.37             362.745             1463.16             159.198             
172000              4150                1233.69             493.925             0.0998522           0                   
172000              4400                1191.34             533.865             68.6044             266.083             
269000              2250                2550.69             583.23              176.818             428.249             
268000              3600                1045.23             394.734             377.695             196.2               
269000              2250                2451.44             550.075             261.946             0                   
268000              4150                1184.87             558.631             19.9096             372.772             
377000              2550                1765.49             570.179             140.995             212.255             
268000              3100                1140.35             441.665             182.21              236.707             
377000              2800                1894.37             515.962             116.416             23.9443             
172000              2800                1115.47             382.516             769.649             224.264             
172000              2550                1123.88             295.796             842.707             0                   
272000              2750                1115.37             625.915             1219.45             51.2005             
172000              4600                1531.82             487.735             16.5824             0                   
268000              3600                1080.54             430.049             342.38              91.1767             
172000              2550                1798.69             690.451             113.017             68.0068             
269000              2500                1556.59             342.77              1190.93             249.837             
269000              2500                2080.3              609.855             694.573             68.9159             
172000              2800                1907.42             554.896             188.188             0                   
172000              2500                1273.61             382.798             1175.58             12                  
367000              2500                2257.25             547.907             357.635             77.1401             
172000              3550                1508.57             425.863             422.855             203.788             
172000              2550                1587.68             454.698             376.512             189.324             
172000              3600                1440.2              486.943             8.70587             155.334             
272000              3500                1085.75             506.709             968.663             0                   
269000              2250                1880.12             393.848             857.112             0                   
172000              2850                1261.55             501.989             0                   0                   
269000              2500                2683.76             583.422             47.0593             0.0573387           
269000              2250                1801.85             431.774             997.501             266.601             
272000              3500                1086.1              329.258             1116.91             251.963             
268000              3750                1314.13             387.966             518.991             0                   
269000              2250                1943.19             401.064             794.038             196.963             
269000              2250                2307.15             541.365             430.233             249.427             
269000              2500                2709.95             643.848             0.321089            80.0798             
272000              3450                1008.94             533.126             1866.08             88.7949             
172000              3600                1302.33             438.867             112.157             408.982             
172000              2800                1857.27             476.918             253.895             122.457             
269000              2500                1287.23             293.291             1507.78             0                   
172000              3550                1209.07             357.922             618.019             200.791             
172000              4400                1264.29             491.195             0.966326            290.307             
269000              2500                1597.76             353.084             1025.04             96.4682             
268000              4400                1267.93             426.257             219.725             0                   
452000              2500                2258.44             612.175             260.839             1.1141              
269000              2250                1439.26             405.263             1355.75             89.2905             
272000              3250                1026.87             254.871             1428.25             69.468              
172000              2550                1538.38             637.459             325.183             238.162             
172000              4400                1194.83             461.124             116.02              244.49              
172000              3100                1180.06             456.571             157.029             305.756             
172000              3050                1217.4              341.93              608.522             415.55              
172000              2550                1676.48             520.064             380.751             62.9581             
452000              2500                1994.43             523.509             470.589             0                   
172000              3550                1640.69             478.652             341.46              2.53776             
172000              3600                1352.67             471.955             65.2501             477.146             
272000              2750                1006.66             465.162             1552.64             159.198             
268000              5050                1139.3              468.491             423.954             24.471              
268000              4900                1221.47             424.571             254.425             0                   
452000              2500                2293.9              530.84              271.225             0                   
172000              3050                1144.64             288.675             1050.01             0                   
377000              2550                1848.77             549.511             48.2633             89.9115             
268000              5050                1385.65             527.594             -2.84217e-14        20.221              
272000              2750                1104.6              417.798             1230.23             51.2005             
264000              4450                2163.13             554.191             -2.55795e-13        0                   
377000              2550                1904.56             583.213             0                   338.255             
268000              4400                1142.53             468.491             67.4809             26.8019             
377000              2550                1812.86             540.365             81.028              303.168             
269000              2500                2497.82             550.075             239.241             219.269             
172000              2800                1332.69             369.584             678.51              137.134             
452000              2500                1780.01             503.049             844.593             0                   
268000              3100                1139.8              436.579             337.498             2.33097             
172000              3050                1125.42             308.794             696.981             52.1142             
172000              3300                1847.3              612.064             -8.52651e-14        115.889             
269000              2250                1242.84             280.448             1552.17             72.8572             
172000              2550                1590.31             639.855             272.451             0                   
269000              2500                2512.11             661.519             59.2036             18.3803             
172000              3050                2023.28             620.965             -2.27374e-13        173.336             
181000              4600                1172.7              468.491             272.527             0                   
272000              3500                1031.47             317.346             1337.3              131.458             
272000              2750                1021.85             225.594             1483.04             19.327              
269000              2500                1263.35             261.658             1360.32             196.17              
172000              3050                1519.33             427.241             434.488             279.432             
172000              2800                1269.47             465.162             660.331             373.43              
272000              3000                1050.48             465.162             1367.9              0                   
269000              2250                1285.74             322.696             1455.69             129.603             
268000              4150                1225.12             558.631             4.25123             308.861             
269000              2250                1992.59             442.383             744.642             102.366             
272000              2500                1377.57             297.22              1042.62             11.6237             
268000              4850                1203.04             522.326             0.00530331          117.418             
172000              3050                1119.95             487.633             769.741             175.936             
269000              2250                1444.94             309.271             1343.79             401.651             
269000              2500                2256.13             656.647             421.506             106.55              
268000              3600                1240.35             535.987             0                   0                   
452000              2500                2408.32             593.921             162.916             26.64               
452000              2500                2140.31             455.06              586.46              0                   
172000              3300                2106.7              656.659             -2.55795e-13        497.291             
272000              3250                1071.18             317.346             1229.81             310.455             
268000              3600                1305.95             449.023             167.691             163.568             
268000              2850                1173.44             558.631             89.4368             355.213             
368000              3450                1099.92             465.162             912.457             4.04687             
268000              3300                1214.07             479.525             43.3367             2.77924             
269000              2500                1222.18             564.104             1372.82             63.1443             
368000              2750                2649.3              623.263             -1.42109e-14        0                   
172000              2550                1754.36             519.305             333.635             468.573             
368000              3450                1071.29             465.162             964.895             72.185              
272000              2750                1006.66             233.823             1552.64             159.198             
268000              3500                1096.88             295.796             945.699             111.123             
172000              4100                1200.75             433.182             506.432             130.115             
172000              4400                1149.64             508.971             115.881             196.865             
377000              2800                1985.26             507.293             142.873             285.817             
272000              2750                1078.52             225.594             1282.62             0                   
269000              2500                2344.76             715.843             319.827             1.54385             
172000              3550                1203.38             497.399             120.046             1.27624             
269000              2250                1473.98             498.517             1245.63             152.647             
452000              2500                1941.07             402.183             738.501             19.9151             
172000              2800                1675.21             443.984             418.79              377.163             
172000              2800                1610.34             550.544             363.623             126.447             
172000              2800                1464.48             408.674             571.24              374.255             
172000              2500                1650.78             492.865             1041.72             175.638             
368000              3000                2593.26             671.334             -7.10543e-15        0                   
269000              2250                2575.62             583.422             152.92              57.6413             
269000              2250                2722.06             615.482             0                   0                   
377000              2550                1700.52             499.549             251.481             83.5985             
269000              2500                1801.94             513.101             862.973             231.676             
272000              3250                1091.31             514.732             1240.41             63.9235             
269000              2250                1650.81             410.197             1141.44             351.919             
272000              2750                1024.23             492.343             1474.81             0                   
172000              2800                1684.01             475.273             243.799             322.924             
269000              2250                2038.6              470.444             698.633             0                   
457000              4350                1019.8              502.709             1861.32             0                   
272000              3250                1092.21             382.477             920.629             196.37              
269000              2250                2178.32             507.448             615.935             159.581             
172000              2550                1299.99             465.162             639.506             0                   
172000              3600                1218.11             409.471             237.167             251.49              
368000              2750                2610.59             687.897             -7.10543e-15        218.409             
290000              2550                1965.77             606.199             4.37993             529.63              
452000              2500                2406.17             601.885             165.062             133.28              
268000              3250                1103.67             260.327             1365.73             0                   
368000              2500                2401.87             743.601             233.735             0                   
269000              2500                1220.24             287.817             1521.2              428.834             
172000              2550                2034.37             592.801             93.1925             140.007             
452000              2500                1652.54             385.199             915.559             234.101             
172000              2550                1430.1              598.307             432.66              95.03               
172000              4050                1434.36             438.976             255.783             0                   
172000              2550                1220.51             465.162             752.388             212.185             
368000              3950                1076.76             465.162             956.306             0                   
269000              2250                1197.95             251.792             1597.07             0                   
172000              3550                1552.2              560.896             -2.84217e-14        475.12              
172000              2550                1230.35             337.46              751.808             4.04687             
268000              2850                1322.27             473.013             46.6804             76.9783             
172000              3050                1098.68             465.162             867.909             72.185              
172000              3550                1891.25             562.009             -2.27374e-13        0                   
268000              2850                1228.05             558.631             1.29327             167.81              
172000              2550                2040.68             577.229             0                   0                   
268000              4150                1146.44             520.581             29.8651             235.092             
268000              3100                1167.18             399.732             339.422             134.132             
172000              4150                1175.39             501.647             132.622             141.408             
269000              2500                1594.45             513.101             1070.44             182.372             
268000              4150                1292.58             471.893             1.1906              103.542             
172000              2550                1294.3              369.529             706.699             235.764             
