300000              4000                1716.29             475.082             0.0213757           0                   
282000              6500                768.055             208.505             914.934             70.0711             
205000              3000                1803.85             3060.75             400.422             820.364             
205000              3000                1878.22             492.123             1154.15             0                   
412000              3000                1422.13             1509.54             336.089             203.751             
205000              3000                1649.95             495.392             1285.89             335.453             
412000              3000                1524.2              447.739             234.026             93.8747             
290000              6400                727.119             803.432             50.5382             0                   
322000              7100                1109.8              629.32              -5.68434e-014       212.006             
297000              3400                679.379             259.032             6.59143             0                   
402000              7100                876.308             238.61              0                   0                   
282000              7100                940.679             262.348             0                   0                   
312000              7700                706.147             211.936             0                   0                   
307000              6200                723.469             200.86              961.412             0                   
185000              8100                951.793             1226.73             1282.33             -4.54747e-013       
202000              3800                685.156             224.552             369.093             198.935             
322000              7100                1115.55             629.32              -5.68434e-014       0                   
297000              3000                1252.78             1673.88             761.662             245.66              
297000              5800                666.986             226.775             1244.37             0                   
185000              3400                1017.26             458.125             236.318             162.627             
202000              4800                694.25              224.552             455.938             0                   
300000              3000                1754.27             607.388             59.4434             234.228             
282000              7000                750.941             258.589             271.508             69.3309             
207000              3800                1247.87             1104.16             -2.84217e-014       102.775             
402000              6400                708.81              233.359             9.84565             0                   
185000              3800                717.205             1272.88             536.371             261.44              
185000              3400                741.835             1272.88             603.866             141.277             
227000              6400                1125.17             288.131             0                   0                   
185000              5800                784.268             221.96              1166.02             0                   
412000              3000                1452.78             394.464             324.387             230.628             
212000              6400                1274.95             1329.51             -5.68434e-014       252.276             
297000              3800                716.662             219.15              448.365             151.465             
300000              3000                1020.66             1522.56             759.675             117.16              
402000              7400                913.519             828.269             23.6908             -1.13687e-013       
185000              7700                882.587             776.755             -1.42109e-014       30.5093             
185000              4400                788.949             228.54              730.831             0                   
205000              3400                1706.27             495.392             141.527             355.951             
282000              3000                1134.22             349.128             1016.52             159.225             
185000              3800                757.486             256.501             35.5908             0                   
297000              7000                798.89              1134                1008.15             -4.54747e-013       
205000              3400                1771.53             483.823             149.676             174.729             
185000              6400                703.705             1366.34             427.146             167.896             
300000              3800                1816.92             1492.56             -5.68434e-014       300.141             
185000              6700                770.02              259.239             2.79344             0                   
185000              3400                701.671             225.113             988.184             0                   
300000              3000                1244.43             1625.39             619.794             395.932             
282000              3000                918.075             339.511             1123.31             345.315             
185000              7100                809.752             1272.88             438.637             -4.54747e-013       
322000              8100                1321.98             543.899             -5.68434e-014       23.7884             
282000              3000                974.123             279.631             1176.61             0                   
282000              4400                828.456             267.049             0                   189.659             
227000              6400                1216.07             1283.83             -7.10543e-015       135.643             
185000              7100                749.513             874.078             130.363             103.462             
297000              8400                778.486             366.026             84.0108             -1.13687e-013       
412000              3000                1110.23             1509.54             638.146             349.799             
412000              3000                1108.82             403.183             639.56              349.799             
322000              4400                1393.64             935.062             -7.10543e-014       0                   
297000              5600                749.261             206.161             1168.65             109                 
202000              6700                1324.77             1499.94             -1.98952e-013       0                   
185000              3400                796.141             1272.88             457.435             333.656             
297000              7000                666.696             678.846             430.753             -1.13687e-013       
290000              5800                786.662             230.339             211.143             315.431             
300000              3000                1032.04             334.546             902.3               313.777             
412000              3000                1048.81             335.785             764.722             0                   
297000              5200                756.429             201.757             1081.71             361.753             
210000              4400                1335.46             412.601             0                   0                   
290000              7400                869.226             216.411             427.194             230.358             
290000              6400                750.637             216.873             476.608             315.431             
317000              6400                1103.55             1253.12             -7.10543e-014       94.8493             
205000              3400                1699.6              1590.81             150.091             511.977             
412000              4800                1570.43             933.916             -2.13163e-013       0                   
185000              5800                727.362             221.805             705.573             234.662             
306000              4400                1456.21             1174.51             -1.27898e-013       110.936             
185000              5800                979.137             1272.88             58.7941             -4.54747e-013       
185000              5400                708.214             186.795             2060.23             0                   
412000              3000                1077.26             335.785             679.366             132.47              
185000              3800                689.062             230.864             843.722             155.485             
322000              3000                1022.83             368.275             744.49              117.16              
412000              3000                1737.06             545.463             21.3389             282.129             
300000              3000                1426.96             394.464             370.517             349.379             
412000              3000                1285.07             508.42              463.306             367.853             
412000              3000                1787.03             621.074             8.46295             168.68              
185000              3800                1246.43             757.213             0.316004            0                   
185000              5000                718.015             894.357             796.45              -1.13687e-013       
297000              3400                762.469             219.15              1022.61             0                   
202000              5200                2126.16             583.246             0                   110.917             
300000              4000                1714.89             1431.28             -5.68434e-014       0                   
185000              3400                755.096             225.113             844.87              275.561             
202000              6500                1593.64             1580.89             -2.84217e-014       0                   
412000              3000                1734.06             1514.07             28.6876             371.744             
326000              6400                1247.22             1396.79             -1.27898e-013       127.372             
322000              7000                1432.32             1056.39             -1.42109e-013       0                   
205000              3000                1323                410.025             1612.19             335.814             
412000              3000                1587.01             538.115             171.209             371.744             
282000              3000                1369.82             577.418             676.805             0                   
227000              5400                865.716             218.608             582.91              0                   
412000              3000                1046.2              1509.54             702.175             132.47              
399000              3400                1827.01             1477.58             -7.10543e-014       0                   
185000              6400                703.705             277.231             427.146             167.896             
412000              3000                1126.87             1608.58             720.727             0                   
322000              4400                1230.49             1055.22             -2.27374e-013       207.564             
282000              3000                1396.81             707.035             668.482             294.079             
297000              4400                680.435             224.094             160.944             42.4646             
412000              3000                1302.57             1509.54             445.812             360.448             
227000              7100                1063.93             1273.62             -1.13687e-013       0                   
282000              8400                707.429             264.228             1.39767             69.1157             
210000              3000                1549.86             3053.15             605.636             749.769             
210000              3000                1508.86             3117.85             712.288             855.107             
297000              6400                660.166             226.775             545.527             0                   
322000              3400                1039.17             1509.54             836.146             -1.13687e-013       
322000              3000                1563.75             494.856             263.397             63.4395             
412000              8100                1193.85             597.804             -5.68434e-014       0                   
282000              5200                825.285             216.273             1483.71             0                   
412000              3400                1776.62             566.609             5.83924             0.123509            
205000              3000                1802.52             495.392             1141.85             357.551             
412000              3000                1772.04             1549.56             8.46295             168.68              
297000              3000                1706.92             1677.94             198.623             303.866             
402000              6400                767.845             808.729             -3.55271e-015       47.923              
322000              3000                1175.45             1509.54             591.868             181.02              
205000              3000                1674.72             3060.75             479.388             642.229             
306000              3800                1790.61             1192.02             -1.42109e-014       90.2903             
185000              5800                726.118             1366.34             312.608             235.138             
412000              5400                1290.91             952.07              -1.7053e-013        0                   
200000              5800                824.037             229.92              51.4279             189.363             
282000              3000                1488.19             687.16              577.095             183.808             
412000              3000                1515.53             1509.54             241.827             94.6199             
185000              6000                678.851             192.149             986.601             0                   
297000              5200                692.021             203.481             1339.14             0                   
282000              7700                763.05              257.574             0.598246            170.71              
300000              3000                1286.52             1744.12             696.444             42.7123             
412000              3000                1291.74             401.739             485.619             0                   
205000              3000                1278.89             413.925             1656.3              114.709             
282000              3000                903.563             267.134             1517.56             107.819             
185000              3400                798.546             277.139             458.128             355.45              
205000              3000                1555.95             420.645             1390.85             98.464              
185000              6000                670.975             1366.34             780.159             0                   
185000              5400                731.037             192.149             1442.86             0                   
185000              7100                683.669             909.283             599.559             80.5519             
300000              3000                1795.61             660.17              0                   0                   
282000              3000                1271.7              367.009             912.159             0                   
185000              3400                930.987             1272.88             322.589             205.35              
185000              3400                903.471             322.398             350.105             0                   
402000              7100                826.29              959.494             0                   -1.13687e-013       
282000              3000                839.446             262.352             1206.28             185.539             
202000              5200                726.419             203.541             866.64              184.85              
297000              8000                701.402             366.026             502.733             -1.13687e-013       
290000              6000                703.408             1040.41             427.194             159.167             
412000              3000                1209.21             1509.54             539.172             42.7123             
297000              5200                768.512             204.438             605.939             361.753             
300000              3000                1652.69             1640.86             271.728             92.049              
402000              6400                710.933             226.775             38.8413             252.573             
185000              4400                790.509             249.361             197.24              179.98              
185000              3400                1182.33             429.508             152.117             66.5671             
185000              3400                790.18              1272.88             485.356             17.8487             
300000              3000                1643.58             498.949             159.697             369.714             
205000              3000                1835.35             507.642             1148.18             174.729             
205000              3000                1347.2              407.515             1599.21             0                   
205000              3000                1533.48             3099.71             661.47              620.642             
402000              7400                769.517             209.368             38.8413             249.588             
297000              7400                948.815             942.442             129.098             -1.13687e-013       
210000              4400                1417.06             942.718             -2.84217e-014       192.834             
210000              3000                1575.7              3053.15             579.802             576.624             
322000              3800                1157.22             629.32              -5.68434e-014       28.9806             
317000              3000                1568.88             1509.54             222.224             189.861             
326000              6400                1369.69             1433.35             -1.13687e-013       0                   
297000              6000                665.793             1107.34             427.194             480.132             
185000              3400                1011.25             1272.88             242.323             318.358             
322000              3000                1234.56             402.096             532.754             0                   
322000              3000                1697.85             1509.54             66.8283             0                   
185000              6500                812.692             239.33              306.636             235.138             
185000              5800                715.407             1366.34             323.319             0                   
207000              6000                861.785             244.943             189.826             0                   
205000              3400                1706.27             1590.81             141.527             355.951             
322000              4800                1288.56             554.01              -5.68434e-014       129.825             
412000              3000                1527.55             1509.54             229.81              371.744             
412000              3000                1781.62             1542.32             39.2036             0                   
185000              6700                823.202             838.891             -1.42109e-014       236.97              
185000              3400                1101.46             1272.88             152.117             66.5671             
402000              8000                778.497             310.18              333.763             -1.13687e-013       
322000              3000                1339.37             1509.54             427.942             0                   
297000              3000                1801.95             1608.58             85.1344             0                   
402000              6800                752.544             200.86              775.576             0                   
185000              3400                1047.27             426.736             220.531             297.559             
205000              3000                1656.51             3060.75             563.541             815.344             
412000              3000                1639.04             515.758             147.97              0                   
205000              3000                1451.98             405.924             1485.44             188.754             
402000              6400                742.045             959.494             235.61              -1.13687e-013       
205000              3000                1657.54             442.381             1281.86             0                   
202000              4800                713.722             892.952             369.093             79.3363             
185000              6500                913.948             1272.88             151.933             -4.54747e-013       
185000              4000                753.606             1040.53             361.14              132.527             
290000              8400                836.378             785.015             307.856             -1.13687e-013       
412000              3000                1608.47             1549.56             201.312             0                   
282000              5000                742.404             306.068             1.39767             97.0704             
322000              3000                1244.92             1509.54             522.396             319.783             
297000              3000                1450.83             1617.88             427.269             0                   
322000              3000                1156.56             433.282             610.761             319.783             
394000              4400                825.136             304.148             0                   0                   
185000              7700                827.541             733.229             -1.42109e-014       144.326             
202000              3800                685.178             984.407             369.093             180.979             
