85000               3250                2214.96             160.7               0                   13.4869             
60000               4770                1184.7              103.416             507.982             0                   
83000               2590                2637.66             130.573             618.743             2.46436             
101000              2570                3510.4              227.238             249.741             22.2885             
60000               4640                1193.33             189.802             359.282             12.7914             
41000               2610                3191.23             175.323             9.1479              0                   
41000               2720                2833.97             228.042             111.56              20.1177             
101000              2510                3711.75             224.685             408.783             15.9271             
60000               4140                1368.05             114.769             191.317             10.7441             
60000               4450                1356.23             106.503             191.382             0                   
143000              2900                1651.04             161.983             1.52837             5.18222             
60000               2970                1441.81             130.017             514.02              7.28483             
82000               2920                1451.35             225.638             537.377             0                   
101000              2740                1535.96             208.698             158.223             0.430749            
66000               2660                3352.17             179.027             7.47816             8.60692             
41000               4360                1189.42             109.898             406.312             10.7136             
41000               4030                1325.71             205.892             110.089             3.03468             
59000               2960                2242.8              227.795             0.655909            1.36425             
168000              2590                3723.99             176.426             13.1629             0                   
101000              2510                3627.98             222.039             457.604             26.7943             
41000               3720                1499.09             131.06              1.08986             11.8561             
124000              2520                3720.42             217.461             45.1074             0                   
101000              3470                1581.95             194.732             1.42363             9.83686             
145000              2600                3579.54             196.747             174.629             0                   
125000              3300                1334.74             100.343             510.106             3.83976             
82000               2710                3512.46             185.809             7.47816             0                   
104000              3500                1462.76             136.872             10.3115             0                   
41000               3780                1968.53             160.097             0                   0                   
60000               4990                1207.98             103.416             422.338             0                   
168000              2730                3511.65             187.459             5.70159             0                   
41000               4580                1323.68             151.314             0.132843            5.69327             
59000               2660                1824.3              228.6               21.3844             0.430749            
104000              2890                2210.87             158.633             1.69997             1.28586             
98000               2540                2720.75             148.454             502.683             0                   
82000               2860                1577.99             224.118             124.008             0                   
41000               3690                1329.89             98.2012             448.007             0                   
124000              2480                3322.61             174.957             631.087             9.69526             
98000               2600                2783.85             229.949             419.819             0.773254            
78000               2950                1522.66             215.118             35.6409             12.6967             
101000              2510                3556.21             201.376             470.9               10.0197             
123000              2820                2585.79             130.06              533.586             0                   
41000               4000                1704.08             118.876             54.5642             0                   
82000               4110                1551.95             104.908             289.303             0                   
59000               2720                3022.63             164.415             81.5041             4.26395             
60000               3020                1686.58             156.106             84.8618             11.5816             
101000              3060                1540.63             211.37              31.322              12.2122             
105000              3730                1785.52             126.245             13.1302             9.83926             
41000               3370                1507.23             107.872             317.932             4.77257             
105000              3470                1355.29             96.0421             529.585             1.31376             
122000              2910                1481.02             125.245             515.171             0                   
77000               2590                2905.95             153.448             408.407             0                   
63000               4240                1301.94             96.4214             521.946             0                   
105000              2960                1418.43             96.0421             532.662             0                   
118000              2700                1797.91             129.28              19.8667             1.7445              
125000              3470                1349.96             96.0421             450.819             0                   
61000               2690                1735.85             222.838             221.632             0.430749            
41000               3110                1332.26             129.731             482.01              9.63074             
41000               4140                1138.22             160.34              531.754             0                   
66000               4080                1225.42             166.855             459.556             7.98356             
105000              2570                3609.87             213.741             5.70159             0                   
148000              2940                1791.37             199.886             6.79051             0                   
105000              2510                3821.78             186.574             179.164             0                   
41000               3910                1169.26             130.659             514.256             0                   
60000               2870                1519.93             212.624             563.817             1.69828             
41000               4280                1302.03             121.497             20.3551             3.55133             
63000               3360                2047.25             160.098             -1.42109e-14        12.6739             
41000               2680                2872.14             120.399             516.335             2.26434             
60000               4520                1170.62             103.416             492.821             11.4776             
105000              3220                1287.31             221.519             531.854             0                   
168000              2630                3460.89             168.889             87.0492             0                   
124000              2510                3876.42             173.954             123.74              2.96871             
64000               4240                1413.76             128.594             1.13913             0                   
66000               4140                1280.07             178.221             406.771             0                   
105000              2860                1662.56             150.341             0.655909            11.5816             
85000               2540                3916.59             205.483             186.802             0                   
80000               3250                1734.82             220.958             0.655909            37.8516             
41000               4250                1282.36             142.536             0.279673            9.87416             
82000               2920                1374.26             151.09              559.312             1.83825             
123000              3270                1528.24             129.28              2.52243             0                   
145000              2540                3777.77             168.354             13.1629             11.4424             
41000               2780                2268.14             197.759             4.03607             1.16615             
60000               2850                1725.1              217.858             65.6403             11.5816             
81000               2940                2885.27             174.262             0.119948            0                   
41000               3090                1799.74             190.239             0.861781            11.5816             
82000               3170                1406.04             206.176             413.106             8.61246             
63000               3280                1386.19             186.277             488.265             0                   
124000              2520                3733.89             168.889             13.1629             0                   
41000               2610                3142.84             165.819             58.1795             9.65625             
82000               2720                1773.23             203.639             2.44                6.09632             
41000               2930                1762.03             147.184             374.833             6.926               
123000              2930                1465.5              123.015             68.0311             3.88668             
101000              2490                3565.78             211.197             461.71              15.9522             
41000               2610                3210.18             175.323             7.47816             9.70574             
101000              2510                3414.25             174.957             525.832             7.75535             
123000              2920                1681.52             227.304             1.69997             1.28586             
41000               2950                2973.6              140.135             423.812             0                   
145000              2640                3608.55             174.951             5.70159             0                   
41000               2630                2801.9              222.82              486.643             0                   
60000               4530                1146.65             180.18              396.207             12.7914             
105000              2920                1425.97             159.363             476.183             1.83825             
41000               2950                1424.77             163.869             495.874             7.28483             
41000               3970                1112.28             129.73              522.705             12.1555             
41000               3200                1315.64             200.304             578.793             0                   
185000              2600                3494.95             222.468             100.411             0                   
78000               3070                1879.58             175.168             444.232             0                   
63000               3390                1492.67             165.222             275.638             0                   
64000               2670                2655.53             131.249             644.908             4.7287              
41000               4690                1149.04             112.55              384.906             2.73002             
41000               2920                1862.5              227.904             391.109             0                   
168000              2510                3649.31             176.659             211.929             0                   
104000              2900                2129.24             214.012             1.69997             1.28586             
41000               2940                1356.52             107.184             525.298             7.28483             
104000              2540                3814.51             227.937             270.38              0                   
78000               2710                1732.9              186.473             178.405             0.430749            
121000              2520                2739.83             217.829             645.517             1.70903             
143000              2510                3398.71             219.055             484.018             11.2435             
105000              2620                3633.47             172.314             55.5612             0                   
60000               4390                1158.79             215.19              419.216             12.7914             
143000              2990                1465.8              129.28              71.6606             0.486274            
105000              3220                1326.3              201.39              475.6               4.00657             
38000               3440                2449.41             226.739             271.375             0                   
82000               3020                1888.06             131.131             317.02              0                   
101000              2740                1584.61             122.223             42.8661             3.18403             
41000               3890                1316.61             109.843             472.665             11.6189             
41000               2570                2725.57             120.661             529.893             4.7287              
108000              2570                3158.72             180.291             408.133             0                   
41000               2740                2350.15             147.294             4.03607             0                   
66000               2590                2970.94             208.681             465.669             0                   
41000               2560                2843.94             210.375             419.227             2.96483             
101000              2590                3565.14             174.957             381.554             7.75535             
143000              2510                3243.67             219.055             598.087             2.63052             
101000              2800                1581.07             224.657             20.273              4.73259             
101000              2500                3343.33             217.484             616.11              1.60353             
99000               3350                1912.59             151.887             26.9841             0                   
60000               4490                1174.71             121.385             444.101             11.4776             
101000              2510                3737.89             225.241             460.758             7.75535             
41000               3170                1373.4              215.79              436.156             9.63074             
60000               2880                1821.89             227.148             0.655909            33.1468             
125000              2730                2570.1              221.461             360.911             0                   
123000              2810                1521.85             139.824             117.369             1.7445              
60000               4200                1376.82             106.503             166.981             2.76055             
41000               4140                1385.69             121.405             42.1943             11.4696             
60000               4780                1208.55             198.77              382.143             1.31371             
66000               4190                1255.25             178.395             432.552             9.52372             
105000              3140                1262.7              168.104             573.884             0                   
64000               4020                1374.51             95.9303             551.948             10.5711             
41000               2920                1516.4              229.906             584.736             11.5508             
105000              2940                1486.66             105.78              433.975             0                   
143000              4000                1350.06             121.903             130.866             0                   
41000               2630                3079.18             227.578             325.399             0                   
81000               2570                2561.65             222.719             520.532             2.52066             
41000               2910                2064.92             151.929             1.7897              11.5242             
98000               2540                2634.2              190.706             466.055             0                   
63000               2680                2822.24             126.044             547.569             0                   
143000              2670                1846.42             157.497             66.4775             2.92061             
41000               3390                1363.96             224.016             423.151             0                   
41000               2620                3129.64             171.69              254.146             0                   
60000               4220                1328.15             166.375             150.74              0                   
82000               3110                1672.28             226.201             0.655909            35.6434             
168000              3100                1732.03             150.656             1.77434             0                   
85000               2550                3622.2              206.723             225.849             0                   
41000               4220                1102.02             116.085             526.931             7.98356             
101000              3250                1555.14             224.118             181.88              0                   
41000               4690                1130.98             112.55              472.906             10.7136             
41000               4640                1268.84             142.536             40.3046             10.3908             
41000               3420                1998.34             178.462             0                   0                   
59000               2700                3374.49             163.723             339.666             0.225492            
126000              2660                1782.65             166.965             19.1118             4.23436             
123000              3280                1456.15             163.374             5.24264             4.3269              
66000               4220                1284.08             138.222             384.071             0                   
82000               3940                1260.12             103.416             464.149             9.43709             
78000               2650                1900.36             127.331             71.6404             0.430749            
41000               3970                1426.57             203.118             2.9061              0                   
41000               3440                1341.3              125.513             16.4523             0                   
41000               2920                1967.66             146.386             124.145             2.44216             
63000               4490                1354.56             121.454             44.3507             11.4696             
66000               4210                1557                169.122             1.10784             0                   
82000               3030                1307.25             189.319             609.568             0                   
80000               3280                1737.51             218.843             4.49875             18.2439             
105000              3160                1366.86             108.172             467.498             7.66818             
41000               3230                1527.57             115.493             230.905             0                   
63000               2580                2467.06             223.116             560.164             0                   
149000              2540                3578.54             169.693             233.719             0                   
41000               2540                2488.1              146.95              530.684             0                   
41000               2870                1780.57             221.887             103.926             2.23994             
38000               3390                2384.01             227.226             101.805             2.76441             
123000              2660                2713.49             120.661             565.691             0                   
123000              2700                2424.29             174.471             535.108             0                   
60000               3910                1424.38             128.942             1.08986             14.7979             
78000               2740                1702.06             141.216             20.273              4.73259             
124000              2480                3595.05             174.957             460.654             7.75535             
41000               3120                1492.64             103.779             332.888             0                   
41000               4440                1293.13             95.9303             520.595             0                   
101000              4060                1383.9              121.903             68.0542             0                   
41000               2600                2746.83             177.177             518.588             0                   
81000               2600                2495.69             186.432             527.596             0                   
88000               3910                1382.78             134.118             11.4257             3.55133             
41000               3000                1316.74             107.184             534.12              0                   
41000               2820                2699.23             146.95              475.398             0                   
41000               4020                1389.82             95.9303             545.479             8.18218             
