105000              2640                1398.8              125.652             443.935             0                   
105000              3550                1291.23             200.892             79.6556             0                   
42000               2590                1920.17             127.795             17.4651             10.912              
42000               2830                1784.83             115.998             347.787             0                   
42000               2410                1555.94             119.703             441.135             0                   
123000              3160                1869.03             160.706             0                   9.44345             
38000               2830                2978.96             212.362             294.332             11.5111             
86000               2850                1401.38             166.855             308.802             4.32772             
42000               2410                2232.5              170.109             1.42982             1.92422             
63000               2840                1428.95             192.174             91.643              0                   
42000               4420                1501.05             158.024             1.48991             0                   
42000               3550                1395.68             221.005             2.11383             0                   
106000              3090                2805.08             224.87              0                   0                   
42000               3350                1127.98             106.582             463.448             0                   
38000               2510                3398.85             221.74              226.776             0                   
41000               3230                2611.93             228.111             20.8746             23.6278             
123000              4260                1370.1              116.601             233.574             0                   
42000               3970                1217.68             103.338             466.021             4.25057             
38000               3050                2692.54             166.306             389.131             0                   
42000               2420                1876.24             228.166             50.9282             1.92422             
42000               2450                1445.89             226.093             398.423             0                   
42000               2410                1671.76             145.352             148.074             9.51455             
42000               2470                1866.32             217.898             0.547479            16.8287             
105000              2780                1501.76             103.67              402.082             0                   
63000               3220                1489.89             123.017             187.7               11.4676             
38000               2880                2988.97             162.869             294.403             8.60661             
123000              3320                1607.96             100.776             318.881             0                   
190000              3230                4262.25             229.685             -1.42109e-14        28.1497             
42000               4300                1225.78             157.271             299.441             2.24313             
83000               3570                1560.46             199.969             2.11383             0                   
105000              3660                1363.44             156.585             0.858438            3.58442             
82000               4000                1257.22             92.2586             371.747             0                   
41000               2600                2998.49             163.547             11.0974             0                   
105000              2720                2849.6              163.965             11.0974             0                   
38000               2830                3009.49             220.558             330.833             8.52529             
105000              2880                1366.64             206.926             8.35791             7.26219             
41000               2600                3284.86             182.622             7.4008              3.62309             
42000               2850                1205.82             136.924             406.583             4.32772             
101000              3630                1211.35             89.6736             499.084             0                   
82000               2760                1748.97             226.311             0.157824            7.12455             
105000              2510                1795.43             137.944             0.157824            6.28132             
42000               3250                1357.21             228.574             6.90018             25.7147             
42000               3520                1622.81             201.143             0.858438            5.08239             
38000               3090                2168.97             228.125             88.2702             0                   
129000              2600                3367.45             229.781             1.01628             1.02106             
42000               2380                1931.08             136.832             25.0916             4.536               
42000               2670                1556.9              122.253             210.907             7.26402             
38000               3060                2818.9              175.479             250.685             7                   
38000               2720                2820.13             199.683             363.406             12.752              
171000              2690                3099.17             180.987             0.0482896           0                   
38000               2720                2839.17             166.604             477.99              0                   
82000               2520                1414.05             212.384             393.089             10.354              
86000               3770                1283.45             139.428             102.5               0                   
38000               3750                2045.23             154.84              30.8155             1.61451             
42000               2880                1714.99             122.62              160.971             8.61933             
105000              3250                1263.3              165.793             133.713             0                   
61000               2530                1661.75             228.082             29.3982             8.71753             
105000              2570                1632.4              202.428             87.8629             5.50683             
129000              2720                3466.79             214.191             4.73627             0                   
105000              2400                1792.87             209.254             1.33046             10.8985             
63000               2440                1807.23             221.577             0.547479            27.0941             
42000               3110                1247.5              104.423             329.232             3.93336             
101000              3750                1193.03             98.1942             469.092             0                   
86000               2400                1849.84             127.795             49.9722             8.20079             
82000               2400                1910.03             134.442             28.783              1.92422             
42000               2430                1941.32             126.489             145.479             6.28132             
42000               2560                1715.61             102.582             460.91              0                   
101000              3940                1468.89             118.709             111.098             2.95404             
63000               2750                1615.64             209.295             29.3982             15.0113             
63000               2820                1464.13             152.284             4.11578             12.8769             
123000              3040                1425.36             95.4318             469.376             0                   
38000               2680                3069.13             229.788             388.55              1.84478             
42000               2610                1437.04             117.324             423.344             5.7522              
42000               2810                1390.37             106.451             468.8               8.18034             
105000              3050                1359.93             210.693             8.84261             14.8551             
38000               2950                2876.65             154.869             392.447             3.95434             
41000               3280                1909.95             228.908             336.474             0                   
86000               2640                1595.57             128.187             53.8135             13.1931             
105000              2540                1410.7              207.364             398.798             0                   
84000               2690                1327.32             113.72              396.838             7.27906             
42000               2740                1561.55             221.464             161.987             7.11523             
38000               2510                3124.41             195.725             273.486             4.51112             
65000               3860                1300.9              139.428             0.858438            2.83913             
101000              3890                1223.68             88.5516             401.691             0.877232            
105000              2400                1369.86             155.361             581.863             0                   
42000               3440                1463.15             112.049             296.11              0                   
42000               2470                1530.31             214.878             490.731             0                   
63000               2610                2801.36             228.978             148.065             1.20132             
61000               4110                1248.91             182.229             242.193             0                   
42000               3130                1487.72             100.479             450.146             2.33258             
42000               3440                1162.28             157.213             402.551             0.800448            
42000               4030                2244.66             150.304             0                   0                   
84000               2440                1320.65             102.822             463.934             0                   
42000               2410                1871.16             205.527             0.547479            4.536               
60000               2430                2285.8              158.664             0.530511            6.5931              
42000               2800                1497                158.566             4.11578             11.2393             
111000              3540                1483.78             146.015             2.11383             0                   
63000               3320                1167.15             142.56              520.031             0                   
122000              2460                1610.95             168.156             377.103             2.90412             
38000               2910                3420.94             219.055             112.571             0                   
42000               3720                1164.45             107.805             414.908             4.91733             
42000               3640                1344.35             124.698             41.6246             6.21632             
82000               2770                2801.6              194.156             21.8698             0                   
42000               2420                1860.36             197.138             398.841             0                   
63000               2830                1378.23             123.898             6.90018             7.26219             
42000               3420                1303.82             139.428             2.90583             8.96849             
103000              2430                1679.91             137.285             147.209             9.51455             
63000               2580                1425.05             160.466             540.85              0                   
105000              3540                1281.5              136.898             82.8516             5.24916             
42000               4300                1193.63             132.733             287.707             7.16046             
38000               2540                3075.33             174.228             388.55              3.98219             
105000              3250                1363.77             198.268             6.44655             0                   
38000               2560                3050.22             217.39              222.5               13.1956             
63000               2730                1404.06             188.88              230.469             6.47175             
65000               3520                1645.96             122.727             69.7145             8.98952             
102000              2800                1419.44             226.922             72.5098             16.6359             
111000              3570                1450.33             174.6               2.11383             0                   
83000               4020                1511.21             126.159             3.81081             4.76848             
82000               2770                1408.35             227.231             395.905             0                   
65000               3220                1349.58             172.167             10.7331             13.7149             
38000               3320                2214.53             212.509             101.797             0                   
38000               2770                3144.61             181.275             199.661             7.20602             
41000               2660                3267.4              173.805             7.4008              10.2488             
61000               2430                1436.39             102.822             458.226             4.61432             
41000               3250                2615.71             186.238             2.54752             10.5862             
61000               2500                1325.86             146.194             463.934             2.20541             
105000              2640                1424.53             173.715             392.403             5.27939             
86000               2470                1765.03             225.581             1.97744             1.92422             
42000               3300                1364.52             215.883             98.9002             4.61864             
38000               2510                3163.59             162.869             222.258             11.5111             
63000               2370                2160.72             229.321             1.97744             1.92422             
104000              3250                1567.1              106.272             307.233             7.44646             
42000               3360                1286.88             176.651             299.926             0                   
59000               3830                2045.73             169.001             0.171702            0                   
123000              3610                1366.62             88.3743             325.006             0                   
42000               2730                1564.5              212.238             368.583             2.19109             
38000               2510                2913.72             155.385             436.811             0                   
42000               4360                1224.47             115.962             282.675             0                   
123000              3830                1354.15             101.255             272.207             2.06691             
105000              3020                1407.71             123.898             9.27004             0                   
63000               2410                1811.15             128.873             49.9722             10.779              
83000               4290                2190.48             156.239             0.145418            0                   
105000              2420                1526.38             126.606             524.47              0                   
41000               2880                3202.38             221.123             7.4008              7.77385             
101000              4230                1508.39             111.964             130.979             0                   
38000               3000                3130.35             226.027             232.258             8.52529             
42000               3410                1242.03             145.791             334.245             6.90787             
41000               3080                2011.37             228.729             545.693             0                   
123000              3050                1654.66             121.057             341.785             0                   
38000               2520                3138.8              229.977             233.999             10.9476             
41000               3250                1835.34             226.283             475.252             0                   
85000               3150                1427.25             100.479             450.146             2.33258             
78000               4080                1437.17             97.8635             464.16              0                   
38000               2510                3063.96             192.342             325.746             13.0025             
42000               2460                1817.87             156.645             384.681             0                   
42000               2840                1447.86             138.124             2.17249             0                   
42000               3610                2389.72             165.723             0                   0                   
42000               2390                1594.41             229.697             601.443             2.25409             
86000               2590                3272.95             211.088             276.429             0                   
86000               2530                3313.05             166.352             256.559             0                   
65000               3240                1344.13             123.898             113.605             0                   
38000               2880                3092.09             223.363             275.01              1.52529             
42000               2670                1351.14             171.93              507.28              0                   
82000               3110                1378.95             225.933             16.1112             0                   
125000              2590                3363.02             228.473             106.179             0                   
143000              3540                1461.26             118.376             267.519             0                   
101000              4050                1431.71             105.018             195.384             0                   
82000               3900                1643.21             118.226             182.107             0                   
105000              2470                1306.53             112                 541.328             0                   
101000              3020                2128.58             156.192             0.76197             0                   
79000               2800                2877.12             224.617             284.452             1.32122             
84000               2610                1375.51             204.041             402.615             4.18745             
42000               4080                1163.18             112                 387.068             0                   
65000               3910                1493.23             123.898             7.37207             0                   
65000               3270                1293.82             190.158             102.733             11.4716             
80000               4320                1441.62             102.931             381.512             2.52623             
42000               2500                1682.89             183.993             127.207             4.01699             
63000               4530                1230.92             146.889             278.422             4.88253             
105000              2690                1492.18             120.258             79.0043             7.26402             
99000               2430                2129.64             158.664             0.530511            7.88731             
38000               2620                3071.43             166.604             311.505             1.40285             
42000               3360                1458.45             123.017             56.8484             11.4676             
42000               3300                1418.65             123.898             8.27138             0                   
38000               2630                3011.16             162.869             349.855             11.5111             
209000              2630                3509.62             178.074             3.30408             1.70837             
42000               4360                1433.78             102.931             414.079             0                   
41000               3110                2430.21             200.555             52.8086             22.8913             
84000               2730                1439.97             179.265             442.745             0                   
86000               3270                1304.4              144.659             46.6566             11.4716             
152000              2550                3275.42             180.987             0.0482896           0                   
42000               3050                1380.86             214.855             81.5309             16.4733             
86000               3190                1355.37             123.898             10.7331             11.4716             
101000              2480                1606.79             141.285             377.103             3.769               
65000               2820                1464.82             100.479             467.996             0                   
61000               2670                1454.44             220.891             398.798             2.12102             
105000              2410                1804.33             171.816             1.50154             1.92422             
42000               2380                1717.92             158.664             4.85415             5.93646             
42000               3600                1136.18             104.388             467.177             1.92476             
61000               2440                1386.71             198.151             470.699             0                   
38000               3700                2110.09             156.792             0.171702            0                   
