264000              7100                1949.22             191.433             97.0882             24.6127             
175000              7100                1703.21             163.869             554.84              0                   
264000              7100                2322.04             225.591             0                   2.99137             
264000              10200               1359.91             141.362             0.671952            4.96372             
215000              10000               1681.65             387.812             0.608924            0                   
223000              8350                954.706             132.161             385.31              6.49384             
215000              8950                1735.49             286.221             0                   0                   
221000              6700                2960.67             594.091             264.967             17.1856             
175000              7400                1625.17             764                 854.479             0                   
223000              8650                950.162             645.454             543.431             0                   
312000              7100                1461.48             886.231             711.37              0                   
264000              7100                2111.93             214.689             33.9135             0                   
221000              6700                2907.25             594.091             265.313             0                   
221000              6700                2687.22             305.71              319.154             11.5491             
269000              7000                2366.68             430.897             598.425             0                   
175000              8950                1655.56             498.511             -7.10543e-15        17.5243             
264000              7100                1570.95             221.667             349.848             11                  
264000              7600                2201.9              240.537             2.90087             0                   
221000              6700                3073.95             599.901             123.626             0                   
175000              7600                1244.68             149.707             462.833             26.8555             
175000              8850                1070.05             134.484             52.5919             0                   
175000              9100                1404.85             148.572             0                   26.9173             
175000              7100                1548.42             626.812             597.69              9.93171             
175000              7100                2791.77             609.557             -7.10543e-15        13.9817             
221000              7000                3296.48             476.828             62.6531             0                   
221000              6700                2765.65             305.71              384.311             8.00867             
223000              7100                1838.17             241.284             0                   14.8467             
223000              9350                967.27              131.267             453.739             0                   
264000              9400                1365.7              141.362             0                   14.3695             
175000              7600                1286.07             183.981             413.676             10.2079             
221000              6700                2915.94             317.475             291.965             13.9864             
175000              8800                1074.36             125.549             396.674             10.2079             
175000              7100                1995.31             577.279             0                   5.47109             
223000              8850                960.8               132.161             187.141             0                   
264000              7100                1606.6              182.481             134.965             10.3706             
221000              6700                3101.88             262.975             0                   22.9908             
264000              9200                1488.68             552.95              0                   0                   
223000              8100                1252.46             480.828             0                   9                   
223000              7600                1251.5              157.011             0                   10.2079             
223000              7400                2465.76             565.727             -2.13163e-14        0                   
221000              6700                2508.58             216.325             406.626             13.6058             
175000              8600                1155.96             125.549             584.497             6.23871             
175000              9650                1240.62             130.836             597.557             0                   
175000              7400                1552.58             412.067             597.69              9.93171             
175000              7100                1809.79             223.998             73.5539             0                   
175000              8400                1505.07             132.161             7.04397             26.7314             
224000              7400                1543.09             466.944             898.293             24.2869             
223000              7600                993.822             479.987             556.483             0                   
223000              8650                954.217             493.158             387.08              0                   
175000              7600                2571.07             262.26              0                   0                   
175000              8300                1164.32             190.737             32.1193             22.2617             
223000              7600                995.317             391.917             466.917             0                   
215000              8600                1114.59             522.97              52.5919             0                   
175000              9150                1322.97             178.878             1.57466             5.76723             
264000              8900                1799.22             215.737             0                   0                   
175000              7600                1293.32             482.369             91.9756             25.5709             
223000              8800                1065.84             592.509             52.5919             0                   
221000              6700                3033.4              283.215             89.5574             26.5903             
175000              8100                1430.6              563.814             -1.42109e-14        25.2622             
222000              7650                3017.57             642.76              -2.84217e-14        0                   
222000              7900                1179.87             666.166             662.153             0                   
222000              7100                1651.3              594.495             100.295             27.0231             
175000              7600                1070.19             133.01              475.947             23.7429             
175000              8950                1651.12             498.511             -7.10543e-15        27.0598             
175000              7100                1618.42             777.151             747.043             0                   
223000              7100                1789.16             223.998             1.57466             3.83154             
221000              7000                2350.08             476.828             787.569             0                   
223000              7100                1607.15             751.321             629.658             0                   
222000              7100                1811.55             620.098             2.35263             17.6784             
175000              8300                1020.11             132.161             189.704             0                   
175000              8850                1017.42             132.161             210.27              12.2506             
175000              8600                1734.77             469.99              -2.84217e-14        27.8084             
264000              8900                1235.56             167.742             36.8973             5.66613             
221000              7000                2386.5              452.645             598.425             11.612              
175000              7600                1310.65             624.292             0                   14.7274             
223000              7600                1002.24             136.848             526.246             11.0217             
175000              7600                1972.56             278.703             1.57466             3.83154             
175000              9150                1305.88             127.59              480.021             3.42517             
223000              8100                984.005             672.369             282.901             0                   
175000              7600                1306.55             148.22              172.504             20.8289             
175000              7900                1302.05             595.121             169.808             10.2079             
223000              7400                1570.94             351.092             597.69              9.93171             
264000              7100                2283.7              557.994             -1.42109e-14        17.3184             
264000              7100                1575.79             594.495             202.645             11.8036             
264000              7100                2010.62             193.215             48.5039             11.1524             
175000              10300               1794.85             363.456             0.608924            0                   
175000              7400                1484.34             476.828             191.198             9                   
264000              7400                1446.55             572.606             948.196             0                   
175000              8100                1285.11             554.73              86.9756             20.8289             
175000              7600                1306.54             196.385             509.988             0                   
221000              6700                3153.13             262.73              0                   26.133              
221000              6700                3192.85             321.988             18.6037             13.6058             
264000              7100                1621.2              188.49              115.589             27.117              
312000              7100                1464.58             694.814             516.856             0                   
175000              9150                1169.09             151.064             0                   10.2079             
175000              8100                2704.24             609.557             -7.10543e-15        0                   
222000              7100                1701.18             516.207             46.5072             27.0231             
221000              6700                3233.32             642.831             36.7845             12.9846             
175000              8150                1104.45             149.543             591.638             0                   
175000              8650                1527.2              144.944             0                   0.929951            
175000              7600                1257.69             391.917             158.122             25.5709             
175000              9700                1240.66             142.983             36.62               0.301705            
175000              7100                1591.14             573.042             555.434             24.2869             
221000              6700                3013.5              528.697             143.206             26.133              
175000              7600                1319.61             148.22              172.504             9                   
264000              7100                1465.19             176.238             599.603             10.6155             
221000              7000                3379.69             636.854             42.937              0.125159            
221000              6700                3001.28             256.07              231.736             0                   
175000              7600                1321.83             585.292             -7.10543e-15        26.948              
175000              8950                1766.83             498.511             -7.10543e-15        9.25719             
175000              7100                1792.28             173.688             283.5               0                   
175000              9150                1313.37             127.77              352.204             0                   
175000              7600                1294.84             158.484             0                   25.5709             
223000              8600                1345.34             132.161             39.395              10.2079             
175000              7100                3014.65             323.374             0                   0                   
175000              7100                2948.74             607.787             -7.10543e-15        0                   
175000              7600                1319.12             150.672             21.9377             0                   
175000              7600                1311.59             601.179             31.8966             0                   
175000              7100                1667.08             298.914             381.622             24.2869             
175000              8100                1063.78             672.991             185.735             10.2079             
222000              7100                1577.48             706.361             589.469             23.9977             
270000              8650                987.887             553.696             187.141             0                   
175000              9350                1106.74             125.549             566.992             1.22331             
264000              9350                1414.78             173.768             0                   0                   
264000              7400                1449.77             476.828             754.268             0                   
221000              7000                3229.05             510.056             36.7845             4.79577             
264000              7100                1467.75             177.068             384.166             0                   
223000              8100                978.04              136.848             284.268             0                   
175000              7600                1183.35             482.369             546.201             0                   
175000              7600                1298.61             158.484             21.9377             15.363              
262000              6700                2471.19             503.564             465.435             0                   
175000              7600                1257.32             391.917             275.878             0                   
223000              8100                1242.94             469.005             -1.42109e-14        18.2841             
175000              8100                1688.08             596.635             -7.10543e-15        4.63555             
221000              6700                2434.33             224.336             545.419             8.39581             
264000              9900                1334.67             141.362             30.2631             0                   
175000              8300                1013.85             132.161             489.833             5.25116             
175000              7100                1814.6              492.59              64.9226             3.83154             
175000              8600                1513.34             563.814             -1.42109e-14        19.214              
223000              7600                1249.94             148.22              194.234             10.2079             
221000              6700                2358.63             667.007             791.775             0                   
175000              7600                3065.94             480.351             -7.10543e-15        15.2248             
264000              8100                2202.04             229.221             2.99642             0                   
223000              7600                993.794             136.848             558.892             0                   
264000              7100                1760.16             282.855             30.0096             27.0231             
175000              8100                1269.02             170.589             41.9667             25.5709             
224000              9450                1435.95             571                 6.64745             0                   
224000              7400                1626.54             466.944             773.911             0                   
215000              8600                1266.52             570.674             40.1143             21.389              
175000              7100                1950.35             288.709             1.57466             15.6707             
312000              7100                1459.84             886.231             896.271             10.6155             
264000              9700                1384.23             552.95              0                   0                   
175000              7100                1822.89             626.703             1.57466             15.9004             
175000              7100                1548.35             664.804             689.989             24.2869             
223000              7100                1787.47             659.099             69.2512             0                   
264000              8450                1675.61             552.95              0                   0                   
175000              7100                2020.52             210.799             0                   5.47109             
175000              9650                1364.36             127.129             0                   12.1434             
175000              8100                1013.05             132.161             239.773             10.2079             
221000              6700                3155.55             262.73              0                   17.9442             
175000              8150                1500.99             160.597             0                   9                   
175000              7600                2784.41             609.557             -7.10543e-15        0                   
175000              8650                1533.58             594.349             -7.10543e-15        0.929951            
221000              6700                2363.42             754.325             729.738             0                   
175000              8300                1051.21             132.161             52.4824             12.2506             
264000              7100                1568.78             223.144             316.143             2.9723              
312000              7100                1462.93             694.814             701.757             10.6155             
264000              7400                1460.8              670.187             689.796             10.6155             
220000              9150                2079.96             228.759             0                   0                   
175000              8650                2534.63             258.818             0                   0                   
175000              7100                1817.48             202.133             251.319             15.3824             
264000              7100                1696.99             512.319             46.81               27.117              
304000              10000               1500.36             480.264             -2.84217e-14        0                   
264000              7400                1448.12             476.828             939.169             10.6155             
175000              7100                1884.54             236.071             1.57466             18.9749             
175000              7600                1192.18             176.096             443.31              20.1571             
223000              7600                996.924             391.917             441.112             11.0217             
221000              6700                2481.52             281.373             517.092             11.5491             
175000              7100                1698.76             581.762             418.1               0                   
221000              6700                3074.83             312.236             82.6407             0                   
175000              8150                1124.32             615.749             340.436             0                   
175000              7100                1548.88             195.064             597.69              24.2869             
221000              6700                3073.07             312.236             58.8095             8.18882             
221000              7000                2393.81             590.021             730.425             0                   
175000              7600                1028.02             391.917             422.421             10.2079             
223000              8850                977.37              131.267             598.516             0                   
264000              7100                1705.22             171.539             526.676             0                   
175000              7100                2059.59             210.643             0.106825            26.465              
175000              8100                1047.61             125.549             560.541             10.2079             
223000              7400                1626.36             498.888             629.658             0                   
221000              6700                2453.6              196.176             590.319             12.3763             
221000              6700                2436.89             192.106             598.425             0                   
221000              6700                2540.3              262.926             463.989             0                   
175000              8850                1096.85             131.267             52.4731             20.0871             
175000              7100                1588.53             195.064             597.69              9.93171             
175000              7600                1322.06             596.635             -7.10543e-15        9                   
223000              7600                1203.49             150.672             153.597             0                   
223000              8100                1249.52             160.634             21.9377             0                   
175000              7600                1026.49             132.161             514.397             10.2079             
175000              7100                1632.33             202.133             473.308             0                   
