214000              7600                1090.92             164.339             1036.35             0                   
351000              5900                3315.25             1174.12             2956.36             1.27596             
174000              7300                1378.93             1226.29             101.082             0                   
134000              6300                3282.59             266.416             0                   0                   
134000              6400                1949.71             666.005             2143.81             0                   
271000              9450                839.696             666.462             0.00928392          13                  
134000              6300                3816.74             832.595             -2.84217e-14        17.5859             
313000              7800                1104.76             776.852             192.324             0                   
225000              9950                886.932             903.659             0                   22.7223             
86000               7500                3566.52             343.243             1800.79             0                   
222000              7250                2289.57             1140.27             1319.31             3.24016             
274000              6100                1446.78             127.836             1844.94             0                   
316000              6100                1711.35             640.649             1636.23             0                   
222000              6600                1651.78             603.607             1594.41             25.6828             
80000               10050               4409.89             1234.75             665.033             0                   
222000              9450                917.911             1205.15             338.927             0                   
134000              6800                1964.43             780.481             1396.61             33.2037             
86000               7500                3703.53             683.497             5.66864             33.0855             
274000              7000                1463.21             637.338             1198.89             11.5039             
310000              7100                1310.6              756.676             1676.96             10.2079             
214000              7300                1309.57             614.339             16.4078             4.00385             
313000              7400                957.115             516.425             1464.32             0                   
86000               8450                3350.05             708.357             0                   52.2299             
86000               9700                1635.99             171.307             0                   36.8423             
225000              6300                2572.98             254.734             99.6393             11.8036             
126000              8950                881.672             558.246             727.49              2.19104             
271000              7600                1087.86             925.815             828.809             0                   
213000              7000                3010.02             994.59              1.59166             29.2913             
134000              6300                2036.41             1053.68             1230.29             44.6231             
271000              6500                1622.19             1027.09             1189.31             25.0135             
134000              6100                1491.17             666.166             1926.88             0                   
134000              6300                2505.23             694.513             1449.17             5.626               
314000              8600                3039.15             868.273             -1.42109e-13        0                   
126000              8950                882.326             132.061             918.311             0                   
86000               9250                1235.54             1198.03             1168.36             0                   
271000              6300                3022.87             691.327             31.3525             0                   
174000              7100                1478.25             430.817             63.2284             32.0391             
127000              7500                3002.05             645.608             1376.34             34.4738             
179000              6100                3233.41             588.203             712.656             0                   
86000               7600                2038.44             208.743             1394.95             32.7751             
86000               8100                2018.84             217.069             712.932             36.3002             
213000              10050               897.264             466.944             259.634             0                   
359000              9750                869.615             333.423             1.58394             0                   
263000              7500                1293.98             952.933             1650.2              11.8036             
271000              7800                873.472             122.702             192.324             9                   
86000               8100                1403.66             1148.58             368.887             34.3262             
262000              6800                3071.82             1171.31             1.59166             0                   
313000              7600                1056.61             128.228             471.08              31.3533             
86000               9900                1284.16             1201.35             196.174             0.179656            
313000              8100                855.224             675.554             681.887             0                   
86000               8100                1613.64             1234                446.259             0.0983897           
167000              8200                1060.25             738.35              1165.4              0                   
230000              6600                3921.24             637.619             -2.84217e-14        18.3413             
86000               8000                3365.7              309.111             1841.03             0                   
172000              9700                1552.68             637.578             -2.84217e-14        36.8423             
175000              6100                1706.97             312.412             1689.35             0                   
233000              6900                3159.63             235.277             1.59166             0                   
86000               7200                3590.73             350.229             39.3737             22.3555             
134000              6300                3085.04             542.112             0                   0                   
134000              6300                2285.69             209.513             1074.65             6.26816             
134000              6800                3138.59             230.968             442.173             0                   
126000              7700                1710.59             1110.89             2269.31             21.3823             
132000              6600                3847.63             828.794             9.68093             37.0007             
88000               7700                1847.72             1192.67             921.208             30.3021             
88000               7050                1929.62             1195.81             1416.91             59.4507             
134000              6100                2263.58             1070.48             1162.2              17.5757             
88000               7050                2092.05             1226.31             1978.51             0                   
86000               8100                1372.81             1228.82             865.06              16.1725             
126000              7850                1081.26             143.955             587.833             0                   
224000              6100                1748.35             164.132             858.122             0                   
132000              7500                3464.21             692.166             301.903             37.6759             
86000               7500                3832.21             662.378             105.958             14.4553             
224000              6600                1624.59             156.839             1219.25             17.8629             
354000              8900                3000.75             869.291             -1.42109e-13        25.9093             
222000              9700                983.878             630.381             0                   39.5726             
88000               9050                1898.63             972.459             1156.62             38.852              
225000              7850                3015.78             1200.04             0                   13.2828             
86000               7700                3767.46             1154.06             163.814             17.6399             
86000               8200                3572.43             373.394             0                   37.6759             
134000              6300                1745.63             155.361             1928.75             3.66283             
86000               8100                1407.97             1172.06             19.9182             16.6477             
126000              8900                989.311             134.328             0                   31.1704             
134000              6800                3710.35             754.442             -2.84217e-14        0                   
86000               9700                1630.86             506.93              -5.68434e-14        10.4612             
271000              8900                828.206             111.818             82.8592             25.5999             
310000              7600                1119.05             587.409             743.419             32.55               
86000               8700                2041.74             161.552             1525.74             0                   
231000              7600                1009.17             1214.07             1293.48             0                   
308000              6300                2474.35             674.448             327.355             11.8036             
86000               8450                2402.2              855.358             33.0196             0                   
318000              6500                2838.86             1175.75             1.59166             6.64144             
173000              10000               1450.46             179.95              0                   0                   
86000               7500                3491.79             348.113             1014.68             0                   
88000               8750                1815.87             1017.7              1032.78             0                   
86000               7500                3236.53             694.958             821.539             54.4134             
221000              9400                886.401             793.688             252.931             36.0229             
88000               8050                2052.34             1210.6              1882.14             0                   
86000               9700                1209.45             192.356             784.881             0                   
271000              8350                963.55              164.65              126.994             21.5648             
175000              6100                1909.98             650.064             1518.57             25.312              
86000               9500                1308.74             574.159             968.063             0                   
222000              8350                1098.13             1013.81             86.1532             28.3941             
86000               9200                1918.69             150.602             1474.56             30.2745             
175000              6300                1600.07             1040.56             1715.95             0                   
308000              6900                3499.84             481.68              -1.42109e-14        0                   
263000              6100                1363.01             554.877             1846.27             0                   
126000              8350                1159.2              158.244             20.0438             0.475275            
313000              6100                2971.65             254.728             602.716             10.5061             
274000              6600                1441.95             120.517             1887.09             16.0561             
168000              7400                2349.49             571.289             68.7041             39.4939             
401000              6100                3544.18             616.17              441.167             20.8954             
126000              9950                1005.72             808.697             0                   0                   
309000              6500                3016.34             838.998             1.59166             29.4343             
271000              6100                3814.53             1016.51             654.888             0                   
88000               7000                2295.77             1220.57             1061.68             7.08052             
175000              7050                1424.07             145.344             1898.7              0.878208            
313000              8100                855.412             356.402             442.138             9                   
225000              9650                908.77              1030.39             0                   33.7814             
134000              7000                1653.41             157.717             1928.75             23.68               
313000              6100                3846.02             882.46              416.298             28.4219             
86000               8900                1210.85             1207.15             129.168             5.39269             
178000              8200                3326.51             1223.31             -1.13687e-13        0                   
213000              6600                1951.06             733.8               678.893             29.9604             
86000               9700                1922.41             150.602             1055.33             0                   
134000              7800                2137.82             717.873             1512.77             21.9034             
222000              7800                951.627             1019.19             205.067             9                   
134000              6100                3775.38             1111.41             748.583             0                   
88000               7050                1878.1              1177.94             1550.33             76.8275             
309000              9450                870.888             133.44              1.58394             0                   
313000              8400                814.647             323.822             912.473             0                   
225000              6500                1642.59             1184.68             1463.66             40.9818             
86000               7500                3419.57             518.922             1585                0                   
126000              9450                929.978             132.061             41.3134             5.21303             
184000              6300                2627.38             1088.21             406.441             11.8036             
86000               9700                1616.59             893.026             478.766             10.4612             
80000               9750                4444.57             1227                178.475             17.1298             
86000               7200                3075.67             591.411             823.859             34.4738             
88000               8550                1757.78             1178.1              1446.76             4.83701             
126000              7700                1705.75             633.487             1945.66             40.0406             
225000              6100                1502.78             312.412             1873.84             10.2079             
86000               9500                1960.44             471.175             1033.42             0                   
264000              7100                1380.03             239.31              2.16696             0                   
213000              6300                2532.32             952.112             1255.52             0                   
134000              6300                2163.53             149.731             1648.4              0                   
174000              7600                1777.91             872.541             18.7154             15.6945             
86000               9150                1890.39             506.93              -5.68434e-14        0                   
126000              7400                1551.37             952.082             1938.34             42.3823             
184000              6400                1452.66             577.784             2068.86             0                   
225000              9400                803.343             968.318             390.633             0                   
225000              8850                805.424             111.818             328.215             0                   
86000               8200                3319.11             270.38              614.916             0                   
313000              6100                3888.48             1038                448.134             18.1327             
167000              9200                1018.97             715.233             0                   5.21303             
134000              6800                1729.34             392.129             1787.16             3.66283             
86000               7200                3068.31             247.833             833.475             36.7331             
263000              8000                882.021             1050.23             281.938             24.4069             
134000              7300                2264.3              175.509             1271.22             0                   
127000              10000               1591.82             506.93              -5.68434e-14        37.8768             
86000               7200                3524.53             319.29              545.283             35.8388             
86000               9500                1288.79             303.871             1196.31             0                   
86000               9700                1628.62             506.93              -5.68434e-14        37.8768             
86000               9200                1328.72             235.439             877.511             29.7122             
86000               8650                2398.03             217.052             2.66492             36.8427             
172000              6500                2880.12             1010.86             1.59166             0                   
172000              9750                908.121             293.893             130.928             5.21303             
225000              6300                2472.98             476.828             560.512             0                   
313000              7600                973.525             122.702             1006.63             0                   
213000              10050               895.159             655.981             448.671             5.21303             
313000              6100                3368.45             559.368             506.723             20.8954             
86000               8200                3942.35             1163.39             114.86              6.73266             
136000              7300                1621.29             1147.39             20.7776             25.3373             
274000              6300                1392.27             144.384             1350.38             10.2079             
88000               7000                2741.31             1198.36             1431.96             26.372              
127000              7500                3385.85             709.864             1686.81             0                   
126000              7700                4508.44             1227                467.564             0                   
225000              7100                1526.09             695.863             1722.4              19.6722             
86000               7600                2257.42             220.662             28.7328             25.0881             
271000              9650                791.707             107.043             0.00928392          10.2079             
88000               8300                1942.3              1082.54             1725.3              14.6004             
223000              7100                1617.62             195.33              18.7061             32.9657             
86000               7700                3278.22             355.291             962.46              17.7102             
80000               10050               4321.92             1227.54             386.476             33.2652             
313000              7600                1328.48             145.716             18.654              0                   
219000              8700                3319.46             869.291             -1.42109e-13        0                   
225000              6800                2716.54             295.165             56.2977             36.0315             
274000              7550                2765.65             1099.83             1.59166             16.0356             
309000              9450                870.888             530.311             1.58394             0                   
313000              8350                859.757             116.094             460.756             0                   
181000              7000                3534.94             1204.72             -7.10543e-15        27.9963             
271000              6600                2031.46             1000.29             756.317             0                   
88000               8000                1778.38             1011.51             1586.94             24.8891             
175000              6500                2430.41             1092.97             1439.84             0                   
178000              8700                3392.28             1106.19             -1.42109e-13        0                   
271000              8900                920.38              837.734             0.00928392          0                   
271000              6800                2989.41             892.106             19.5544             22.2068             
224000              6100                1743.01             167.754             1606.76             14.9338             
263000              6500                1693.36             1008.88             1529.3              29.6782             
134000              7500                2077.2              1127.04             1536.15             3.66283             
225000              6300                1435.41             923.74              1846.27             0                   
86000               9900                1284.75             185.019             17.3375             2.19104             
