177000              9650                990.426             135.608             2.0451              1.221               
273000              7000                1339.92             107.709             2267.41             38.5913             
228000              7250                2320.49             214.413             300.324             32.1771             
273000              7700                985.762             113.287             2198.58             18.2971             
273000              8000                846.601             128.311             32.567              0                   
177000              8550                679.507             101.883             80.3521             0                   
273000              7750                1023.04             117.348             2194.32             0                   
265000              7700                3155.26             312.328             17.6048             10.853              
265000              6700                3257.54             312.328             8.07489             53.5878             
227000              7800                3152.43             331.78              2.78952             0                   
273000              6900                968.1               119.632             1652.79             18.2971             
273000              6700                1262.94             170.158             1693.78             0                   
177000              7400                1439.36             186.748             1051.17             11.9406             
177000              7900                2504.02             574.599             63.4501             23.1592             
227000              7200                2360.17             494.25              273.974             25.5625             
311000              7200                1011.54             551.246             1651.14             0                   
227000              6700                3002.44             243.556             414.2               23.7959             
311000              7700                979.569             105.417             1945                0                   
227000              7700                2726.73             227.348             101.143             43.1682             
177000              8900                2952.94             523.012             -5.68434e-14        43.9859             
227000              7200                3297.27             314.677             10.8697             28.8337             
227000              7000                1579.54             654.541             1960.83             5.93515             
273000              8000                932.757             128.311             5.45014             12.2311             
273000              8550                626.053             81.6042             113.209             0                   
177000              6900                1894.57             234.438             1196.28             0                   
177000              9100                963.544             144.026             2.0451              0                   
228000              6700                2433.54             250.368             285.673             41.4484             
273000              7200                955.555             107.849             2201.72             0                   
275000              7700                2774.12             297.917             155.481             36.9551             
177000              7400                3054.03             323.402             66.9674             27.519              
177000              7900                2468.32             219.17              194.42              41.6905             
177000              9100                781.188             101.883             33.4284             0                   
311000              7200                1007.66             105.417             1916.92             20.3852             
227000              6700                2971.07             637.735             66.0944             37.95               
177000              7900                2993.34             323.653             5.85982             0                   
273000              7750                1192.92             119.917             1275.3              55.034              
177000              7900                2978.88             323.441             5.85982             20.5488             
177000              7400                1254.38             163.577             1579.38             2.4951              
177000              9100                837.517             101.883             25.4501             50.7917             
227000              7200                1288.18             571.087             1563.1              0                   
227000              7200                1632.64             189.009             464.567             0.159181            
177000              9650                1146.08             164.304             0                   0                   
228000              6700                2847.18             302.08              65.0729             16.3836             
177000              7900                2873.35             495.773             103.619             0                   
273000              8000                849.302             128.311             13.4284             22.3607             
227000              7250                3185.01             331.78              1.19702             0                   
227000              6700                3325.57             312.328             47.7513             17.2371             
318000              7200                3285.65             302.245             5.27987             0                   
227000              7700                3126.48             256.056             46.3511             14.0732             
273000              7000                1692.1              663.204             1561.34             31.2645             
227000              7200                1611.07             350.028             589.576             55.7782             
227000              6700                2971.45             248.065             165.591             23.7959             
273000              6700                1000.5              118.198             2273.22             14                  
177000              7400                3074.21             323.653             5.85982             0                   
227000              7700                3309.15             302.583             39.9633             30.3539             
227000              7000                1140.54             160                 2184.63             0                   
177000              7900                1856.19             246.848             980.253             54.3852             
227000              7750                1759.38             189.009             413.947             45.6098             
177000              8000                831.068             101.883             56.1657             43                  
311000              7700                989.707             105.417             1574.78             0                   
174000              8700                2225.58             498.498             373.232             30.4021             
273000              7700                1069.64             103                 1826.67             26.8452             
227000              6700                2808.82             574.837             181.36              44.308              
273000              7000                2815.77             626.486             338.294             0                   
269000              6700                2983.08             640.061             91.602              15.712              
227000              7250                2936.1              371.706             62.2179             39.2993             
273000              8550                901.692             128.311             5.45014             2.14482             
228000              7700                2597.97             238.781             166.955             54.4272             
177000              7900                1172.64             163.577             1656.86             0                   
273000              6700                1075.64             160.254             2061.27             0                   
177000              9900                2880.1              523.012             -5.68434e-14        44.9134             
227000              7200                1720.08             364.651             393.204             42.6691             
177000              7900                1339.28             164.444             1503.63             32.0079             
177000              8000                1155.92             190.692             0                   0                   
177000              7400                3073.29             497.886             5.85982             0                   
273000              6700                968.485             571.087             2194.96             0                   
228000              7200                2348.13             226.354             283.625             20.5627             
177000              7900                1546.17             159.882             1265.09             0                   
177000              7400                1311.71             186.748             1164.9              0                   
177000              7400                2297.22             247.039             1024.7              6.33589             
227000              7200                2481.85             587.714             163.73              2.97473             
313000              6700                3191.27             312.328             20.0749             53.5878             
227000              7700                2931.71             251.23              103.355             0                   
177000              8850                1173.24             123.943             9.67317             0                   
227000              7200                2939.91             243.556             150.981             12.0293             
225000              7700                2614.34             438.454             453.776             47.1622             
275000              7200                1649.21             600.433             506.168             0                   
265000              7200                3198.97             312.328             8.07489             53.5878             
177000              8900                3196.55             523.012             -5.68434e-14        37.2386             
273000              7000                1761.41             733.077             1556.61             0                   
228000              6700                2367.46             280.48              261.905             32.1771             
275000              6700                2834.83             251.783             147.715             44.308              
177000              7400                1331.75             138.418             1979.4              45.9567             
177000              7900                1229.61             433.64              1171.61             0                   
273000              7000                1929.1              225.555             1524.21             0                   
311000              7700                978.857             551.246             1726.24             0                   
177000              7950                1160.72             145.589             1064.6              0                   
227000              7000                1595.27             654.541             1827.24             41.445              
313000              6700                3271.58             312.328             20.0749             40.0098             
177000              7950                2648.45             257.564             146.098             47.1622             
227000              7200                1974.71             184.075             631.663             64.657              
177000              7400                2084.34             280.708             705.926             0                   
273000              6900                967.051             119.632             1749.56             0                   
177000              7400                1419.04             135.354             1723.51             20.3852             
177000              7400                1371.1              135.354             1752.64             0                   
177000              7900                2903.44             297.189             8.24696             51.385              
273000              7500                1175.47             111.764             2012.73             40.7703             
265000              7200                3253.61             312.328             8.07489             32.7646             
177000              7900                3271.17             579.974             5.85982             0                   
177000              7900                1550.66             214.426             1034.4              18.8982             
177000              7900                3147.03             306.372             5.85982             51.0066             
177000              8000                879.094             194.05              32.7992             30.2329             
265000              6700                3287.11             312.328             34.6312             34.4392             
177000              7900                2476.75             220.185             47.4413             56.7862             
321000              7750                1460.78             199.903             894.065             26.7858             
177000              9100                1132.45             190.692             0                   0                   
275000              6700                2786.35             277.241             252.774             25.669              
177000              7900                2085.04             203.304             1033.07             52.3376             
273000              7000                1893.7              247.901             1652.59             32.7833             
177000              7400                1367.78             144.874             1799.14             51.477              
177000              9100                991.767             144.026             0.47044             50.7917             
177000              7400                1210.11             145.589             1614.56             20.3852             
177000              7900                2947.56             517.354             9.73531             0                   
177000              8000                712.273             101.883             80.3521             0                   
177000              7950                1526.47             229.314             975.538             27.9406             
177000              7900                2178.47             220.136             204.639             10.9553             
273000              7700                1440.08             596.354             909.771             30.3113             
228000              7200                2349.84             256.137             325.236             7.11232             
311000              7200                1177.87             119.917             1446.33             20.3852             
227000              7200                1300.54             117.161             1550.56             48                  
273000              6700                969.746             119.632             2077.36             18.2971             
177000              7400                3316.93             579.974             5.85982             51.385              
321000              7700                1279.08             125.775             904.041             0                   
177000              7400                2123.9              226.916             889.999             31.2343             
227000              6700                3187.9              312.328             23.7348             57.5287             
177000              7400                3235.9              306.372             5.85982             51.0066             
227000              7000                1400.32             654.541             1907.79             21.2322             
177000              8300                1180.96             124.338             10.8167             54.3488             
177000              9400                2912.02             523.012             -5.68434e-14        29.6461             
227000              6700                3072.54             255.712             69.3031             0                   
227000              6700                2993.37             255.712             91.602              15.712              
177000              7900                2079.18             615.908             371.937             0                   
227000              7200                3067.71             274.777             55.2745             21.0416             
275000              7500                2468.94             566.248             443.327             2.97473             
227000              7000                1823.76             551.188             2081.26             23.2699             
228000              7700                2279.57             256.137             297.52              32.1771             
228000              6700                2353.07             234                 306.669             7.11232             
227000              7200                3105.37             319.629             48.3933             5.00794             
273000              7000                1150.43             111.764             2193.73             40.7703             
215000              9400                2937.54             607.962             -9.9476e-14         51.4792             
177000              8550                871.291             144.026             17.2199             0                   
275000              7200                2506.72             260.382             166.532             0                   
128000              8850                776.237             167.095             134.728             0                   
177000              7400                2745.52             325.087             10.6114             10.5099             
273000              7200                956.186             119.632             2191.58             18.2971             
227000              6700                3143.04             620.484             13.9919             0                   
318000              8250                3291.72             563.605             -5.68434e-14        0                   
177000              7400                1214.9              196.534             1613.58             0                   
136000              8400                2131.78             422.332             95.4958             53.2428             
273000              7500                1333.26             109.895             1886.04             0                   
275000              7200                1624.72             189.009             488.729             54.5328             
177000              7400                1319.85             176.718             1339.21             20.3852             
177000              7900                1337.54             167.746             1499.42             0                   
177000              7400                2838.38             296.39              126.122             51.1569             
275000              7000                2761.15             515.062             582.027             0                   
177000              7950                1329.34             187.425             1051.17             11.9406             
177000              7400                2785.88             505.561             10.6114             31.0587             
177000              8300                1205.25             123.943             9.67317             6.4721              
227000              7750                1600.58             600.433             462.146             0                   
273000              7200                1113.94             209.557             1442.35             0                   
273000              7200                1268.77             125.775             1094.28             25.7794             
177000              7400                1580.58             170.765             1583.7              0                   
227000              7200                1674.87             236.51              411.468             28.6691             
227000              6700                2818.84             251.23              156.172             0                   
177000              7950                1975.66             189.152             812.265             30.3054             
269000              7700                1237.57             336.23              1238.84             0                   
273000              6700                998.787             118.198             2274.33             0                   
177000              7900                1276.16             193.418             1517.64             23.9706             
273000              7000                1340.39             107.849             2269.84             23.5913             
177000              7900                2570.6              329.449             303.38              0                   
228000              6700                2699.39             285.643             149.64              50.7046             
177000              7400                3078.05             323.441             5.85982             45.2978             
177000              8000                845.342             144.026             56.9471             0                   
227000              7200                1289.89             455.431             1562                14                  
311000              7200                996.625             105.417             1927.95             0                   
228000              7750                2267.45             220.023             406.8               7.11232             
228000              6700                2367.46             519.622             261.905             32.1771             
265000              7000                1557.74             576.354             2124.85             0                   
228000              7200                2469.19             519.622             277.329             10.8129             
177000              7900                2887.86             276.088             92.4727             0                   
273000              7000                1301.74             107.709             2276.81             0                   
177000              8000                880.801             127.906             25.4501             6.50493             
273000              8000                641.495             82.301              113.209             0                   
227000              6700                3134.37             348.553             54.8257             0                   
227000              7750                3063.28             269.752             55.2745             0                   
273000              8550                664.261             81.5873             88.507              38.7505             
273000              8000                706.158             109.258             64.8229             22.3607             
177000              7900                1423.21             131.906             1701.51             0                   
228000              7250                2343.34             280.48              261.905             33.745              
177000              8550                754.94              109.177             44.3505             0                   
