369000              2500                2766.69             653.474             300.947             250.339             
172000              2550                1399.84             457.553             591.12              220.146             
449000              4200                1608.89             657.715             -4.26326e-14        314.014             
269000              3550                1001.68             440.799             885.886             38.8508             
368000              2500                2325.73             759.698             668.763             96.9067             
172000              3300                1072.82             440.92              486.356             28.3329             
272000              2800                1829.15             516.664             0                   0                   
272000              4150                1179.27             504.37              41.4365             175.179             
172000              3550                1104.85             300.432             860.195             128.112             
261000              3500                1986.24             576.214             -7.38964e-13        28.5867             
172000              2800                1187.18             303.947             717.154             161.332             
368000              2500                2443.1              544.287             628.815             85.6736             
369000              2500                2868.42             672.276             10.8556             202.836             
369000              2500                3162.26             823.658             -1.13687e-13        306.65              
272000              4150                1237.02             491.566             0                   319.195             
172000              3100                1258.48             476.439             0                   116.097             
172000              3300                1128.63             325.809             816.674             207.467             
172000              2800                1659.85             486.673             22.3298             0.142713            
261000              2800                1513.68             436.625             170.469             52.0054             
369000              2500                3225.73             853.144             -3.69482e-13        343.302             
458000              2500                2752.47             695.697             0                   76.5509             
280000              2850                1214.67             677.538             214.717             152.493             
360000              3300                1415.89             504.37              -1.42109e-14        226.862             
172000              2550                1651.31             485.719             188.996             147.571             
172000              3600                1125.04             587.267             173.296             0.913955            
458000              2500                2750.34             628.204             157.602             102.507             
364000              3300                1687.52             651.863             -3.55271e-14        167.568             
172000              3050                1939.02             581.504             0                   322.79              
458000              2250                2462.37             598.744             524.289             70.6352             
172000              2550                2057.98             709.716             -7.67386e-13        151.863             
379000              2800                1480.92             391.468             400.266             31.1355             
172000              2800                1772.42             604.517             0.404174            142.006             
269000              2800                1238.54             384.527             535.362             1.65519             
272000              3100                1116.05             589.75              193.221             0.119117            
272000              2850                1193.11             478.398             293.761             244.301             
172000              3050                1093.74             284.921             878.911             252.882             
458000              2250                2914.93             591.367             10.3729             94.5328             
369000              2500                2839.59             950.24              383.223             0                   
172000              2550                1593.69             551.039             399.112             196.306             
458000              2250                2934.07             610.576             0                   0                   
172000              3550                1297.43             452.592             35.5087             0.119117            
369000              2500                3027.74             737.323             106.373             59.1568             
172000              3550                1137.8              284.921             831.106             320.556             
172000              4000                1157.77             387.554             196.308             41.7962             
268000              3300                1534.94             504.37              -2.84217e-14        319.338             
360000              3300                1603.38             595.709             -2.84217e-14        239.686             
172000              2550                1884.53             570.914             47.0704             249.101             
458000              2500                2642.64             701.719             178.831             0                   
369000              2500                3001.45             848.823             28.9199             30.3071             
281000              3050                1554.65             616.687             15.0236             28.6874             
450000              2500                2946.45             701.239             0.571038            130.92              
269000              2800                1175.08             396.854             650.874             73.7284             
369000              2500                3240.8              928.025             -8.52651e-14        0.30547             
172000              3050                2051.82             639.757             -8.2423e-13         133.577             
465000              3500                1054.35             399.456             871.957             0                   
269000              2800                1243.19             416.042             473.847             188.093             
368000              2500                2920.39             935.297             293.559             170.83              
269000              4000                1001.68             416.657             1032.81             9.12291             
458000              2500                3229.27             892.195             -1.98952e-13        122.872             
379000              2800                1351.53             375.122             510.792             54.0365             
272000              3500                1954.52             596.365             -7.38964e-13        0                   
368000              2500                2617.93             669.173             453.986             112.032             
172000              3550                1142.87             499.86              779.076             0                   
458000              2250                2582.99             561.292             373.458             26.9229             
272000              3550                1050.54             557.861             298.71              105.281             
172000              2550                1624.85             454.035             345.782             13.3253             
268000              3250                1061.94             535                 1232.36             0                   
172000              3050                1275.24             346.654             720.809             0                   
172000              2800                1346.49             557.664             433.855             144.279             
172000              3550                1271.89             321.992             587.428             94.8482             
172000              3750                1140.46             381.226             652.031             62.2171             
172000              4050                1298.21             436.373             221.246             0.119117            
272000              4000                1078.96             397.91              288.846             96.762              
369000              2500                3161.19             855.655             -1.7053e-13         189.471             
172000              3300                1426.26             363.552             422.885             0.119117            
272000              2850                1353.5              556.082             0                   74.8932             
269000              3300                1049.82             533                 896.606             88.8942             
369000              2500                2879.8              599.225             5.33914             172.687             
357000              3300                1505.04             494.207             -2.84217e-14        288.703             
172000              3550                1204.57             481.179             103.658             88.1113             
172000              3100                1246.43             486.484             0                   0                   
172000              4050                1163.86             379.152             422.567             219.488             
172000              2800                1440.56             410.469             318.245             0                   
172000              3050                1320.56             380.254             670.4               196.306             
368000              2500                2755.88             797.591             327.144             109.059             
172000              3300                1739.2              540.19              -2.84217e-14        48.6211             
172000              2800                1440.16             512.501             410.6               301.127             
458000              2500                2784.63             725.206             -1.42109e-14        0                   
458000              2500                2480.15             614.318             447.998             0                   
172000              3550                1349.6              360.098             502.542             191.616             
366000              2500                3389.78             994.69              1.42109e-13         29.4705             
172000              3050                2010.99             598.922             -1.42109e-14        0                   
172000              2800                1601.28             458.023             260.414             206.668             
172000              2550                2086.65             596.626             0                   235.838             
172000              2550                1976.35             557.419             43.0059             377.934             
280000              2850                1201.69             586.648             144.216             196.275             
280000              2850                1198.11             474.117             214.717             156.813             
172000              2550                1954.36             506.035             70.4707             111.1               
172000              3550                1121.85             348.074             750.428             229.882             
368000              2500                2510.65             759.698             545.066             62.9758             
172000              3300                1058.74             535                 889.681             0                   
172000              3050                1086.02             429.907             775.912             319.374             
172000              2550                1570.48             457.553             420.48              233.07              
269000              3050                1438.84             434.246             485.22              0                   
458000              2500                2562.98             552.099             462.945             26.9229             
261000              2550                1742.32             609.718             51.9734             0                   
172000              4850                1266.21             437.293             65.5388             0.119117            
172000              3550                1417.78             441.472             481.212             0                   
368000              2500                2192.95             776.378             663.965             151.885             
269000              3250                1275.08             379.152             520.737             102.333             
456000              2500                2941.36             998.555             369.962             16.3194             
172000              4500                1171.9              385.343             382.064             0.119117            
272000              3050                1420.67             386.97              413.461             253.127             
172000              4050                1176.22             385.343             350.078             0.119117            
172000              4850                1426.69             457.693             28.4779             63.856              
172000              3550                1081.52             285.455             883.519             0                   
261000              4200                1191.5              379.116             653.283             0                   
172000              4500                1187.14             400.681             173.296             0.119117            
261000              3950                2043.29             570.818             -7.24754e-13        0                   
458000              2250                2564.91             561.292             391.539             96.0324             
379000              3050                1313.4              375.122             545.899             54.0365             
269000              3550                1010.98             329.961             839.34              0                   
172000              3800                1269.85             362.759             579.708             0                   
369000              2500                3184.52             897.007             -2.55795e-13        274.526             
172000              2550                1889.71             604.913             -7.38964e-13        0                   
172000              2550                1758.01             604.517             48.2205             59.3778             
458000              2250                2640.27             626.805             347.149             49.3619             
369000              2500                2817.57             839.921             261.187             204.239             
172000              3550                1015.07             325.809             846.865             2.77977             
369000              2500                2825.88             587.738             49.3491             77.9224             
172000              3100                1109.16             416.665             236.564             215.221             
368000              2500                2624.12             817.15              476.287             85.6736             
172000              2800                1098.45             454.775             775.745             98.8219             
172000              2550                1304.8              380.254             737.475             234.738             
172000              3100                1092.13             575.425             235.57              10.1947             
172000              2800                1286.47             397.697             438.882             317.404             
172000              3300                1043.38             536.172             906.219             177.799             
172000              4600                1387.65             459.863             15.3136             114.21              
458000              2500                2820.83             586.026             116.537             0                   
269000              3550                996.972             321.851             866.457             59.5521             
272000              2850                1406.15             484.604             0                   193.799             
172000              3100                1112.93             402.485             443.716             258.689             
369000              2500                3296.36             923.77              -3.97904e-13        197.419             
261000              3250                1856.03             515.141             -4.54747e-13        0                   
172000              2550                1108.75             288.902             882.202             0                   
368000              2500                2948.18             988.797             299.862             18.1622             
368000              2500                2366.43             660.137             456.794             134.933             
368000              2500                2575.95             973.342             410.835             71.349              
172000              2550                1661.82             508.328             144.229             43.9251             
172000              3050                1145.07             288.774             836.419             13.3253             
368000              2500                2714.41             716.813             353.661             188.041             
172000              2550                1403.56             424.996             626.644             92.3806             
368000              2500                2594.92             763.215             417.449             212.362             
172000              3100                1124.52             421.575             122.912             73.3419             
172000              2800                1088.44             365.916             821.549             32.6108             
268000              2850                1445.12             675.664             -3.55271e-14        170.469             
172000              3550                1019.46             428.263             842.474             2.77977             
172000              2550                1222.71             324.128             784.454             118.069             
357000              4600                1427.08             493.653             -3.55271e-14        298.657             
369000              2500                2996.76             828.58              230.258             19.8998             
368000              2500                3206.49             997.672             29.6508             98.3128             
458000              2250                2821.03             653.149             118.773             0                   
272000              4050                1141.94             376.288             678.453             0                   
172000              3050                1347.16             523.46              630.625             52.4522             
369000              2500                2907.84             615.879             0                   239.654             
274000              2500                2512.24             759.698             425.456             177.69              
172000              2550                1938.29             506.035             86.5397             196.92              
172000              2550                1467.96             378.738             609.278             321.596             
379000              3050                1413.24             369.094             434.142             133.716             
283000              2850                1196.36             478.398             32.1716             310.263             
269000              2800                1056.17             553.322             915.919             103.398             
172000              3300                1063.54             293.119             884.882             83.9006             
372000              3300                1284.66             475.46              16.1926             317.51              
379000              3050                1469.62             372.429             377.817             77.2165             
458000              2250                2702.45             575.176             222.087             0                   
369000              2500                3266.97             979.459             -3.12639e-13        300.401             
268000              3100                1215.79             455.643             122.299             271.571             
269000              3050                1113.63             330.676             760.336             0                   
458000              2500                3008.52             826.971             -8.52651e-14        0                   
368000              3500                1059.84             413.791             865.123             71.3548             
172000              2550                1681.58             581.301             437.091             0                   
272000              3550                1062.05             515.789             222.667             0.119117            
268000              2850                1284.58             560.424             0                   259.104             
269000              3550                1181.4              485.632             693.713             0                   
261000              4000                1512.49             634.392             -7.10543e-15        277.37              
172000              3050                1502.91             574.602             299.358             226.314             
369000              2500                3099.26             914.682             128.189             0                   
268000              4150                1202.04             462.011             40.9258             236.504             
458000              2500                2822.75             587.325             66.7505             123.533             
172000              2550                2180.01             660.049             -7.95808e-13        451.304             
369000              2500                3136.52             717.311             43.3389             171.245             
272000              3300                1442.82             596.567             -2.84217e-14        178.517             
261000              2800                1330.61             444.274             480.234             86.6525             
268000              3300                1124.46             545.56              834.524             27.9508             
172000              3550                1210.81             387.554             196.308             88.1044             
172000              3050                2068.92             588.856             0                   275.855             
172000              3550                1189.58             311.025             699.929             0                   
172000              2550                1169.28             403.026             813.019             0                   
172000              2550                1330.5              497.082             656.101             0                   
172000              3500                2085.28             596.365             -7.95808e-13        0                   
