282000              3550                1159.2              500.274             461.929             89.0512             
369000              3200                1028.22             346.108             1596.62             21.8924             
185000              4600                1423.72             572.96              2.88376             176.336             
282000              3750                1143.14             543.131             839.318             142.551             
269000              3550                1008.83             314.33              1162.05             137.8               
382000              2500                2651.23             615.558             63.2068             30.0394             
284000              3000                2334.91             563.987             -4.26326e-14        59.4589             
172000              3050                1011.01             272.683             1082.23             143.848             
172000              2550                1194.23             329.311             851.09              36.3995             
185000              2250                1589.66             432.295             754.677             125.064             
272000              2750                1039.21             309.329             1340.4              0                   
382000              2500                2694.82             561.345             155.82              0                   
272000              2500                1207.79             244.214             1366.56             37.879              
272000              2500                1373.04             336.421             1197.71             0                   
272000              2750                1038.25             519.22              1418.7              0.920915            
172000              2500                1096.59             238.805             1420.65             64.3797             
272000              3250                1645.97             497.43              173.017             129.957             
172000              2250                2613.52             678.904             -2.98428e-13        0                   
172000              5750                1430.39             455.201             596.487             0                   
185000              2250                1910.01             477.937             419.019             87.3275             
185000              4400                1247.81             473.8               102.033             25.8257             
284000              3750                2225.91             558.56              4.57253             0                   
185000              2250                1246.11             274.895             1426.81             86.1849             
185000              4600                1222.72             497.729             283.618             0                   
185000              4400                1380.16             569.7               3.02164             55.325              
185000              2250                1494.34             304.315             853.047             76.1813             
172000              5300                1543.23             467.184             159.627             61.4693             
269000              2500                1152.05             486.68              1341.56             0                   
172000              2500                2582.93             602.106             157.966             64.2455             
172000              2250                2459.8              681.159             222.309             45.7644             
172000              2500                1158.53             487.158             1308.11             0                   
172000              4050                1667.84             543.557             166.154             0                   
272000              2250                1776.92             487.259             584.325             99.2755             
272000              2500                2634.53             598.298             104.298             76.2768             
172000              2750                1068.8              418.089             1389.71             99.6493             
172000              4850                1327.2              435.504             514.72              3.47964             
465000              3650                1022.83             529.764             1761.2              21.8924             
172000              5300                1484.56             467.16              272.418             105.916             
272000              4100                1567.52             476.95              339.893             0                   
185000              2250                1835.37             432.295             560.8               142.12              
172000              4600                1468.08             582.09              0.0623537           131.648             
272000              3300                1682.27             595.054             3.22492             66.9227             
185000              2250                1480.94             483.29              866.471             80.6961             
172000              3000                2555.16             722.82              -5.68434e-14        0                   
185000              2250                1540.31             342.452             821.561             147.677             
172000              3250                1085.01             267.605             1432.39             26.6525             
269000              3250                2441.38             706.939             -1.7053e-13         134.244             
277000              3250                2111.37             659.612             -1.42109e-14        2.58461             
172000              2550                1401.35             546.336             649.08              158.696             
277000              3050                2219.65             653.294             -2.84217e-14        47.3503             
185000              2750                1677.68             570.332             705.895             85.7061             
185000              2500                2151.72             661.153             251.347             139.796             
172000              4600                1815.79             608.797             2.88376             0                   
272000              2750                1891.18             492.78              518.065             69.2324             
272000              3050                1350.09             378.233             664.652             0                   
272000              4600                1373.81             555.625             10.3509             144.815             
172000              3300                1101.54             375.112             897.29              127.733             
172000              3050                1091.25             277.041             949.583             83.4379             
185000              2500                2056.71             529.528             257.506             148.256             
268000              2250                2612.92             598.298             122.576             46.2597             
272000              2250                1346.08             467.672             985.378             83.3935             
269000              2700                1048.2              483.539             1852.87             26.6525             
185000              2250                1412.49             532.471             955.613             0                   
185000              2550                1897.09             563.987             7.19588             91.0517             
376000              3250                2395.52             642.502             -2.84217e-14        11.8757             
185000              3550                2012.71             554.732             16.9912             0                   
185000              2250                2073.34             588.946             260.231             65.1431             
272000              2250                1376.86             298.277             973.836             69.2739             
185000              2250                1936.39             588.946             395.994             125.242             
272000              4600                1305.84             512.467             60.7462             61.4693             
272000              3750                1329.97             595.054             766.006             0                   
272000              5500                1228.14             487.745             668.856             0                   
272000              3100                1432.71             632.656             6.77369             158.937             
172000              5300                1433.28             455.201             443.895             0                   
272000              4600                1216.7              473.8               188.231             79.3295             
172000              2750                1053.12             417.472             1413.8              0                   
185000              3550                2002.89             618.231             0                   115.344             
172000              3500                1090.87             265.238             1281.26             0                   
172000              2500                2328.57             656.344             884.364             68.9471             
277000              3750                2084.49             555.905             -1.27898e-13        108.298             
185000              2250                1261.92             274.895             1430.98             0                   
172000              2550                1103.22             508.102             908.977             127.733             
172000              2500                1487.89             371.794             1107.1              58.8208             
185000              2250                1779.53             436.935             654.891             0                   
269000              3500                1007.61             477.255             1504.62             152.394             
172000              2500                2438.47             678.904             190.306             0                   
172000              4850                1321.53             434.957             546.683             89.2648             
172000              2250                2644.01             617.637             77.4865             100.76              
282000              4050                1399.85             429.932             427.943             0                   
172000              5300                1616.66             537.797             86.1903             123.34              
272000              3300                1404.9              595.054             15.1179             0                   
272000              2500                2640.4              584.784             200.611             130.143             
172000              3250                2598.7              658.602             -2.27374e-13        148.186             
172000              3950                2503.41             715.66              3.19551             41.6157             
281000              2800                1501.83             519.572             284.457             27.9991             
172000              3800                1586.94             425.266             588.7               72.1516             
185000              2250                1440.19             296.072             927.922             0                   
272000              5050                1335.76             505.213             78.1378             0                   
172000              2500                2693.56             584.784             266.048             0                   
185000              3550                1163.09             543.036             510.249             134.172             
269000              4000                1005.17             514.681             1556.98             137.8               
172000              3550                1584.14             454.689             240.363             0                   
272000              2500                2154.63             588.806             186.777             123.065             
172000              2550                1065.56             518.708             1031.46             242.83              
272000              2800                1849.18             567.989             5.1437              2.14979             
185000              2250                1602.65             380.232             781.99              0                   
172000              2250                1406.12             496.256             1137.57             138.541             
185000              2250                2274.16             519.695             450.797             0                   
172000              3550                1314.62             400.89              753.127             17.7083             
172000              2800                1707.5              481.665             278.882             145.23              
277000              5050                2044.82             639.401             -1.42109e-14        71.111              
185000              3250                1833.16             521.118             623.94              0                   
277000              5050                1665.35             569.03              3.56762             0                   
172000              3000                1071.25             504.257             1266.14             157.453             
268000              2500                2392.05             617.788             350.205             8.22705             
172000              3300                1072.55             335.238             987.749             0                   
282000              3300                1241.14             473.8               285.916             0                   
272000              2500                1278.57             284.216             1290.46             22.2632             
272000              5050                1234.81             487.745             348.817             0                   
172000              3050                1028.67             299.126             1029.41             40.068              
172000              2500                2183.14             512.62              959.303             0                   
185000              3050                2133.62             609.921             0                   12.1989             
185000              2250                1246.11             459.331             1426.81             86.1849             
172000              3550                1539.44             416.762             566.744             143.257             
282000              4200                1154.5              464.484             790.448             57.8049             
172000              2750                1123.74             237.118             1430.85             0                   
172000              2500                1496.54             388.731             1066.27             140.536             
185000              2800                1454.06             465.961             197.911             40.9923             
172000              3100                1354.71             614.752             114.305             56.9097             
172000              3250                2617.05             651.829             0                   0                   
172000              2950                2703                590.457             118.339             10.3137             
269000              3700                1003.83             456.657             1854.47             143.848             
172000              2500                1121.03             569.413             1431.33             26.6525             
172000              2800                1430.66             361.879             597.706             45.73               
185000              2250                2167.45             635.201             207.761             23.2339             
185000              3050                2053.01             587.299             -2.4869e-14         125.39              
172000              3100                1370.18             516.617             122.681             106.33              
172000              2500                1034.47             445.71              1451.66             72.9257             
272000              2800                1492.38             607.517             371.154             0                   
284000              3300                1410.42             531.926             16.0456             74.1647             
268000              5750                1506.59             464.36              282.816             61.4693             
172000              3550                1440.65             595.054             3.62715             14.7096             
172000              3500                1429.34             513.565             673.292             150.278             
272000              2750                1983.84             521.118             462.969             0                   
185000              4150                1241.71             473.8               128.891             62.1494             
185000              2250                1371                380.365             1321.89             0                   
185000              2250                1333.36             271.286             1432.99             148.257             
172000              4850                1697.15             556.631             20.0237             69.4731             
172000              2750                2606.52             598.945             209.223             145.344             
172000              2550                1100.97             280.67              947.37              0                   
269000              2950                1031.47             477.255             1887                72.9257             
272000              5300                1429.46             473.715             184.19              0                   
465000              3650                1013.4              551.055             1795.76             93.153              
172000              2550                1078.74             277.382             1026.63             143.848             
172000              3300                1357.67             577.274             465.255             0                   
172000              3050                1190.99             323.422             835.605             142.259             
185000              2250                1275.08             492.509             1427.03             8.29563             
269000              3050                1109.93             335.457             935.412             145.108             
185000              2500                2325.43             690.311             181.248             113.138             
264000              3000                2729.26             635.505             -2.84217e-14        0                   
272000              2250                1323.69             503.978             1209.24             123.248             
269000              2950                1044.43             473.836             1881.24             0                   
185000              2750                1834.63             422.56              565.942             0                   
172000              2500                1419.18             311.637             1180.99             0                   
185000              2500                1720.53             378.909             653.191             138.539             
272000              4600                1366.19             569.03              14.3207             0                   
172000              2500                2562.48             562.376             539.128             49.0231             
185000              2250                1262.77             297.858             1135.15             131.171             
282000              3750                1232.98             549.241             681.551             0                   
272000              2250                1229.9              488.713             1472.4              108.002             
272000              5350                1450.65             473.116             121.27              84.4625             
272000              5050                1223.61             473.8               585.954             67.7761             
369000              3200                1018.16             519.22              1631.32             36.4152             
272000              2250                2640.75             600.107             94.6288             163.702             
172000              3550                1371.5              357.622             762.201             108.512             
272000              3500                2514.27             658.602             -2.27374e-13        66.7243             
185000              2550                1923.29             597.852             13.3662             0                   
172000              2500                1152.98             341.882             1370.83             146.364             
185000              3250                1088.93             255.145             1364.81             68.154              
364000              5050                1770.2              569.03              3.42974             0                   
185000              3300                1220.62             410.396             491.774             84.6                
369000              3200                1017.12             392.449             1644.05             82.9206             
272000              2750                1022.16             346.108             1441.9              46.8134             
185000              4400                1354.32             520.647             28.9296             114.395             
172000              3250                2347.98             701.426             1.17509             123.55              
272000              2550                1931.01             563.987             32.5573             59.8242             
185000              5050                1235                481.091             682.299             0                   
172000              4850                1678.43             536.862             20.0237             133.018             
264000              2250                2782.41             611.603             83.1326             143.902             
269000              2550                1081.47             554.144             985.643             153.938             
269000              2750                1084.56             456.657             1246.37             82.4826             
172000              4850                1569.35             542.345             164.442             22.0478             
463000              5050                1990.43             569.7               -3.73035e-14        5.58161             
269000              2250                2669.86             598.298             112.63              0.858254            
185000              3100                1467.34             664.169             3.65627             153.078             
272000              2500                1241.2              517.529             1303.26             65.3257             
172000              4600                1690                634.921             1.25379             123.34              
172000              2750                1154                238.805             1396.08             112.304             
172000              2800                1857.05             545.979             156.776             142.587             
172000              2500                1320.59             503.711             1286.72             119.521             
