318000              6700                3168.69             710.73              456.304             28.622              
319000              6600                3127.17             247.466             1553.02             57.7504             
133000              7100                3690.55             699.236             1141.12             6.77723             
127000              7900                2283.38             546.878             116.983             15.027              
228000              8600                1513.32             172.024             76.8128             67.6691             
273000              8600                1485.48             211.414             77.9214             34.957              
176000              7900                1317.13             627.422             1054.55             113.616             
311000              6300                2867.87             752.826             1644.08             153.804             
318000              6700                2952.75             298.854             421.116             52.1245             
361000              6400                2558.69             820.868             2640.16             0                   
273000              8900                2446.64             485.594             16.1934             0                   
359000              6600                3069.06             251.142             1727.34             0                   
217000              9200                1269.8              414.739             1063.53             55.7584             
219000              6700                2908.55             447.413             407.045             91.1817             
271000              7900                1389.04             536.083             777.069             0                   
127000              10550               1557.64             655.096             952.905             0                   
86000               9400                3533.25             650.377             1579.82             45.1043             
172000              6700                2209.8              218.28              973.596             0                   
181000              7700                2741.77             385.987             472.896             0                   
264000              8600                1215.95             158.385             145.771             0                   
176000              7900                1397.1              173.546             1721.47             82.9964             
139000              9650                1901.2              209.809             11.2133             72.7762             
273000              6900                2510.6              278.934             204.547             2.33633             
172000              7000                1902.43             237.845             1791.55             0                   
273000              6100                2731.97             828.547             2439.32             92.32               
131000              8600                1449.22             535.859             201.39              92.6928             
181000              9750                1194.38             524                 588.285             86.7847             
136000              8200                1370.16             752.463             1093.22             136.708             
401000              6400                2467.86             743.442             2574.14             44.1822             
319000              6100                2794.24             541.042             2103.84             0                   
227000              8600                1404.97             617.083             90.0553             85.9034             
229000              6500                3480.73             657.428             3866.13             7.34891             
319000              6100                2342.1              445.792             2829.29             15.4533             
222000              7900                2622.96             261.688             64.3993             20.8539             
136000              8700                1330.39             172.832             2154.37             28.7792             
320000              7700                2270.17             730.548             384.175             0                   
318000              6000                3914.99             898.241             3599.47             36.523              
133000              6800                4009.8              764.255             581.325             7.13253             
273000              9400                2529.64             249.557             16.1934             5.513               
221000              6900                2837.46             707.315             217.184             63.468              
319000              6300                3090.2              345.846             1382.79             34.7313             
319000              6400                2275.85             612.324             2933.71             15.4533             
131000              8200                3328.55             713.003             91.5143             0                   
319000              6600                2536.3              229.473             2027.19             41.0239             
222000              7700                1502.3              631.166             1577.69             82.9964             
230000              7400                3036.47             801.868             66.5631             52.1841             
129000              7400                1644.76             157.926             607.268             0                   
219000              6700                3024.5              292.227             351.288             66.419              
176000              8500                1519.2              667.853             1480.41             45.3333             
270000              7200                2401.39             740.31              390.032             0                   
180000              6100                3678.15             396.21              1858.41             1.37961             
176000              8400                2202.89             199.031             183.473             79.9689             
181000              9400                1188.13             520                 1340.3              58.9174             
129000              7300                2497.16             540.051             1724.63             0                   
133000              6600                4000.76             629.544             1310.66             69.497              
222000              8700                1336.7              138.019             1644.47             82.9964             
136000              8200                1332.76             159.138             1906.15             0                   
129000              7300                2958.76             761.515             1481.72             79.6878             
364000              7000                3133.73             710.73              566.984             1.1746              
171000              8400                1259.51             988.198             1212.81             2.95226             
127000              9500                1804.47             767.299             108.262             36.3278             
176000              9200                1278.29             438.454             1872.2              0                   
263000              7900                2534.29             594.414             60.1372             45.4692             
230000              6600                3616.05             309.961             1706.79             107.486             
180000              9450                1287.07             153.216             212.932             11.1169             
176000              8200                1375.57             999.811             1791.92             0                   
226000              8200                1492.28             667.853             1167.16             0                   
232000              6400                3245.87             1214.84             2560.19             71.9855             
221000              7400                2937.31             707.315             187.011             104.367             
174000              7500                1520.12             671.316             1922.46             50.589              
261000              7000                1826.33             616.878             1699.66             0                   
129000              9700                2158.68             373.606             363.882             44.5591             
129000              7300                3155.44             627.361             1248.42             91.1442             
319000              6100                2744.25             321.25              2091.32             45.4009             
188000              7900                1978.37             648.026             122.702             54.6178             
271000              6600                3911.92             910.908             1266.27             49.4413             
319000              6100                2547.59             654.426             2149.02             60.8542             
133000              6400                3962.96             638.226             1972.37             34.8228             
129000              8750                1979.85             757.317             229.597             0                   
131000              8400                1413.72             769.177             583.849             2.95226             
264000              8600                1317.24             520                 142.943             5.22935             
180000              6100                3676.64             331.282             2149.06             33.8284             
270000              6100                2552.25             699.614             2486.65             49.5691             
136000              9700                1309.81             126.924             130.812             0                   
359000              6000                3985.66             831.791             3689.29             54.2704             
134000              6700                2356.69             606.053             604.287             91.9585             
127000              8400                2114.2              273.014             999.769             0.171364            
133000              6900                3850.7              771.521             2053.84             1.28733             
126000              9600                3374.24             551.246             1729                25.1239             
133000              6600                3643.24             938.007             2234.48             41.135              
308000              7700                2037.02             234.233             509.801             0                   
359000              6600                3040.41             690.151             1550.44             0                   
227000              8900                1750.71             676.99              50.0795             16.1123             
136000              7700                1447.42             739.011             1545.87             86.6729             
185000              6500                4816.9              1034.86             3750.89             0.128336            
176000              8400                1221.14             159.774             1650.23             64.0452             
136000              10250               1270.94             126.924             179.968             45.086              
131000              10000               1608.67             546.216             91.0585             4.76379             
129000              7500                1663.21             155.528             2204.59             0                   
136000              10250               1264.02             322.944             203.945             71.4528             
226000              8750                1293.83             132.924             1412.89             47.2262             
174000              7200                1858.41             779.404             865.958             28.8601             
273000              6600                2568.03             626.637             2258.33             103.921             
271000              6300                3014.47             697.857             1478.59             84.1919             
222000              8200                1398.35             130.347             1951.78             0                   
227000              7200                3135.31             286.224             198.32              49.1759             
319000              6600                3272.19             756.586             1258.71             11.9049             
318000              6700                2833                272.423             456.632             92.2059             
319000              6600                2620.26             820.868             2316.73             0                   
360000              6400                3587.4              712.674             2063.24             7.39879             
267000              7000                2412.5              202.744             1073.99             0                   
271000              6300                3195.23             697.857             1275.03             34.7313             
181000              9450                1182.36             614.031             577.089             109.145             
319000              6600                2410.13             254.654             2804.86             0                   
127000              9500                2376.27             252.111             61.4379             0.39256             
136000              7200                1558.52             167.977             1479.52             41.9285             
212000              7000                2044.05             615.007             1430.83             44.5326             
179000              6400                3426.09             657.428             2808.9              29.1686             
269000              6600                2775.15             817.934             2116.21             69.6965             
133000              6800                3660.57             693.247             949.606             70.129              
129000              6800                2424.93             236.286             2060.65             0                   
176000              8200                1316.31             994.811             2038.55             48.9964             
359000              6600                3065.77             251.142             1765.76             45.4009             
180000              6600                3588.39             308.837             2184.25             73.116              
319000              6100                2492.02             979.403             3230.05             5.90423             
131000              7200                3246.7              575.076             278.198             0                   
131000              6900                2572.34             261.152             335.911             72.2383             
359000              5900                3417.5              1060.06             3267.03             180.674             
129000              7350                2862.64             224.076             1615.75             14.225              
319000              6100                2634.03             198.92              2206.8              0                   
226000              9250                1293.48             127.932             1412.89             0                   
127000              10300               1780.33             162.524             301.745             0                   
129000              9950                2091.25             220.549             265.798             65.9921             
176000              10550               1699.78             267.561             47.7379             2.77446             
131000              7400                3094.82             318.583             141.851             103.692             
309000              6600                2827.04             821.842             1787.23             79.2559             
133000              6800                3741.34             347.339             716.071             6.77723             
174000              6600                3698.63             309.961             1678.23             107.486             
133000              7100                3580.71             281.202             1702.02             1.77723             
228000              9650                1684.65             167.63              41.4351             10.496              
169000              8900                1236.34             590.932             397.017             2.95226             
181000              6300                3659.58             379.798             1398.75             91.7824             
309000              8400                1487.62             150.552             542.481             48.9467             
361000              6100                2522.1              598.487             2464.08             15.4533             
273000              6400                2786.47             655.299             2513.69             0                   
361000              6600                2767.97             771.723             1905.44             47.6893             
136000              7200                1619.68             612.05              1052.5              0                   
129000              7900                1669.8              812                 573.58              22.9683             
129000              7300                2924.53             266.483             1668.89             66.1275             
139000              8100                1940.28             221.529             33.519              0                   
176000              7400                1858.02             164.05              462.992             93.6186             
277000              8600                1683.48             608.874             56.9976             2.11165             
221000              6700                2086.06             742.016             997.295             153.013             
131000              9100                1245.15             141.072             901.079             91.0177             
131000              9150                1524.19             171.387             12.7659             19.3322             
183000              6600                3491.86             771.521             1874.11             60.0433             
318000              6000                3881.98             1012.73             3607.68             100.041             
181000              10250               1192.93             633.147             566.631             91.792              
126000              8950                2914.31             660.829             2373.16             42.7046             
183000              6600                3724.3              714.616             1929.34             1.28733             
131000              8400                1535.9              199.796             583.646             72.898              
136000              7200                1640.8              164.447             948.875             66.575              
176000              7900                2211.42             627.422             181.127             102.147             
178000              6900                2734.15             641.67              236.973             33.2925             
358000              7200                2431.28             328.032             375.576             37.3275             
361000              6600                2495.45             795.847             2325.02             15.4533             
225000              6600                3803.23             590.566             1572.35             1.28733             
133000              6800                3772.98             481.653             706.456             58.1332             
129000              9200                2198.04             455.76              373.6               48.2912             
129000              7350                3257.98             508.987             1279.9              33.2372             
174000              7700                1524.01             518.443             1360.73             103.903             
131000              8200                3308.75             319.622             53.2962             11.609              
225000              10000               1857.21             606.582             35.6813             18.0439             
186000              9700                1353.97             548.622             117.71              15.7427             
131000              8900                1209.36             142.687             1363.12             2.95226             
180000              6600                3688.68             315.312             2174.91             9.19432             
126000              8500                3210.43             563.869             874.778             84.5817             
174000              6600                3011.33             897.465             2295.05             25.231              
172000              6700                2130.23             214.596             870.929             84.8778             
222000              7900                2770.95             346.16              34.1786             71.3992             
271000              6300                3353.34             541.042             1260.29             77.2345             
232000              5900                4691.73             1034.86             2874.58             8.35301             
222000              7400                1500.25             164.447             1005.92             97.7917             
222000              7900                1369.91             279.587             1276.13             82.9964             
133000              6800                3656.23             274.681             1442.09             94.0414             
229000              6400                3468.43             507.77              2782.61             24.4992             
221000              7000                1865.5              197.563             1524.1              21.4951             
230000              6600                3738.82             349.633             1645.7              22.2733             
227000              8000                1414.6              564.757             2086.32             15                  
126000              9500                3375.95             311.198             829.337             27.3894             
263000              7900                2409.89             465.064             85.1392             11.7697             
131000              9600                1280.84             150.079             860.479             35.0526             
271000              7900                1414.86             173.546             713.859             0                   
129000              8400                1819.15             674.207             449.552             78.8607             
221000              6700                2704.27             247.516             576.436             0                   
136000              8700                1301.21             471.698             1770.87             0                   
136000              8200                1396.64             432.44              1568.24             55.7114             
131000              9500                1598.5              520                 685.43              12.5723             
228000              8900                1202.79             361.071             590.239             0                   
177000              9500                1193.84             337.416             1105.12             2.95226             
