82000               3750                1264.7              111.434             441.339             10.3687             
86000               4400                1290.93             193.509             161.952             0                   
63000               2200                1307.2              141.254             208.247             4.59618             
60000               4110                1456.41             123.819             30.3966             9.11791             
63000               4780                1136.49             112.434             148.224             0                   
63000               3470                1270.98             111.434             520.96              2.39679             
41000               2030                1649.72             202.636             53.5402             0                   
41000               2310                1235.14             137.074             377.91              7.26193             
41000               3610                1464.22             123.819             10.9025             9.16623             
63000               2950                1301.06             111.22              305.674             5.42946             
41000               2020                1719.35             126.749             70.5865             10.9419             
41000               2920                1519.13             179.927             0.0291541           2.36035             
103000              3500                1474.26             123.876             182.048             1.69656             
41000               4670                1185.61             106.099             122.483             0                   
41000               3810                1261.45             189.224             409.816             0                   
41000               4670                1211.16             110.21              105.298             5.76373             
63000               2090                1672.74             173.274             0.83634             0.862411            
41000               3750                1255.02             97.0164             464.29              10.3687             
63000               4220                1259.85             198.835             168.957             1.51988             
41000               3830                1459.2              135.611             101.452             0.0288014           
86000               2870                1448.8              112.417             463.054             0                   
102000              4360                1484.64             121.793             27.8458             7.7026              
80000               2670                2868.27             225.461             0.423626            2.68985             
41000               4310                1153.61             177.081             347.874             0                   
63000               4360                1084.6              112.374             235.428             10.7491             
100000              2740                1452.29             137.818             18.1892             0                   
80000               4830                1312.06             131.002             14.6776             1.72434             
82000               2110                1654.25             223.728             0.83634             32.0238             
41000               4670                1247.88             150.003             51.8074             0                   
86000               3580                1272.4              121.93              440.121             0.413111            
41000               4030                1135.13             132.988             412.384             10.9836             
63000               4350                1071.86             118.783             584.509             0                   
41000               2170                1390.35             114.007             187.838             0                   
145000              2610                3716.67             193.033             0                   11.8651             
41000               2590                3095.2              181.687             0.387167            10.5185             
63000               3630                1291.5              97.3178             473.054             0                   
63000               4350                1072.17             200.381             508.703             0                   
41000               2330                1279.8              115.788             89.9226             10.4968             
63000               4500                1079.49             106.099             370.955             0                   
80000               2770                1599.45             171.451             0.0291541           5.77089             
80000               2080                1352.03             156.734             134.899             2.90209             
41000               4170                1101.33             106.266             446.183             7.98356             
86000               4170                1112.14             112.374             174.624             0                   
41000               2110                1541.34             156.965             24.1878             0                   
63000               4160                1093.32             172.317             424.646             1.64484             
63000               4410                1216.13             173.98              168.047             0                   
41000               4670                1092.39             109.472             341.477             0                   
80000               4660                1220.49             112                 128.428             2.8257              
86000               4110                1239.72             219.224             177.192             0.0101802           
41000               2680                3036.96             185.764             0.387167            0                   
41000               2030                1696.25             175.403             36.3698             7.8212              
63000               2140                1299.58             195.117             143.518             5.41192             
41000               3630                1277.2              108.759             498.79              0                   
120000              4250                1475.92             119.011             1.55333             6.88361             
86000               3530                1399.2              112.306             292.57              2.83753             
82000               2490                1258.29             226.455             257.869             36.8                
63000               2500                1333.94             114.007             126.654             2.04025             
41000               4360                1086.91             200.381             431.342             0                   
41000               3500                1367.03             99.6349             220.081             5.22269             
63000               4160                1108.9              109.472             488.278             7.98356             
102000              4720                1296.5              131.592             3.82012             2.50903             
41000               4350                1147.52             135.364             516.705             0                   
83000               2140                1437.52             124.137             34.6313             10.6862             
80000               4110                1093.29             126.93              334.48              0                   
41000               3000                1338.33             119.894             36.3552             10.2657             
41000               2530                1206.52             119.951             384.521             10.1731             
60000               4360                1182.76             198.094             197.612             2.67539             
80000               4220                1350.51             152.18              1.592               11.073              
58000               3520                1434.4              116                 148.564             0.0288014           
41000               2670                1634.58             158.917             0.83634             0.862411            
41000               2250                1309.92             115.788             79.1114             2.6717              
80000               3020                1434.69             119.678             55.2948             2.36693             
60000               4000                1186.92             186.014             513.034             0                   
41000               2030                1617.88             174.983             108.807             0                   
125000              3610                3537.01             190.097             -1.42109e-14        0                   
41000               4110                1520.54             205.343             0                   0                   
80000               4130                1109.87             112.374             446.125             0                   
82000               2650                3092.25             177.069             0.387167            0                   
58000               4360                1213.52             210.097             218.811             0                   
41000               3110                1314.43             114.004             71.0477             5.44619             
103000              4380                1261.24             119.9               164.751             0                   
102000              2020                1591.94             129.22              137.26              0                   
63000               3610                1522.54             96.4823             376.48              0                   
60000               2380                1359.9              136.57              3.82726             10.4666             
41000               2930                1770.06             109.769             455.773             8.21439             
143000              4130                1249.84             101.896             462.276             4.14284             
80000               4090                1168.92             158.428             257.203             0                   
80000               4100                1106.43             126.93              465.862             0                   
41000               4160                1103.94             128.536             508.548             7.98356             
63000               4360                1080.82             106.266             317.013             8.18034             
100000              3390                1581.14             113.53              117.024             0                   
60000               4110                1616.2              198.285             0                   0                   
58000               3410                1510.03             128.022             1.06292             0                   
64000               3520                1390.31             99.6349             160.511             4.28847             
83000               2300                1321.44             114.007             185.699             2.04025             
41000               2020                1725.5              146.865             0.83634             10.1657             
80000               4570                1253.22             131.002             78.506              10.4503             
41000               3050                1501.69             109.472             499.779             0                   
80000               4020                1161.12             187.926             433.025             0                   
63000               4410                1226.92             189.069             167.239             7.2947              
41000               3260                1533.59             96.1769             397.396             8.54175             
41000               3030                1589.34             96.6149             432.231             1.65308             
100000              2080                1389.87             176.715             69.0433             2.90209             
41000               4360                1110.01             110.186             208.031             9.97346             
41000               3360                1423.11             105.897             121.772             6.66348             
80000               4550                1281.44             158.7               7.50368             11.0928             
41000               2560                1256.03             125.478             245.239             10.1731             
80000               2110                1459.23             167.562             3.82726             7.40576             
41000               3890                1342.76             99.6349             276.508             2.38516             
41000               2830                1570.31             194.307             0                   6.06447             
63000               3580                1270.61             111.434             526.379             8.54175             
164000              3370                3331.57             195.574             -2.13163e-14        0                   
83000               2600                3850.14             191.319             0                   11.8651             
63000               3580                1258.1              156.312             499.952             0                   
63000               3810                1254.73             183.253             409.816             3.37729             
41000               4170                1152.17             156.117             356.699             2.94427             
83000               2300                1277.16             126.095             96.4455             11.1338             
41000               4500                1298.84             133.159             1.12781             2.47371             
119000              2150                1668.12             131.309             22.2037             0                   
143000              4250                1431.76             147.988             1.55333             10.5131             
100000              2100                1362.29             137.4               145.036             2.90209             
41000               2300                1323.14             151.723             37.1735             5.44619             
82000               3640                1503.14             127.945             6.68713             7.5574              
41000               2200                1251.8              125.478             337.978             7.01971             
60000               2670                3002.41             177.069             0.387167            0                   
63000               4390                1447.64             214.306             0                   11.3063             
41000               4780                1213.79             125.722             89.4441             0                   
41000               2060                1409.77             140.953             275.624             10.8352             
41000               2800                1585.73             217.169             0.0291541           10.046              
97000               2100                1668.94             126.782             36.3698             7.8212              
66000               3610                1620.38             172.417             0                   10.006              
41000               3060                1491.93             97.1462             461.373             8.54175             
100000              2030                1673.5              155.006             0.83634             0.862411            
63000               2220                1511.55             129.863             22.2037             0                   
41000               4500                1301.18             133.592             0.0163946           10.0422             
120000              3830                1252.39             101.896             456.369             2.04056             
100000              2240                1292.23             126.095             173.515             8.32309             
41000               2560                3182.93             177.714             0.387167            3.78687             
86000               2860                1701.69             112.417             404.078             2.65957             
63000               2140                1376.28             146.865             18.7461             7.95673             
63000               2590                1388.31             126.782             24.7837             9.65344             
78000               4170                1775                121.385             78.1723             0                   
41000               3530                1626.43             102.489             412.873             0                   
83000               2710                2866.63             200.616             0.423626            4.06862             
80000               4630                1311.33             133.108             3.95939             9.62159             
60000               2650                2903.32             163.884             0.423626            10.6038             
41000               2250                1352.28             136.043             4.73686             10.4666             
105000              3520                1359.56             111.434             450.104             2.39679             
41000               3580                1406.96             99.6349             141.082             0.0288014           
122000              4080                1291.71             182.38              186.108             0                   
58000               4360                1226.06             168.112             342.656             0                   
102000              4530                1369.59             140.675             0.445355            0                   
41000               2020                1673.75             126.782             46.7321             0                   
80000               2050                1567.02             126.782             117.513             0                   
103000              4360                1188.01             137.668             164.751             0.999432            
80000               3750                1409.84             112.921             85.2823             4.58805             
58000               2080                1697.5              126.782             36.3698             7.8212              
41000               3110                1625.33             109.883             349.032             1.98843             
108000              2600                4047.43             211.523             0                   11.3427             
41000               3000                1704.11             146.865             3.16181             0                   
41000               4410                1114.01             128.536             244.721             0                   
41000               4420                1111.41             106.099             182.356             0                   
86000               4360                1100.68             191.174             281.336             0                   
63000               4060                1454.77             136.531             -2.84217e-14        0                   
41000               4160                1191.03             173.083             286.168             0                   
120000              4200                1430.69             189.355             1.55333             11.4775             
63000               4060                1114.02             182.485             295.549             0                   
41000               4410                1078.45             112.374             458.217             0                   
41000               2060                1668.82             210.203             3.4448              0                   
63000               2310                1260.9              118.226             325.775             4.1832              
106000              3520                1380.51             120.143             163.625             0.0288014           
100000              2840                1532.09             138.358             0.0291541           4.2831              
86000               4470                1096.15             223.12              285.972             0                   
41000               2090                1385.13             139.79              204.711             8.59238             
142000              3350                3996.15             227.017             -2.84217e-14        1.05405             
41000               4280                1080.52             112.374             397.475             9.09861             
60000               4080                1215.42             152.398             345.016             6.44965             
63000               4720                1182.43             144.659             158.002             0                   
41000               3780                1559.61             96.1769             453.068             0                   
81000               3160                1475.77             132.062             0.25197             8.40473             
142000              3510                3687.05             228.252             -2.13163e-14        5.19091             
63000               2420                1274.02             227.415             79.4839             43.8679             
81000               4400                1281.13             183.613             164.751             4.29599             
61000               2020                1599.82             174.983             144.703             2.50984             
41000               3910                1671.15             151.102             -2.4869e-14         12.7603             
63000               2200                1272.28             113.301             268.813             2.04025             
80000               2020                1672.35             146.865             93.9727             0                   
41000               2750                1371.34             137.818             19.0987             0                   
63000               4410                1185.1              145.59              213.275             0                   
78000               4430                1720.81             119.617             24.3894             0                   
41000               2390                1270.06             125.478             295.332             0                   
41000               2090                1263.18             125.478             281.017             4.87676             
84000               3630                1366.56             118.279             200.968             0.0288014           
41000               4160                1488.91             136.531             -2.84217e-14        0                   
41000               4290                1236.63             165.772             478.601             0                   
77000               2070                1658.96             126.749             70.5865             10.9419             
63000               2060                1619.23             146.865             3.4448              0                   
41000               2810                1287.95             112.921             262.838             0                   
63000               4380                1226.1              112.374             390.862             0                   
41000               2020                1725.63             146.865             3.4448              0                   
