57000               2780                1536.86             103.008             455.67              8.43667             
57000               3330                1429.81             104.111             512.65              8.75433             
84000               2800                1727.56             145.311             13.3961             8.92948             
78000               2530                1665.64             131.919             341.868             12.3285             
61000               4420                1107.21             122.959             371.433             11.1306             
100000              2410                1934.01             143.693             365.015             4.95113             
86000               2550                2178.97             154.593             16.5344             0                   
151000              3130                3742.26             226.37              0                   0                   
61000               4360                1128.36             111.434             446.609             9.60575             
151000              3200                3443.97             193.64              0                   0                   
57000               2890                1591.98             121.441             246.297             9.0605              
57000               3280                1743.64             205.258             85.4483             0.500265            
124000              2490                2408.15             176.748             1.77215             2.93351             
61000               4420                1218.81             101.258             240.791             0                   
123000              2580                1485.46             213.34              369.535             0                   
79000               3740                1066.48             108.694             491.929             0                   
78000               2670                1438.57             108.51              182.224             4.71115             
81000               3550                1213.24             228.817             185.33              33.0855             
78000               2400                2399.37             174.638             273.284             9.55826             
100000              4110                1946.72             160.136             0                   0                   
102000              4380                1506.34             192.746             0.119517            10.86               
127000              4290                1502.71             181.573             1.02112             0                   
100000              2430                2229.3              165.584             312.565             0                   
57000               2380                2182.8              161.804             456.168             0                   
57000               2450                2076.32             155.706             134.035             5.15978             
104000              2480                2496.59             162.378             48.3051             8.18034             
170000              3450                3204.05             175.912             0                   0                   
86000               2570                2158.78             201.997             16.5936             4.16906             
101000              2580                1519.36             118.439             295.817             9.29998             
82000               2460                2366.83             164.65              3.24396             9.52562             
61000               2750                1454.67             218.38              215.144             10.956              
123000              2570                1558.17             115.459             280.219             0.3086              
57000               4030                1972.07             227.142             55.217              0                   
120000              2580                1539.23             192.78              411.267             0                   
164000              3480                4224.34             229.667             -1.42109e-14        6.88719             
101000              2640                1250.75             104.944             444.42              6.10919             
61000               3200                1423.23             202.868             49.5548             0                   
78000               2510                1694.32             203.798             488.79              3.97509             
61000               4420                1131.69             140.044             364.043             9.08088             
101000              2690                1384.03             211.836             224.098             2.37509             
84000               2660                1768.26             130.492             22.7959             0                   
81000               3550                1233.94             220.187             121.971             23.631              
123000              3470                1175.08             130.659             76.4357             8.00954             
78000               2610                1461.08             169.837             303.641             11.5098             
127000              4440                1386.4              218.326             0.366059            7.15387             
61000               3780                1253.44             229.748             62.6655             24.6089             
147000              2430                2457.95             176.748             96.9041             2.89118             
57000               3240                1882.26             162.944             129.109             8.39606             
123000              2750                1391.47             106.665             380.318             0                   
57000               2640                1469.63             103.939             545.857             0                   
102000              3610                1782.96             129.548             16.5941             0                   
82000               2380                1913.25             172.709             369.325             8.96732             
81000               3690                1377.83             189.044             86.0945             0                   
119000              3540                1236.5              135.907             185.33              1.72434             
57000               3850                1811.54             227.938             4.32173             0                   
79000               2510                1702.23             220.502             421.414             0                   
57000               4040                1920.88             220.007             1.24682             2.83565             
57000               2520                1683.65             219.511             469.346             3.04587             
121000              2580                1507.71             143.316             228.226             0.3086              
61000               2410                2412.42             173.976             3.24396             9.52562             
61000               4280                1282.37             116.658             155.931             6.49518             
102000              3300                1216.05             175.292             76.4727             5.78541             
61000               4560                1169.56             124.053             319.282             0.0415946           
81000               4420                1131.66             139.463             345.591             0.0415946           
127000              2460                2365.08             183.4               138.19              2.04056             
57000               4140                1649.64             137.718             17.0289             2.83146             
127000              2450                2413.43             162.378             113.93              3.46635             
106000              2640                2059.04             223.691             3.07819             0.530652            
57000               3110                1793.41             181.523             162.005             5.44263             
57000               2580                2066.1              228.946             226.98              0                   
79000               4110                1879.26             168.352             0                   0                   
81000               3550                1221.83             222.476             170.4               25.9679             
102000              3390                1260.12             229.213             22.4477             5.78541             
102000              2780                1577.41             206.911             125.926             0                   
57000               2400                2100.27             143.693             365.015             4.95113             
104000              2400                2557.56             176.748             1.77215             0                   
102000              4170                1261.73             118.579             5.524               6.41899             
102000              4240                1181.07             99.7966             524.832             0                   
102000              4240                1359.39             213.98              1.02112             0                   
102000              4410                1178.83             129.22              78.1342             0                   
147000              2490                2381.91             176.748             166.93              0                   
57000               2640                1551.02             107.476             289.518             8.22428             
57000               3560                1655.57             152.68              255.415             4.60867             
57000               3250                1464.26             103.939             545.857             0                   
57000               3250                1557.85             104.432             279.335             4.36753             
145000              3340                4098.19             229.673             -1.42109e-14        33.7249             
78000               3220                1369                219.569             6.16716             12.587              
127000              4420                1666.85             183.384             0.119517            9.42568             
102000              4530                1224.16             140.122             0.352667            9.11677             
79000               3910                1215.69             126.497             353.402             0                   
57000               3310                1681.01             167.662             1.24682             8.72171             
119000              2800                1426.97             168.723             191.398             0                   
148000              2550                1626.59             153.438             315.403             0.0417209           
102000              3550                1219.85             200.939             150.844             1.72434             
104000              2380                2543                199.981             40.9087             0                   
57000               2920                1489.71             179.536             373.934             4.60823             
57000               2530                1542.85             130.587             426.834             0                   
57000               2610                1479.67             150.974             418.177             6.88491             
127000              3950                1935.45             192.044             0.669891            0                   
61000               3420                1343.42             229.041             2.31286             31.8092             
101000              3450                1261.06             103.944             413.927             6.81555             
57000               2410                2419.9              196.107             273.284             9.55826             
60000               4020                2107.94             174.978             0                   0                   
101000              2660                1452.94             102.631             247.235             2.36134             
151000              4150                1656.9              227.312             0.669891            0                   
78000               2690                1381.01             221.176             236.455             8.19611             
173000              3290                3506.21             191.152             0                   0                   
79000               4490                1075.7              108.694             467.733             1.31376             
61000               2520                2476.44             173.976             3.24396             4.19724             
82000               4220                1185.79             104.551             223.025             3.4734              
57000               4000                1804.03             156.527             1.24682             9.714               
61000               2810                1440.92             135.907             18.3811             0                   
80000               3210                1131.75             118.778             496.447             3.0381              
99000               2400                2438.98             162.378             102.341             0                   
101000              2600                1359.71             102.631             522.843             0.470877            
57000               3240                2419.28             173.974             273.284             1.53331             
79000               3800                1329.28             116                 135.874             7.65291             
78000               2410                1860.91             140.678             423.277             0                   
57000               2650                2206.48             155.706             298.944             0                   
82000               2350                2031.75             172.709             169.617             9.14591             
81000               3220                1367.12             206.98              12.7143             6.5834              
127000              2400                2532.12             188.617             61.1066             0                   
123000              3360                1286.78             182.5               21.4205             5.78541             
104000              2660                1342.63             157.557             319.41              0                   
147000              2600                2366.61             189.955             1.77215             2.88892             
101000              2660                1719.97             133.392             13.3961             8.92948             
57000               3660                1747.55             166.534             190.578             0                   
126000              3930                1611.55             224.102             0.559089            27.0672             
57000               2830                1499.62             103.035             352.221             0                   
61000               2580                1736.03             154.593             3.07819             2.29559             
61000               3890                1143.55             107.613             330.867             9.03929             
61000               2330                2048.9              216.336             336.549             8.53373             
123000              3740                1331.11             117.877             25.6297             0                   
57000               4240                1111.71             126.52              490.518             0                   
57000               2430                2542.51             174.638             250.045             9.55826             
57000               3380                1114.19             118.778             442.028             0                   
57000               2550                1700.71             184.826             375.751             0                   
100000              2520                1397.65             137.789             411.487             8.70292             
102000              4720                1137.78             118.953             81.783              1.95129             
61000               2660                1587.36             219.454             291.655             0                   
82000               4390                1209.63             208.81              172.12              8.99361             
82000               4220                1194.74             143.529             180.169             9.86911             
101000              3250                1247.38             102.397             473.497             1.25378             
78000               2580                1391.64             110.927             496.419             9.54431             
151000              3400                3223.95             175.912             0                   0                   
101000              3490                1447.71             102.472             308.423             0                   
123000              4410                1372.46             118.504             4.16511             0                   
57000               2550                1739.4              129.934             323.831             11.1874             
102000              4940                1155.59             134.542             47.6903             1.95129             
57000               2560                1764.22             228.565             279.071             8.98903             
57000               3920                1312.34             151.294             144.969             0                   
100000              4020                2103.4              229.228             0                   0                   
61000               2580                1873.49             223.27              21.1979             0                   
102000              3530                1184.91             111.966             38.6382             10.1838             
57000               3660                1520.79             103.008             382.551             0                   
101000              2520                1486.32             130.587             524.7               3.04587             
61000               2410                2392.75             192.748             3.24396             0                   
102000              4500                1344.79             222.04              0.366059            9.23898             
173000              3420                3107.56             193.64              0                   0                   
102000              3850                1405.17             164.041             7.35631             1.98577             
123000              3020                1285.25             112.013             51.566              3.83412             
82000               2470                2174.41             226.972             3.24396             0                   
79000               3950                1387.06             120.248             4.92852             8.67698             
78000               2600                1516.09             102.631             247.235             0.3086              
79000               3810                1290.85             103.856             127.137             0                   
61000               2350                2117.43             194.542             316.852             5.46912             
57000               2520                1524.04             130.587             524.7               3.04587             
102000              3140                1239.47             112.002             33.6501             5.03723             
82000               2830                1509.79             226.516             1.24682             0.424434            
61000               3580                1237.16             135.907             79.9008             1.72434             
61000               4420                1277.42             143.522             202.918             0                   
102000              3500                1186.63             229.495             68.9143             10.2755             
123000              3220                1223.51             148.401             101.694             4.81422             
57000               2470                2217.89             208.66              336.661             0                   
102000              3640                1240.42             219.51              20.8367             7.65345             
78000               3440                1343.43             102.397             500.021             1.25378             
61000               4580                1298.13             135.428             33.5948             0.343192            
82000               2830                1400.85             225.826             173.77              0                   
126000              4510                1555.18             151.294             0                   0                   
61000               4110                1213.41             104.551             180.169             8.3186              
57000               3740                1108.97             126.52              502.695             4.58539             
61000               2700                1322.23             129.548             217.866             0.4412              
61000               4390                1128.71             111.434             417.836             0.0415946           
57000               3600                1517.23             146.887             1.94415             9.43643             
127000              4480                1675.58             228.819             0                   0                   
100000              2400                2129.22             162.464             404.17              0                   
79000               4220                1176.25             99.7966             548.159             0                   
61000               3420                1349.84             229.748             1.24682             21.8988             
79000               4440                1207.26             145.179             85.795              3.81696             
102000              4810                1239.94             117.461             9.28592             9.61432             
79000               4530                1325.21             117.461             14.0914             0                   
123000              4420                1311.92             163.98              0.366059            7.29343             
57000               2470                2363.71             211.617             273.284             4.2201              
57000               4390                1596.22             129.689             1.24682             0                   
61000               4420                1114.4              101.258             364.068             9.08088             
147000              2400                2512.76             176.748             61.1066             0                   
119000              3210                1400.84             152.002             11.9112             1.81572             
57000               3490                1194.85             161.842             354.21              0                   
78000               2610                1360                145.421             494.739             1.56238             
57000               3570                1247.6              130.511             353.823             8.91388             
