273000              2800                3072.91             739.056             4146.05             0                   
273000              2950                2445.2              739.056             4981.51             27.541              
183000              5200                1553.87             762.485             986.172             86.0494             
756000              2850                2716.57             433.779             3894.86             2.37179             
485000              3100                4831.67             792.369             -1.7053e-13         0                   
270000              3950                2755.31             618.564             115.271             54.1648             
375000              4250                4735.17             959.946             33.4389             0                   
644000              2850                5109.58             684.891             1607.98             0.62396             
183000              3150                2236.67             412.123             2750.11             24.3022             
454000              2950                4282.98             919.029             1631.71             112.734             
454000              3000                4694.23             901.147             943.68              62.6267             
485000              3750                4233.97             707.499             341.572             0                   
646000              2800                4885.47             920.752             3081.53             1.7191              
189000              2900                5280.94             714.267             1314.39             34.5604             
183000              3100                1785.17             690.056             4306.77             43.7109             
183000              3800                2514.32             680.022             49.5938             184.926             
183000              3650                2918.07             721.471             49.5938             316.201             
182000              3750                3044.58             938.143             2109.14             224.399             
183000              3300                2174.64             556.509             3809.09             143.852             
276000              4000                2689.41             782.778             49.5938             232.001             
183000              3800                2384.06             630.512             107.986             0                   
545000              2950                3851.07             749.088             3326.63             0                   
273000              3200                4229.31             738.053             186.6               221.661             
177000              3550                4576.72             958.932             635.016             90.9072             
182000              3750                3630.31             952.644             2335.23             136.465             
370000              3650                2302.45             932.892             643.596             0                   
276000              3300                1755.78             664                 4726.29             0                   
545000              2900                4859.09             745.16              1227.37             0                   
485000              3100                4209.31             546.376             705.788             0                   
283000              2850                5193.44             951.034             2151.16             0                   
276000              3800                1641.84             425.061             796.461             0                   
557000              3550                3860.07             557.853             705.788             59.8401             
560000              3350                1405.73             420.02              2994.7              0                   
183000              3500                1628.67             789.269             2132.81             66.2735             
454000              3450                4223.7              417.723             2871.13             0                   
454000              2850                4602.86             385.992             2715.34             41.0471             
386000              3400                3691.73             546.376             707.593             98.4313             
550000              3350                2927.13             651.357             925.963             187.507             
741000              3000                2569.5              639.7               1758.49             67.5882             
373000              4050                2974.52             680.022             49.5938             246.32              
273000              3350                2654.66             390.134             1278.12             162.127             
375000              5250                1517.5              937.087             1324.39             0                   
646000              3000                3806.17             873.141             1639.3              0                   
656000              3000                2658.63             864.226             2658.78             0                   
183000              3300                1998.79             426.408             3811.28             0                   
386000              3550                4905.74             792.369             -2.84217e-14        170.096             
273000              2800                4619.41             416.183             3606.31             0                   
645000              4100                1338.79             664                 2984.41             0                   
644000              2800                2473.89             385.992             4541.62             27.541              
644000              3100                2519.56             702.762             1290.83             107.414             
467000              2850                5356.35             943.184             1722.8              41.1944             
367000              3850                2205.24             598.817             302.247             144.442             
551000              3300                1648.72             755.212             3160.97             47.1477             
644000              3000                2440.01             390.134             1897.77             81.2818             
273000              2850                4726.65             510.558             3267.16             124.224             
744000              2800                2743.01             589.601             4144.77             0                   
183000              3750                1403.6              420.02              2254.61             0                   
182000              3250                3324.79             767.708             2974.43             242.506             
638000              2800                4791.34             744.115             3105.38             79.6233             
460000              2800                2308.39             670.284             4772.89             79.4926             
273000              2800                3951.19             385.992             4361.93             121.345             
183000              4900                1818.26             912.409             622.432             4.88615             
461000              3850                2844.6              760.792             49.5938             273.18              
551000              3100                1617.29             560.623             4422.75             0                   
465000              3200                2963.12             771.797             986.679             203.639             
183000              3450                2232.38             442.494             1009.38             159.925             
182000              3350                3590.09             952.907             3647.72             57.8017             
545000              3000                4499.19             385.992             2734.66             0                   
559000              2950                2551.36             560.623             3192.25             159.739             
183000              4000                2620.31             649.489             84.3458             82.6808             
644000              2750                4785.31             909.223             4528.6              0                   
183000              3750                2951.35             926.517             209.453             0                   
457000              3000                3803.46             495.814             1343.78             90.0067             
182000              3350                3170.66             937.83              1239.28             286.311             
189000              3200                4758                836.906             1271.18             0                   
366000              3200                2569.53             537.474             1178.29             241.185             
557000              3950                3914.47             895.976             10.7889             0                   
183000              3800                1577.87             423.779             913.704             54.4023             
545000              3800                3963.51             957.492             1.72831             307.11              
183000              3100                1973.19             411.194             4202.82             167.652             
569000              3200                4003.89             738.053             185.997             235.473             
183000              3700                1730.82             726.957             1115.84             218.688             
273000              2800                2514.66             385.992             4433.51             27.541              
273000              3250                3672.49             385.992             4117.13             0                   
274000              3700                1803.33             892.864             1119.22             70.7071             
359000              3700                1367.92             726.385             3003.94             43.782              
182000              3200                3935.38             951.859             489.77              234.112             
551000              3300                1934.5              784.454             2225.33             114.415             
276000              3800                1712.29             470.935             715.592             147.929             
182000              3600                2962.15             767.708             3717.63             35.0874             
831000              2850                4321.83             614.184             2791.61             1.43707             
183000              3700                1910.92             930.884             680.992             117.917             
466000              3650                1926.79             567.38              683.625             46.1315             
177000              3400                3038.76             958.317             2160.05             0                   
273000              3000                2788.88             938.992             2505.67             127.783             
370000              4000                1432.97             687.669             1607.13             20.7697             
389000              3150                4595.64             942.082             -2.13163e-13        75.4916             
648000              2800                3039.61             739.056             4012.62             0                   
369000              3000                4580.06             807.988             1075.07             165.979             
183000              3150                1792.66             488.053             3970.13             21.7109             
183000              3200                3153.57             489.498             1799.01             56.0294             
183000              5050                1537.15             929.181             906.277             17.945              
183000              3250                1997.36             795.831             3130.89             90.8868             
273000              2800                4319.89             385.992             3872.73             184.663             
182000              3200                4168.69             839.616             2912.31             272.98              
645000              3650                1388.06             589.038             3605.81             0                   
183000              3400                2393.97             420.02              1083.06             0                   
559000              2850                2423.35             817.08              4302.36             81.2422             
187000              3100                4474.13             938.219             3239.57             157.785             
570000              3650                4774.83             792.369             -1.7053e-13         52.9637             
274000              4150                2263.97             552.05              395.289             0                   
366000              2900                2750.7              854.044             3567.13             15.0659             
189000              3150                4785.17             780.603             590.821             125.633             
183000              3800                1930.32             512.997             562.048             1.71349             
183000              3350                3539.11             735.584             251.962             5.79109             
644000              3050                3992.86             738.053             746.641             161.551             
273000              3100                3290.55             452.955             1326.66             0                   
376000              4050                3248.69             933.163             49.1365             186.224             
183000              4000                1420.18             726.385             1896.97             0                   
460000              2850                4987.73             813.656             1858.65             107.475             
183000              3750                1373.1              560.623             2206.36             65.782              
741000              2900                2363.79             680.112             3479.76             59.4742             
372000              2850                4635.13             842.352             3515.46             0                   
182000              3200                2888.61             936.565             1816.06             264.815             
182000              3900                3914.31             936.541             2257.87             62.2587             
559000              2900                2789.32             438.867             3560                126.097             
651000              4050                4348.66             792.369             12.0562             36.5994             
183000              3500                2462.65             880.073             759.381             244.773             
273000              2800                2446.27             560.623             4682.9              0                   
465000              3300                2498.06             390.134             1314.66             101.845             
273000              2950                4119.7              673.43              4591.02             0                   
551000              3450                1738.03             626.348             1787.99             0                   
469000              4000                1378.5              664                 3488.74             0                   
386000              3900                4721.26             792.369             0                   0                   
372000              3050                3112.78             402.56              1167.24             55.604              
282000              4050                3092.93             782.933             49.5938             151.643             
383000              3900                3440.34             945.805             24.4662             243.462             
828000              3300                2952.91             909.805             1019.23             12.4889             
177000              3150                3588.43             910.881             2739.4              211.74              
375000              3500                1380.56             411.194             1725.22             64.4806             
270000              3250                2786.64             959.764             2808.18             3.02732             
366000              2850                3666.61             872.008             3198.67             64.8559             
182000              3900                2599.93             946.287             1899.16             118.739             
273000              3000                4259.38             426.231             3800.77             213.959             
358000              2800                3948.3              385.992             4161.45             0                   
664000              3200                4293.55             778.117             344.83              77.9431             
644000              2800                4034.08             589.601             3216.71             77.648              
273000              2950                2730.33             526.51              3165.02             141.734             
550000              2950                4315.09             640.984             1411.15             169.052             
183000              6450                1536.64             929.181             918.141             28.8366             
465000              2800                2664.17             739.056             4349.51             0                   
460000              2800                5294.49             758.828             2845                2.21954             
183000              3500                2812.32             913.927             488.892             322.205             
452000              4000                1467.86             775.626             1406.66             115.127             
375000              4050                4689.26             922.292             0.23919             70.6977             
182000              3200                4097.42             899.246             338.621             208.734             
756000              3050                2762.19             450.345             2142.08             57.6489             
277000              3900                1392.44             628.083             2867.97             0                   
465000              2800                2877.15             439.139             4080.69             27.541              
465000              3050                2426.31             874.829             2617.59             34.8199             
454000              3650                2567.15             633.903             103.728             9.22624             
454000              2850                4840.83             557.086             2499.09             0                   
280000              3050                5168.25             577.511             2004.95             3.31099             
559000              2950                2750.44             664                 4678.18             0                   
545000              3100                2696.73             452.317             1527.48             4.88421             
469000              3600                3387.05             735.584             175.416             130.27              
189000              2900                4799.02             577.511             1656.49             4.14585             
183000              3600                3427.23             722.204             49.5938             204.806             
183000              3250                1781.9              929.181             3028.71             21.7109             
560000              4000                1449.7              420.02              1537.91             0                   
367000              2900                2621.25             726.46              3455.28             164.356             
661000              3500                4462.59             645.7               456.346             0                   
644000              2800                2653.1              433.602             4413.03             60.6101             
550000              3000                3268.49             423.721             1511.44             170.421             
389000              3550                4784.21             879.105             -1.7053e-13         126.691             
551000              3900                1383.91             581.213             2335.7              46.8658             
189000              3450                4774.19             739.683             693.195             0                   
359000              4200                1388.73             609.432             2193.39             64.5517             
274000              3100                1730.82             411.194             4235.2              21.7109             
460000              3100                1920.85             670.284             3917.33             99.3565             
373000              3000                5069.19             739.683             944.634             35.9094             
273000              2950                3934.16             644.256             3564.92             135.254             
452000              3300                1829.76             639                 2541.69             150.141             
460000              3400                2546.68             385.992             4470.03             0                   
644000              3300                2261.4              804.424             1806.39             147.078             
273000              2800                4309.83             555.732             3839.22             32.7587             
454000              2900                4544.07             476.473             2690.98             122.413             
182000              3200                4771.2              940.997             1666.6              114.744             
741000              2950                2487.18             581.213             2739.91             113.765             
183000              3850                1478.85             411.194             1550.42             138.728             
274000              3550                2019.43             771.625             1128.56             241.779             
469000              3700                1342.1              420.02              2414.99             10.3852             
189000              3150                4484.47             585.301             1577.56             110.207             
367000              3500                3063.79             656.157             230.551             257.91              
273000              3000                4362.73             453.977             3517.33             62.7693             
177000              3350                4219.13             959.813             823.965             191.757             
183000              3800                1962.15             524.802             552.783             127.066             
559000              3200                3134.52             435.767             3610.11             0                   
182000              3250                3175.73             767.708             3065.83             138.263             
183000              3700                1895.97             512.292             1560.36             162.738             
