125000              2580                1405.97             107.65              96.3916             12.6818             
82000               2750                1251.17             119.552             10.2571             0                   
82000               2360                1433.6              133.439             0                   8.54722             
82000               3360                1207.83             122.75              0.246366            12.8686             
122000              2750                1302.07             107.967             170.514             12.2066             
82000               3160                1139.84             123.284             181.767             0                   
82000               2330                1220.3              119.552             152.515             0.0770726           
82000               3220                1104.17             116.753             134.688             0                   
105000              2560                1352.84             111.351             158.315             14.2676             
82000               2350                1215.2              115.497             261.849             0.0770726           
122000              2800                1285.74             113.206             169.745             8.55992             
82000               2110                1485.86             143.957             124.211             0                   
105000              2550                1535.5              109.158             93.113              0.475207            
125000              2550                1411.67             109.158             118.783             2.4328              
82000               3770                1397.11             119.608             0.246366            0                   
82000               2500                1224.58             122.75              0                   5.97753             
82000               2490                1224                114.646             145.273             8.50791             
82000               4250                1230.24             113.394             93.2831             4.0031              
82000               2950                1274.27             112.553             140.918             0                   
82000               3030                1173.72             138.265             162.114             9.82568             
122000              3000                1406.52             122.008             1.87778             14.812              
82000               2230                1454.59             131.027             153.788             12.7084             
122000              3060                1488.88             108.569             162.573             0                   
105000              3110                1507.28             106.522             72.5009             2.05477             
82000               2490                1257.99             122.75              0                   13.3048             
82000               2390                1227.34             136.325             142.259             0                   
125000              2580                1360.57             112.381             239.066             0                   
82000               3300                1081.76             119.295             162.675             10.3948             
82000               4110                1376.8              116.481             30.987              4.50939             
105000              3390                1452.91             106.606             72.5009             10.7281             
105000              3530                1120.7              119.295             87.0319             0                   
82000               4360                1321.5              115.118             30.987              7.31243             
82000               3190                1114.6              123.284             205.768             9.82568             
82000               3300                1087.56             119.295             162.675             3.22838             
82000               2220                1375.37             183.501             129.87              0                   
105000              2550                1512.06             107.683             68.3275             10.6147             
82000               2330                1258.66             127.294             84.6685             0                   
82000               2720                1228.69             129.675             0                   0.0770726           
82000               3360                1132.87             119.295             98.0602             13.0906             
82000               3660                1123                109.893             102.427             12.2489             
82000               3720                1360.2              138.948             -7.10543e-15        12.6183             
122000              2800                1288.73             113.206             171.12              0                   
82000               2250                1313.09             130.516             151.531             7.41729             
82000               2250                1325.71             126.807             116.966             13.7251             
82000               4250                1114.55             121.788             9.85829             10.2706             
82000               4000                1094.37             119.295             31.2774             9.24655             
105000              2720                1321.19             109.158             187.918             0                   
82000               2530                1372.67             115.497             90.238              8.31804             
82000               2360                1328.68             127.57              0.0780047           14.4406             
105000              4220                1135.08             121.297             29.3703             0                   
82000               2440                1251.52             117.089             26.2937             0.0770726           
82000               2280                1283.83             114.646             131.59              0.0770726           
105000              2800                1507.55             107.043             72.5009             14.2614             
105000              3860                1417.27             118.328             23.5645             0                   
125000              2820                1466.76             107.266             124.445             12.2066             
82000               3470                1094.89             106.503             162.114             7.16645             
82000               3330                1164.21             127.547             52.0082             7.16645             
82000               3470                1186.47             115.641             113.758             0                   
105000              2500                1588.24             110.997             121.76              6.67147             
99000               3720                1215.71             123.632             1.07781             0                   
82000               2250                1477.61             119.929             0                   0                   
82000               2180                1424.03             139.462             203.353             0                   
105000              4030                1175.82             119.295             0.254051            0                   
82000               2270                1326.96             122.613             47.6858             11.463              
82000               3780                1216.77             126.848             1.09003             0                   
105000              2180                1427.25             139.462             169.913             0                   
105000              2500                1503.83             114.511             117.145             0                   
82000               4000                1124.35             121.293             0                   6.97195             
82000               4250                1348.92             116.481             30.987              0                   
122000              2500                1491.65             108.569             161.198             8.55992             
102000              2490                1303.48             123.879             0                   7.24352             
82000               3300                1221.61             119.295             33.1618             11.2095             
82000               3410                1130.58             116.753             71.9988             0                   
122000              2750                1336.56             107.967             91.6527             12.2066             
82000               4170                1373.74             116.481             30.987              12.7487             
82000               2410                1200.62             119.552             267.934             0                   
82000               3190                1184.47             137.026             110.956             12.8627             
82000               2130                1491.83             132.551             122.594             6.92117             
82000               3940                1156.94             121.293             0                   14.1384             
82000               3390                1107.7              119.295             7.41757             10.8503             
82000               2500                1213.92             123.879             53.3395             12.0414             
82000               3220                1164.74             137.281             130.102             0                   
105000              3770                1201.83             119.295             62.2295             0                   
105000              3390                1278.22             113.206             105.259             13.1178             
82000               2360                1280.54             122.613             43.5176             13.5071             
82000               2230                1411.94             147.295             129.87              0.0770726           
82000               3060                1403.01             122.583             0.246366            13.9909             
105000              3050                1368.04             122.008             0                   11.7238             
82000               3220                1099.81             106.503             162.114             2.65923             
82000               2250                1400.05             136.373             129.603             8.49783             
122000              2500                1502.94             109.158             125.787             0                   
82000               2250                1473                119.689             2.74879             7.40248             
82000               2470                1323.08             116.496             62.9112             3.04615             
82000               4330                1129.54             106.503             115.172             7.16645             
105000              2500                1506.12             108.569             161.198             8.55992             
82000               2500                1253.29             129.327             0.482317            2.61375             
82000               3940                1150.63             119.295             4.65483             4.2027              
105000              2810                1319.67             107.967             83.5035             8.55992             
82000               3720                1134.5              106.503             113.688             0                   
82000               4160                1093.88             119.295             156.356             5.98742             
82000               3940                1090.63             123.284             69.8211             14.1384             
82000               2230                1365.85             147.487             126.664             13.4145             
82000               2750                1220.39             123.879             0                   14.2116             
105000              2770                1497.68             108.962             121.468             12.2066             
105000              3110                1432.84             107.266             149.583             0.475207            
82000               2420                1359.33             152.696             8.90986             0                   
82000               2250                1383.16             136.39              94.8344             13.7251             
99000               3050                1251.67             119.438             9.76103             0                   
105000              3160                1498.41             106.522             105.13              9.14856             
99000               4190                1358.92             109.858             61.2232             0                   
99000               2190                1375.29             138.603             124.079             0                   
82000               2190                1489.4              132.026             67.9944             7.95307             
82000               3720                1340.27             123.632             7.38054             1.58562             
82000               4000                1097.58             119.295             19.8825             14.1384             
122000              2720                1380.8              107.967             84.1679             8.55992             
105000              2530                1409.91             109.797             95.9117             12.6818             
125000              2580                1410.19             107.683             95.1429             9.03513             
82000               4160                1126.11             119.295             100.079             0                   
82000               3330                1215.27             128.087             102.427             0                   
105000              3050                1440.25             107.266             149.913             7.5015              
105000              3110                1366.65             122.008             0                   14.812              
82000               3780                1086.29             119.295             145.477             7.16645             
82000               2250                1462.7              117.481             156.366             14.2073             
105000              3060                1280.72             107.967             163.134             12.2066             
105000              2860                1269.28             113.206             163.74              4.5579              
105000              3420                1601.17             119.295             0.246366            0                   
82000               2750                1439.43             123.857             0                   0                   
105000              3310                1509.29             108.509             150.933             0                   
99000               2220                1318.76             134.408             163.104             0.0770726           
125000              2550                1486.16             107.043             72.5009             14.2614             
105000              3670                1576.27             118.751             10.7905             2.75544             
82000               4160                1095.03             119.295             155.205             0                   
105000              3550                1389.87             122.008             0                   3.16391             
82000               2250                1408.71             147.097             10.9705             8.54722             
82000               2130                1509.21             132.551             94.5799             10.2221             
105000              4390                1105.18             119.295             89.8969             0                   
125000              3160                1459.28             107.266             117.376             0.475207            
82000               4060                1373.22             109.858             53.8426             11.5197             
82000               4390                1139.83             110.516             100.648             12.6891             
82000               3770                1206.01             139.196             33.3362             0                   
105000              3160                1513.61             106.515             97.9143             14.2614             
82000               3940                1105.71             123.284             54.5934             11.3691             
82000               3220                1254.03             115.641             102.427             4.86378             
82000               3160                1132.43             127.328             219.886             7.16645             
105000              2560                1496.13             109.158             159.521             0                   
82000               3170                1118.77             106.503             162.114             13.6251             
82000               2440                1281.67             142.438             0.267899            0.0770726           
82000               3110                1219.46             126.387             0                   5.97753             
105000              2800                1288.29             113.206             217.093             0                   
105000              3560                1312.13             111.526             86.0893             4.5579              
105000              3140                1391.13             107.65              132.207             12.6818             
82000               2550                1196.63             130.458             149.918             3.82205             
82000               2330                1386.8              115.646             72.8932             0.0770726           
105000              2800                1303.32             107.967             245.134             12.2066             
105000              2750                1329.2              107.967             170.901             12.2066             
105000              3310                1306.5              107.967             106.026             8.83854             
82000               3670                1265.81             147.447             -7.10543e-15        0                   
99000               3720                1242.81             119.295             1.32417             13.992              
82000               3220                1089.5              111.772             160.369             8.15112             
105000              4390                1098.34             119.295             139.291             0                   
82000               3000                1284.44             119.223             13.3999             2.56959             
82000               2130                1496.98             132.026             134.413             0                   
82000               4330                1136.55             106.503             109.028             12.0139             
105000              4220                1147.82             119.295             0.778138            3.02511             
82000               2320                1245.42             115.497             230.053             0.0770726           
105000              2550                1478.34             107.043             159.218             12.6818             
105000              2550                1499.71             112.06              85.5079             2.05477             
122000              2500                1481.06             115.046             162.573             0                   
82000               3280                1108.61             106.503             130.995             9.82568             
82000               3470                1100.69             106.503             162.114             0                   
105000              2520                1437.81             107.266             145.896             14.6394             
82000               2780                1264.55             114.102             133.24              3.4797              
82000               2250                1444.22             119.929             0                   3.15382             
122000              3100                1517.03             106.522             72.5009             10.7281             
105000              2780                1421.17             112.771             95.6229             8.55992             
82000               3300                1149.36             115.766             77.3018             3.22838             
125000              3100                1428.63             107.266             180.802             0                   
125000              2580                1346.84             112.381             239.835             12.2066             
82000               3780                1225.27             119.295             0.246366            13.992              
82000               4270                1322.7              109.858             53.8426             9.19855             
122000              3250                1340.57             107.967             90.884              0                   
82000               4060                1409.04             113.565             54.5054             10.4838             
82000               3240                1127.41             129.282             101.884             10.3948             
122000              3000                1367.23             116.386             53.1715             0                   
82000               2140                1487.57             138.603             49.1343             2.35638             
82000               2390                1206.81             126.984             186.071             0.0770726           
122000              2750                1318.15             109.158             118.702             0                   
82000               2500                1222.34             122.75              42.3496             4.21719             
82000               3780                1254.87             123.632             -7.10543e-15        1.58562             
105000              2530                1358.41             111.857             195.503             8.55992             
82000               2500                1412.32             119.485             0                   9.66381             
82000               3160                1104.06             111.385             236.866             9.82568             
82000               4310                1310.68             109.858             59.5181             0                   
82000               3190                1118.04             123.284             226.729             0                   
99000               2440                1274.52             119.552             12.1349             0                   
82000               2140                1484.9              135.425             56.246              0                   
105000              4320                1306.9              109.858             53.8426             9.19855             
82000               2200                1412.44             146.511             0                   0                   
82000               4030                1208.55             119.295             0.246366            0                   
82000               2130                1491.49             135.995             98.4318             0                   
