119000              2520                1455.66             114.497             8.56287             11.9804             
105000              4300                1176.87             121.217             0.704104            12.9023             
83000               2020                1352.14             111.916             158.671             11.1287             
101000              3790                1053.71             120.994             154.159             7                   
83000               2650                1567.22             113.755             39.7964             12.478              
65000               2080                1465.68             135.823             47.0362             8.95333             
100000              3270                1479.75             131.897             0                   10.2508             
102000              2670                1291.78             106.695             9.0461              11.7619             
65000               2140                1602.01             128.585             43.7055             1.45192             
83000               2030                1244.11             124.134             137.799             5.70457             
83000               2890                1173.62             109.458             79.1338             0                   
83000               1980                1465.76             158.776             105.811             7.50143             
104000              2020                1372.7              111.916             129.688             12.6251             
84000               4470                1232.26             116.725             40.0896             9.95583             
83000               2020                1445.56             129.016             143.763             12.6251             
102000              2150                1356.36             107.406             141.58              0                   
84000               4330                1144.73             121.217             0                   12.9023             
84000               4500                1067.65             120.994             99.1276             7                   
83000               2470                1124.5              112.823             109.429             14.5444             
102000              1960                1675.34             166.51              13.5169             0                   
102000              4280                1169.6              100.931             140.125             0                   
83000               2350                1109.85             116.003             141.132             10.8999             
84000               4140                1169.19             103.32              139.831             11.1489             
65000               3390                1478.84             123.449             53.6089             0                   
65000               2890                1583.45             131.658             0                   3.91481             
102000              2190                1222.25             135.091             32.8686             11.4973             
65000               2750                1500.59             139.692             46.6305             9.73736             
84000               3770                1043.55             120.994             207.393             7                   
65000               3390                1536.79             121.729             70.8983             8.3541              
104000              2170                1280.79             174.021             73.3167             0                   
119000              2600                1320.82             106.639             60.3789             0                   
104000              2030                1212.68             112.823             161.642             11.7442             
84000               3550                1108.52             127.766             104.742             0                   
100000              2260                1619                115.018             50.1216             0                   
84000               4640                1190.5              105.639             82.7111             0                   
102000              4140                1175.91             100.931             140.125             4.1678              
83000               1990                1627.57             142.078             8.23523             7                   
84000               4750                1247.91             118.133             58.9893             0                   
83000               2100                1694.11             125.166             3.75203             12.9658             
84000               4390                1096.54             120.994             29.7151             7.79447             
102000              3250                1171.2              106.695             86.94               12.4798             
104000              2270                1120.54             116.003             141.132             7.24857             
84000               3800                1034.55             122.817             139.45              0                   
84000               3830                1099.15             120.994             59.4704             7                   
83000               2030                1332.04             174.021             100.106             5.70457             
83000               2550                1135.78             154.053             119.119             0                   
102000              2340                1191.84             105.742             127.397             14.0517             
83000               1940                1617.62             167.96              0                   0                   
84000               3580                1077.9              129.351             118.997             6.25374             
102000              2390                1348.61             163.765             -7.10543e-15        3.65137             
84000               3800                1043.08             120.452             131.721             11.7898             
123000              2190                1247.38             107.406             141.58              10.575              
84000               4250                1070.22             128.845             136.778             5.54924             
102000              2280                1194.18             105.742             137.689             4.08226             
65000               3250                1365.37             135.981             20.8768             0                   
65000               2190                1571.38             137.046             1.37521             7.66804             
102000              2840                1231.8              103.52              137.212             12.4525             
65000               3130                1384.32             138.539             0                   12.7734             
84000               4640                1138.41             118.995             91.136              3.83438             
83000               1970                1562.78             166.51              0                   12.9143             
123000              2210                1297.33             107.406             136.165             6.93626             
100000              2660                1460.75             115.701             0.0394997           12.478              
119000              2500                1218.53             124.423             23.2155             0                   
83000               3270                1507.61             111.076             7.98631             0                   
65000               2920                1542.75             124.895             39.0978             1.95381             
102000              3360                1215.44             134.43              0                   0                   
82000               2050                1343.95             140.005             170.737             11.7442             
100000              2040                1637.09             127.89              0                   10.4579             
83000               2590                1383.04             111.217             137.797             12.6251             
83000               2000                1621.6              127.982             48.5393             3.13078             
100000              2030                1249.64             126.833             132.27              4.49561             
119000              3130                1668.65             114.293             0.763542            0                   
84000               4440                1088.05             103.306             200.798             0                   
82000               2020                1354.41             154.236             177.048             0                   
84000               4490                1085.83             103.306             223.586             7                   
105000              3740                1126.5              122.817             69.4944             0                   
140000              2740                1252.13             115.179             7.41102             0                   
84000               4390                1072.36             112.716             141.123             0                   
102000              2560                1210.98             107.406             9.19291             0                   
83000               1940                1556.91             166.51              14.5216             8.15586             
119000              3560                1236.84             104.088             84.6094             4.81665             
83000               2410                1121.11             125.43              127.482             0                   
102000              2710                1378.95             104.163             141.58              0                   
104000              2030                1229.03             114.685             139.608             0                   
83000               2030                1513.87             174.021             31.2804             0                   
102000              2250                1423.42             131.46              0.833334            13.3557             
83000               2090                1293.86             124.134             74.8243             13.4397             
102000              4050                1193.95             115.179             0.561562            0                   
65000               2580                1556.76             143.235             0                   11.5487             
65000               4050                1503.44             135.959             12.1281             0                   
83000               2140                1338.52             143.606             106.91              9.11181             
83000               2200                1233.8              135.091             4.5653              5.53483             
83000               2020                1565.31             128.112             0                   12.8681             
83000               1970                1586.25             165.453             0                   3.3727              
102000              3670                1185.78             101.501             123.936             0                   
84000               4330                1120.84             122.817             21.5525             0                   
102000              4220                1143.17             103.404             116.424             13.038              
102000              2750                1171.31             127.266             38.5119             8.42474             
119000              3560                1228.32             104.088             98.9901             14.2367             
84000               4640                1073.98             106.001             140.73              7                   
104000              2550                1110.22             126.804             111.469             10.8999             
84000               4640                1136.66             102.561             140.748             0.521354            
83000               1970                1567.78             158.776             105.811             10.5758             
119000              2230                1448.82             115.018             40.0369             11.9804             
119000              2450                1372.58             107.406             107.171             0                   
121000              2190                1237.51             135.091             4.5653              11.4973             
104000              2270                1266.56             145.977             92.2104             0                   
140000              2230                1468.07             123.731             16.5079             0                   
82000               2030                1246.73             171.875             218.973             11.7442             
119000              3430                1532.42             114.293             0.763542            0                   
140000              3940                1231.25             102.33              114.746             14.2367             
119000              2270                1406.37             131.1               0                   0                   
119000              2210                1534.42             125.103             35.0358             3.59548             
104000              2570                1475.69             112.968             7.98631             3.68777             
84000               4390                1134.61             124.731             0                   6.3398              
83000               3020                1093.17             108.053             134.086             5.19537             
119000              3550                1229.19             104.088             164.196             0                   
82000               2010                1426.01             154.236             195.957             11.7442             
83000               3060                1309.04             135.068             0                   8.87062             
83000               2170                1290.24             174.021             80.4604             7.24857             
83000               3270                1465.7              111.076             57.3855             7                   
119000              3300                1212.83             116.502             1.22462             1.09368             
84000               4500                1130.74             107.413             79.475              12.7291             
103000              2210                1179.01             127.4               190.021             7.24857             
84000               4580                1134.76             120.994             5.27962             2.08676             
123000              2210                1295.4              107.406             141.58              0                   
102000              4270                1173.09             100.931             104.076             6.03801             
84000               3770                1045.92             122.817             206.845             0                   
84000               3580                1152.85             121.622             0.133924            0                   
119000              4170                1233.46             102.33              74.7809             0                   
102000              2850                1375.45             104.163             132.897             4.81665             
65000               3220                1588.31             123.449             12.1281             5.33668             
123000              2420                1217.3              117.644             55.9352             0                   
83000               2020                1435.69             136.256             113.142             5.70457             
65000               2190                1547.89             127.982             13.5033             0                   
83000               3150                1560.45             111.076             34.9036             3.87897             
65000               2190                1590.54             137.046             0                   12.9143             
123000              2260                1378.72             123.731             21.5655             3.65137             
84000               4890                1172.78             102.561             87.8685             8.70358             
65000               3560                1459.94             124.807             34.5749             12.6414             
65000               3280                1564.54             123.449             12.1281             8.36816             
83000               2190                1416.15             152.769             0                   8.5891              
83000               2260                1142.68             112.823             209.609             7.24857             
119000              4030                1178.16             102.33              134.74              7                   
104000              2160                1190.83             114.685             188.438             1.544               
83000               3340                1395.79             121.396             57.8099             12.1533             
101000              2080                1333.15             152.503             122.064             0                   
83000               2020                1338.3              111.916             163.256             0                   
83000               3270                1080.29             116.003             141.132             10.8999             
104000              2200                1266.83             135.549             0                   0                   
83000               2550                1153.28             131.153             93.9028             2.18258             
65000               3670                1393.65             130.278             51.4066             11.0515             
102000              3530                1108.34             110.697             122.272             11.4549             
123000              3350                1245.97             106.695             9.0461              0                   
65000               3670                1414.34             124.895             19.5171             6.21204             
83000               2270                1261.38             174.021             59.9871             0                   
83000               2260                1157.15             112.823             215.499             0                   
102000              4520                1146.95             100.931             142.009             11.4595             
83000               2030                1493.52             141.909             77.8906             0                   
83000               3080                1129.85             109.309             102.001             10.8999             
83000               2040                1708.04             127.982             0                   10.4579             
119000              3470                1441.89             114.795             0.87601             6.46514             
83000               2200                1245.49             135.091             0.306323            11.4973             
83000               2030                1426.05             111.916             84.0652             0                   
104000              2260                1139.56             114.685             203.005             0                   
83000               1980                1488.24             158.776             94.2124             12.819              
119000              2260                1411.26             115.018             50.1216             0                   
104000              3190                1107.09             114.685             137.779             0                   
84000               3970                1369.67             119.176             23.1926             12.7612             
128000              2190                1391.17             188.121             0                   11.4973             
65000               2190                1533.62             137.856             62.8271             0.784028            
83000               2110                1523.13             145.9               45.9873             2.51212             
65000               2940                1435.02             149.984             0                   12.3353             
102000              3360                1178.28             106.695             26.9128             4.49561             
119000              3290                1580.73             114.293             0.763542            3.2365              
65000               3190                1391.47             138.539             0                   0.784028            
83000               2020                1265.58             112.823             161.066             5.70457             
104000              2810                1224.48             135.091             0                   11.4973             
84000               4500                1070.01             122.817             98.5797             0                   
83000               3560                1384.08             110.652             34.7127             0                   
104000              2600                1127.8              112.823             94.4612             9.35594             
83000               2550                1177.98             139.353             70.0112             9.35594             
84000               4500                1192.09             116.566             22.4647             11.4105             
65000               2700                1572.66             148.656             0                   0                   
120000              2060                1628.06             127.982             0                   10.4579             
102000              2560                1199.95             117.644             0.146813            3.65137             
100000              3160                1449.38             135.42              0                   0                   
84000               4200                1406.72             117.396             23.0483             4.02713             
102000              3440                1298.06             114.986             0.754389            5.4696              
65000               2580                1516.39             123.449             12.1281             11.5487             
65000               2050                1565.95             155.587             12.1281             12.8681             
65000               3160                1429.84             145                 23.0201             6.9221              
83000               2180                1585.93             119.404             0.722466            0                   
65000               2110                1486.36             127.982             86.1765             15.2994             
65000               2190                1524.72             128.112             47.8578             12.4673             
84000               4330                1223.83             135.13              0                   0                   
83000               2810                1267.35             137.93              0                   0                   
65000               3220                1372.78             138.539             0                   6.9221              
65000               2030                1609.97             142.613             0                   0                   
65000               2080                1568.05             143.235             0.759067            9.73736             
