187000              5450                1348.13             473.141             0.715279            241.521             
196000              2550                1227.19             313.539             637.25              10.0819             
175000              2950                2747.97             556.853             507.91              0                   
281000              3050                1095.95             338.322             817.587             30.2963             
283000              5450                1394.68             478.327             0                   59.8253             
175000              3250                2367.29             601.383             70.7144             319.862             
271000              2250                1412.78             307.876             1102.22             110.536             
181000              3250                1482.51             699.189             736.348             90.0732             
286000              5500                2004.8              555.168             -1.13687e-13        0                   
175000              3500                1691.45             514.225             507.968             479.497             
175000              3500                1899.46             457.232             400.817             18.9117             
172000              3500                1846.67             681.037             920.486             234.003             
175000              2700                2989.7              642.62              -4.26326e-13        175.932             
371000              2500                2208.7              463.387             512.429             0                   
185000              3050                1743.41             491.355             240.778             319.361             
185000              3550                1610.94             478.943             0                   184.449             
196000              2550                1976.1              550.478             0.838734            0.822131            
463000              2500                1743.73             602.586             623.03              0                   
187000              4850                1114.04             445.156             105.847             56.0025             
378000              4000                1152.53             394.352             632.225             8.5672              
175000              3000                1376.58             278.809             1106.7              51.5874             
175000              3300                1416.79             707.668             774.989             293.925             
185000              3550                1244.45             759.055             907.856             174.126             
175000              2250                1876.36             608.442             746.78              70.0499             
196000              3550                1048.05             328.433             1070.28             68.7794             
272000              2500                2373.36             700.742             18.0251             95.5476             
373000              2750                2626.62             579.555             266.671             0                   
463000              2500                1604.69             332.447             866.26              0                   
264000              2500                1996.4              532.258             533.665             135.943             
187000              4900                1149.12             436.485             401.248             3.52257             
196000              3550                1160.53             295.665             666.092             57.4489             
187000              3100                1378.08             611.797             -1.42109e-14        0                   
175000              3000                1539.51             532.544             868.237             185.533             
463000              2500                2360.97             703.616             300.237             1.18761             
196000              2550                1094.44             285.941             1052.27             210.287             
175000              2250                2383.03             570.866             519.384             417.789             
175000              2500                1800.09             368.506             837.358             386.91              
463000              2500                1646.5              339.951             726.561             70.7883             
175000              3250                2030.92             566.689             537.529             286.472             
175000              2500                2530.73             685.912             0.146006            424.017             
368000              4050                1141.09             376.023             340.695             147.073             
185000              3250                1517.79             946.689             576.749             209.791             
175000              2250                1428.56             305.916             1106.66             0                   
175000              3000                1744.25             532.544             718.331             253.993             
281000              4000                1104.32             405.443             710.694             55.7735             
183000              3300                1417.99             679.97              367.039             331.711             
181000              3300                1783.21             772.502             285.677             583.201             
272000              4500                1314.86             425.967             261.767             181.041             
175000              3250                1408.31             386.636             972.544             352.293             
175000              3000                2711.11             643.726             0.29455             381.119             
175000              3500                1924.03             604.902             610.604             0                   
278000              2500                1376.37             629.172             1076.92             6.92124             
281000              2800                1589.96             580.297             322.981             93.598              
175000              2250                2038.28             441.649             764.891             312.993             
271000              2500                1374.25             297.978             1108.32             0                   
373000              2500                2910.34             632.266             0.101292            70.5161             
183000              4600                1472.48             632.249             234.232             71.6356             
283000              4400                1084.12             436.485             117.612             25.6856             
368000              2250                1678.87             563.629             710.257             60.9675             
457000              4500                1137.97             374.883             351.996             147.073             
175000              2750                1330.57             572.92              1287.14             0                   
183000              4850                1652.53             617.681             85.483              53.1247             
175000              3500                2422.8              746.147             0                   124.962             
368000              2500                1346.54             378.036             876.951             0                   
272000              2250                2153.35             577.292             205.675             66.7165             
175000              2500                2048.32             513.524             587.195             504.725             
196000              2550                1118.18             290.758             980.171             0                   
172000              3300                1748.83             685.211             349.959             391.75              
368000              4600                1405.86             444.043             85.0937             95.361              
368000              2250                1288.41             305.87              1096.95             1.59081             
283000              2800                1843.99             505.018             0.00855812          165.316             
373000              2250                2918.17             600.177             0.101292            0                   
175000              2750                1880.07             451.715             739.873             0                   
175000              2500                1950.23             660.481             689.931             0                   
185000              3550                1257.82             392.636             303.723             174.126             
463000              2500                1888.42             582.148             449.657             56.1793             
175000              2500                2634.13             609                 169.369             0                   
175000              3500                1315.9              388.764             1108.61             102.099             
368000              5300                1129.49             442.771             101.15              25.6856             
196000              2550                1411.55             392.153             475.113             11.9954             
175000              2700                3112.51             721.112             -2.84217e-14        0                   
196000              2550                1206.64             310.367             599.078             194.411             
467000              5500                1692.3              479.67              -2.84217e-14        133.657             
373000              2250                2829.28             587.358             54.0726             70.5542             
175000              3200                2886.57             616.433             -2.27374e-13        0                   
175000              2250                2814.02             681.993             -4.26326e-13        120.393             
196000              4000                2148.98             599.066             -1.13687e-13        15.5839             
172000              4600                1448.16             529.31              297.813             115.681             
272000              5300                1210.44             461.803             101.15              8.65218             
175000              2250                2180.55             500.071             633.474             350.965             
175000              3000                2043.25             707.638             535.975             0                   
271000              2250                1644.38             652.722             844.921             64.7215             
359000              2250                1300.06             546.043             1204.9              150.671             
185000              3050                1751.53             921.732             221.652             209.692             
364000              6350                1346.72             474.502             -2.84217e-14        121.462             
175000              3200                2464.53             680.015             312.569             0                   
371000              2500                1937.55             547.245             541.183             319.001             
175000              3750                1726.5              428.057             744.707             128.842             
373000              2500                2742.29             579.339             320.974             21.8474             
175000              3200                1330.82             379.719             1384.18             0                   
262000              2500                2479.43             566.845             355.712             0                   
271000              2500                2455                625.727             67.422              292.741             
463000              2500                1784.74             462.381             608.231             163.046             
275000              3000                2542.64             667.749             -2.27374e-13        145.25              
283000              4850                1343.57             568.18              -5.68434e-14        200.019             
175000              2500                2323.96             622.502             150.719             386.391             
371000              4000                1472.88             601.324             -2.84217e-14        0                   
175000              2250                2328.21             616.578             173.705             203.953             
196000              3800                1421.8              363.029             493.763             0                   
175000              2750                2261                512.901             511.957             469.914             
262000              2250                1395.94             462.474             1105.11             173.755             
187000              4400                1178.01             474.457             41.554              168.755             
271000              2500                1312.87             629.997             1350.81             157.455             
187000              4400                1094.27             433.531             379.015             106.62              
368000              5050                1072.06             433.531             346.939             106.62              
378000              3550                1162.81             394.352             479.992             8.5672              
272000              2250                2415.72             722.189             0                   188.945             
175000              2750                1630.21             350.813             883.879             0                   
463000              2500                2183.22             474.744             456.413             0                   
175000              3200                1329.43             494.152             1500                0                   
268000              5900                1229.32             474.457             41.6195             100.828             
262000              3500                2437.85             821.78              -2.27374e-13        24.0997             
196000              2800                1078.22             285.941             1020.13             137.054             
358000              2250                1326.75             477.962             1163.81             0                   
175000              3700                2413.46             576.387             449.511             0                   
360000              5900                1336                478.256             0                   58.8827             
175000              3250                2066.53             523.597             470.933             445.087             
271000              2750                1494.49             561.071             976.211             3.37662             
286000              4850                1468.71             538.392             -2.84217e-14        69.4728             
370000              3500                1477.85             407.394             258.738             66.5025             
175000              2500                2363.47             568.61              357.309             476.25              
175000              2950                2445.43             532.258             509.541             167.187             
467000              3750                1551.53             552.275             -1.77636e-15        0                   
368000              2250                1429.56             394.638             992.951             103.895             
187000              2850                1254.13             466.606             64.0255             0                   
272000              2250                2418.6              642.345             0.105396            269.781             
183000              3050                1912.56             994.034             297.81              181.01              
175000              2250                1543.74             385.34              979.556             37.8048             
286000              3750                1812.56             501.681             -2.84217e-14        0.697022            
196000              2550                1478.89             431.035             382.208             257.027             
262000              2250                1356.97             600.351             1288.85             0                   
358000              3200                2481.08             648.466             -1.84741e-13        97.9695             
175000              2700                3022.31             663.94              -4.40536e-13        421.121             
279000              5900                1584.82             474.141             0                   92.2507             
368000              4050                1114.2              354.883             684.362             138.505             
175000              2750                1525.54             340.236             851.548             241.729             
175000              3500                2215.03             648.299             245.797             251.218             
175000              3250                2718.79             596.971             36.1026             445.294             
175000              2250                1423.08             299.613             1105.11             144.578             
187000              4400                1201.05             547.842             64.3209             0                   
175000              3000                2694.46             622.141             129.826             176.961             
185000              3550                1390.26             449.297             229.183             323.986             
181000              3300                1923.42             793.363             163.875             569.158             
175000              2250                2710.64             721.112             0                   0                   
175000              3750                1373.47             388.764             1051.03             223.46              
293000              2800                1214.03             507.826             747.047             0                   
272000              4000                1539.16             478.943             3                   184.449             
183000              3300                1509.53             732.02              337.126             312.839             
373000              2250                2686.36             579.555             215.577             0                   
279000              6350                1693.16             474.141             0                   79.585              
175000              2250                2591.6              691.211             99.663              307.787             
183000              5900                1359.61             486.329             213.96              129.382             
183000              4600                1334.39             591.927             272.704             214.868             
196000              2800                1878.26             537.146             0                   206.606             
187000              2850                1204.33             581.615             121.711             134.101             
272000              3300                1434.02             570.646             -2.84217e-14        128.259             
175000              2250                2773.25             642.62              11.6279             269.114             
463000              2500                2279.25             519.113             355.589             36.3568             
185000              3550                1544.44             473.138             29.3208             0                   
554000              4900                1149.55             394.352             664.17              8.5672              
368000              2500                1280.47             532.487             1156.64             11.0352             
368000              2500                1282.63             292.444             1102.73             113.047             
175000              2250                2381.19             599.075             366.118             0                   
175000              3500                2514.12             731.681             -2.55795e-13        21.2513             
175000              3500                2023.09             606.21              355.017             445.087             
271000              2500                1279.08             604.491             1370.2              82.7021             
282000              4000                1225.68             392.636             360.544             174.126             
187000              2850                1326.16             466.09              64.2255             221.718             
196000              3050                1144.14             316.847             748.862             223.771             
187000              2850                1547.6              804.116             -7.10543e-15        227.86              
175000              2250                1418.47             489.717             1109.83             93.8572             
271000              2250                1691.91             473.56              804.386             136.764             
271000              2250                1300.19             656.002             1389.5              189.032             
196000              3800                1087.31             324.878             1035.49             0                   
175000              3250                2339.55             577.572             222.721             577.747             
196000              2800                1591.24             659.815             257.263             58.6907             
368000              2250                1565.52             563.629             823.611             23.147              
281000              3050                1112.54             314.497             724.177             210.287             
271000              3500                2392.34             673.901             -2.55795e-13        31.2564             
272000              4600                1192.4              547.842             245.483             0                   
283000              3100                1097.79             433.989             293.456             0                   
283000              3100                1213.21             501.681             0                   0                   
181000              2800                1366.74             737.257             821.876             97.1412             
365000              2500                1351.26             611.086             1063.46             0                   
272000              5050                1100.72             467.486             367.38              47.9631             
368000              4850                1359.99             528.331             -2.84217e-14        173.418             
175000              2250                1749.06             464.359             825.523             70.7883             
368000              4200                1442.49             501.681             -1.42109e-14        46.7043             
283000              3100                1136.6              466.406             64.5379             73.6819             
175000              3200                2845.12             655.543             151.475             0                   
