39000               4240                1833.13             126.702             294.517             5.57019             
37000               3170                3130.99             188.609             306.892             7.95443             
61000               3370                2047.16             168.353             12.8304             0.620028            
39000               2750                2695.13             189.243             222.258             66.6483             
64000               2710                2890.37             158.868             260.799             48.158              
39000               3130                2105.6              132.381             100.713             27.9445             
41000               2800                2769.11             199.909             145.75              43.6387             
59000               3170                1841.56             129.648             184.699             29.2421             
60000               3860                1755.73             130.283             113.919             22.1797             
39000               3630                1670.13             129.404             377.869             3.63034             
40000               2770                3349.19             227.094             79.6954             115.883             
39000               2850                2422.28             211.878             457.686             8.36857             
60000               4030                1839.17             141.819             66.1246             15.1078             
39000               3440                1746.28             121.715             346.915             18.926              
39000               3750                1803.9              162.921             186.242             26.3479             
41000               2680                3291.39             168.894             168.134             38.2484             
39000               4030                1828.96             197.063             92.0364             15.1078             
39000               3050                1974.33             210.886             301.655             24.6237             
39000               2910                1972.62             148.892             193.72              25.0785             
39000               3810                1969.15             199.048             9.27868             2.68265             
62000               2800                2344.49             147.001             504.754             19.1788             
61000               3440                1778.76             162.454             132.965             7.8664              
37000               3090                3275.26             175.817             285.423             26.5418             
43000               2710                3036.23             162.625             216.263             37.8649             
61000               3940                1622.42             143.907             228.726             0                   
39000               2690                2827.71             221.64              324.138             56.7155             
41000               2870                2564                226.925             142.588             17.4886             
64000               2790                2845.53             148.59              337.357             4.12861             
84000               4080                1702.64             136.466             256.652             1.544               
41000               2820                3288.23             225.478             158.155             4.57497             
38000               3260                2682.67             163.965             159.084             14.8448             
41000               2730                2620.25             144.165             268.283             13.7236             
80000               2670                3327.12             220.465             188.846             9.60111             
61000               3690                1886.21             165.901             30.7479             0                   
61000               3110                1846.1              121.62              217.114             0.563823            
39000               3890                1697.69             132.782             337.434             1.58566             
84000               2810                2291.49             140.404             285.047             3.82023             
61000               3450                1824.8              150.46              83.2845             24.7867             
107000              2620                2978.89             220.988             286.713             27.4186             
37000               2920                3510.74             227.918             124.193             54.565              
60000               2800                2753.61             159.131             106.34              35.5483             
39000               3300                2338.52             169.228             3.4381              8.299               
61000               2700                2692.22             214.981             335.097             65.1468             
88000               2640                3137.35             225.795             242.19              18.5301             
81000               3190                2068.22             132.381             96.9869             27.9445             
61000               4050                1808.33             154.257             82.0728             0                   
59000               3800                2001.39             126.376             215.738             20.7662             
39000               3500                2376.82             160.397             10.3607             0                   
64000               2700                2986.28             152.164             179.564             4.12943             
41000               2850                3099.34             229.804             104.405             10.2741             
61000               3940                1877.45             134.863             34.2691             0                   
43000               2970                2995.69             182.153             34.157              33.8533             
64000               2680                3099.35             171.292             101.982             10.8242             
61000               2690                2795.9              186.905             337.398             60.6013             
61000               3410                2136.34             133.356             73.0723             0                   
41000               2720                3392.2              219.7               115.34              73.4376             
61000               3440                1681.76             155.8               359.136             0                   
39000               3890                2058                128.004             140.324             0                   
59000               3140                1951.42             140.361             49.3851             0                   
37000               2870                3551.42             190.309             210.922             39.2837             
59000               2850                2460.68             134.816             262.23              26.8614             
39000               2720                2763.66             166.582             367.576             57.8219             
62000               2910                2995.22             173.302             56.0781             8.30278             
88000               2730                3161.36             177.831             124.657             4.37556             
39000               3610                1912.47             190.912             67.4765             8.78902             
80000               3100                1752.69             140.342             352.737             13.4962             
61000               4000                1989.87             163.408             7.64125             2.68265             
38000               3210                2945.52             226.777             194.863             2.5913              
81000               3550                2035.27             132.531             70.8461             3.13986             
84000               3690                1670                144.548             291.74              0                   
38000               3330                2827.39             187.885             59.4281             40.0637             
64000               2650                2916.58             205.476             219.764             36.749              
62000               4040                1940.12             126.089             303.225             0                   
39000               3780                1663.2              120.353             349.831             18.7744             
64000               2870                2307.62             163.378             462.159             0                   
101000              2600                3076.11             229.715             517.527             36.9571             
39000               3080                1921.23             184.314             255.771             0                   
84000               4080                1680.25             125.917             283.643             1.544               
39000               2750                3174.48             172.789             245.185             56.0039             
41000               2670                2814.2              229.412             382.44              13.3733             
37000               3320                3121.54             184.11              224.251             10.1748             
80000               3160                1777.39             140.342             305.431             0                   
39000               4350                1846.16             132.339             203.657             0                   
37000               3200                3130.74             178.922             354.48              11.6204             
41000               2720                2778.84             151.972             166.29              20.4537             
86000               2670                2891.95             200.889             384.194             21.1898             
39000               3690                1639.63             155.191             341.754             3.63034             
84000               2870                2417.98             163.836             214.134             3.82023             
43000               2700                3121.74             217.861             164.641             4.12943             
81000               3490                2111.47             129.213             173.746             0                   
43000               2710                3077.09             221.093             149.698             24.7785             
43000               2740                2927.26             182.119             121.71              0.246137            
39000               3000                1906.52             227.041             343.669             28.0114             
39000               2790                2618.66             212.079             216.069             56.8837             
41000               2720                3100.78             193                 140.506             52.8861             
64000               2610                3029.65             171.551             330.433             16.1628             
39000               2870                2240.33             211.878             389.265             10.4927             
37000               3080                3417.4              193.517             114.873             47.3867             
88000               2650                3040.41             201.551             217.456             21.1898             
39000               2840                2250.76             227.041             261.521             11.6548             
38000               3250                2891.12             163.965             69.8156             42.3341             
43000               2910                2884.33             156.461             61.6722             6.31336             
82000               2700                2751.75             163.017             385.313             27.0088             
39000               3670                1922.77             130.524             106.765             28.3664             
39000               2780                2770.86             160.412             499.892             12.6522             
39000               3670                1901.87             222.612             67.663              0                   
39000               4270                2108.09             141.407             26.0148             5.80961             
64000               2800                2362.22             210.283             321.574             3.82023             
61000               2700                2637.84             197.129             386.139             60.5888             
39000               3750                2000.42             125.904             294.83              18.2703             
39000               3110                1822.87             195.277             185.059             12.0928             
39000               2820                2339.83             224.122             299.07              24.4221             
61000               3340                1780.34             126.961             119.016             26.7976             
39000               4470                1878.23             143.829             55.2954             13.9979             
61000               3340                1719.86             118.884             344.888             14.4891             
38000               3460                3132.9              168.305             74.9208             30.5843             
39000               3280                1942.63             155.569             17.6241             24.4333             
39000               4240                1750.78             135.299             175.869             18.6287             
61000               2680                3148.36             187.176             60.7808             23.0599             
61000               3670                1767.79             118.182             331.131             0                   
39000               2800                2404.39             179.941             467.183             11.9171             
37000               3190                3254.44             193.517             160.595             39.3506             
61000               3910                2094.19             169.607             6.08081             5.57521             
41000               2840                2261.66             160.599             428.997             6.06549             
61000               2970                2369.56             126.832             333.905             0                   
86000               2680                2901.24             184.501             252.914             13.8782             
43000               2710                3171.41             170.176             35.0595             9.67082             
39000               3100                2034.83             127.037             437.714             0                   
84000               3690                1630.2              126.949             352.228             2.30774             
39000               3290                2281.34             139.327             32.0896             0                   
39000               3070                2249.49             133.359             50.0806             11.7431             
39000               4240                2027.97             133.62              83.0046             0                   
39000               3780                1907.34             182.703             96.0834             0                   
37000               3080                3122.27             184.11              179.047             35.6192             
39000               2980                2142.03             169.287             7.53334             19.3124             
43000               2870                3066.65             222.435             253.523             0.213203            
37000               2740                3586.89             214.67              239.836             38.4461             
39000               3020                1943.15             223.385             308.195             7.44956             
38000               2860                3366.65             229.806             230.09              92.6827             
41000               2660                2744.31             226.925             495.871             17.5464             
39000               3140                1814.35             216.092             287.361             0                   
84000               2850                2561.08             151.939             259.346             0                   
41000               2660                2766.8              225.478             623.969             21.7537             
39000               2810                2312.32             147.001             443.37              23.0645             
59000               2800                2656.59             199.055             147.296             27.2978             
39000               4160                2117.68             154.016             24.6089             3.18911             
39000               2880                2170.7              129.648             119.738             0                   
84000               3500                1722.79             143.204             247.302             14.9952             
41000               2710                2370.32             133.22              354.096             0                   
39000               3140                1965.11             222.345             49.1448             12.0928             
39000               3890                2259.3              167.815             11.032              0                   
81000               3250                2085.37             134.355             72.3959             18.0132             
43000               2710                3217.51             187.176             30.4098             20.3429             
39000               2690                2724.58             206.361             396.064             51.2582             
166000              2670                4186.74             223.109             161.196             38.0806             
39000               2830                2157.81             154.604             54.5829             19.44               
84000               3720                1737.74             150.034             206.48              5.60926             
38000               3360                2986.03             181.098             54.7274             19.4688             
39000               3090                1986.06             183                 63.6262             19.0627             
83000               3080                1919.32             161                 278.47              0                   
64000               2810                2952.21             228.116             283.017             0                   
43000               2650                3040.21             229.508             321.131             21.6467             
39000               3340                1947.51             127.657             217.305             32.4593             
39000               3800                2125.22             147.453             29.3332             26.3613             
39000               3800                2314.1              144.183             23.0154             4.95165             
39000               3580                1729.44             155.191             233.879             0                   
64000               2870                2566.91             178.719             122.586             17.4886             
37000               2730                3547.18             225.412             289.762             59.2461             
64000               2650                2902.53             215.896             382.067             9.35497             
39000               2930                1948.24             131.092             329.557             20.9899             
39000               2880                2153.19             174.066             344.345             4.46761             
43000               2760                2769.08             153.586             340.081             7.24987             
81000               3100                1814.12             127.546             314.319             13.0514             
61000               4080                1743.95             124.501             249.865             1.544               
37000               2820                3564.58             190.636             297.558             56.5498             
59000               2870                2451.71             131.858             367.115             6.12293             
39000               3970                1817.56             132.211             177.056             26.0841             
59000               2970                2171.85             173.446             70.7139             1.91179             
64000               2610                3072.86             185.269             272.246             16.1628             
62000               2850                2217.55             144.801             454.143             3.42123             
83000               2800                2837.06             218.489             99.5556             39.5696             
62000               3270                1747.95             132.968             400.689             18.1212             
84000               3570                1754.78             124.013             259.01              5.60926             
39000               3980                1851.38             174.806             91.8263             15.1078             
39000               2980                2039.72             148.524             31.2111             0                   
59000               3190                1763.86             126.054             346.639             25.6776             
83000               2840                2898.56             156.338             149.248             0                   
39000               3660                2351.74             164.438             3.4381              19.7838             
39000               3020                2065.05             127.04              209.681             0                   
61000               4120                1931.49             133.62              165.963             0                   
82000               3360                1766.51             124.013             383.599             0                   
59000               2950                1817.89             125.04              265.08              8.06247             
39000               2840                2201.15             227.041             340.966             3.20237             
59000               2850                2593.15             139.069             181.259             25.5063             
39000               3270                1772.14             162.172             294.873             19.8613             
39000               4110                2061.55             137.919             45.4311             13.6498             
64000               2970                2234.35             156.855             42.8213             10.3484             
39000               4000                1739.13             128.816             213.077             12.0752             
61000               3550                1631.1              126.949             282.683             13.9905             
41000               2800                2378.68             132.036             287.065             5.38468             
