365000              3750                2413.78             625.432             1002.34             9.289               
557000              3400                3922.15             632.153             98.6805             0                   
374000              3150                3222.59             670.427             550.999             115.884             
648000              3300                3594.23             632.538             51.4762             160.262             
549000              3600                2232.44             437.134             1595.2              9.12383             
651000              3950                3554.12             624.189             59.3883             0                   
735000              3150                3701.52             514.568             462.112             97.5826             
374000              3100                4052.21             717.425             401.19              46.0716             
549000              3750                2160.57             548.021             1866.53             54.1192             
554000              3050                3699.19             766.507             1115.72             28.7644             
563000              3650                3508.8              504.705             316.772             0                   
735000              3150                3518.75             451.892             881.738             100.412             
738000              3100                3611.71             430.47              1403.57             126.612             
388000              3100                3318.9              584.349             1591.7              6.8314              
463000              3100                4104.83             629.145             1106.75             0                   
559000              3550                2274.21             556.272             837.324             221.408             
659000              3100                3775.33             880.399             1042.7              0.965904            
740000              3000                3952.56             671.378             1979.06             223.675             
374000              3900                2626.75             556.272             311.977             30.7581             
735000              3200                3473.76             473.833             597.688             0                   
557000              3150                4127.83             669.623             305.172             0                   
461000              3150                2737.34             473.056             1503.25             16.99               
563000              3250                3229                442.746             1843.02             7.65793             
374000              3600                2572.71             696.378             421.509             216.12              
374000              3150                3940.96             653.377             94.1419             30.7581             
829000              3000                3675.77             841.017             3091.53             789.976             
374000              3200                3034.89             557.245             574.274             194.226             
738000              3300                2962.34             407.216             1819.85             30.6754             
365000              3750                2242.58             532.985             1148.62             243.39              
365000              4050                3322.51             671.43              104.952             48.0218             
653000              3250                2835.99             651.968             377.174             143.287             
741000              3250                3333.86             594.869             469.723             0                   
374000              3250                3474.42             696.178             16.7953             168.642             
640000              3450                2182.45             432.046             1367.64             62.7766             
365000              3500                2668.38             507.099             1329                36.6382             
365000              3500                3271.68             521.323             738.466             9.289               
736000              3100                3223.14             714.129             1783                0                   
563000              3850                3085.25             465.253             634.754             0                   
460000              3900                2718.6              679.614             234.027             6.8314              
374000              3100                3108.26             556.272             1230.58             73.4366             
549000              3400                2214.92             548.021             1530.58             56.9408             
374000              3450                3502.83             689.984             11.5222             65.4113             
465000              3900                2678.66             597.901             282.319             83.0777             
636000              3750                2495.61             503.564             735.798             90.933              
365000              3550                2514.59             631.171             943.165             14.6469             
456000              3900                2236.79             507.099             1198.83             90.7668             
456000              3750                2213.4              504.101             1169.49             183.249             
743000              2950                3807.43             706.23              2806.13             97.7725             
651000              3250                3320.14             688.197             53.7512             153.65              
735000              3350                3713.78             456.704             708.897             75.6023             
563000              3500                3257.3              442.746             1714.22             7.65793             
468000              3050                3784.95             556.272             952.187             69.8685             
651000              3100                2684.46             556.272             1747.81             30.7581             
365000              3350                2904.11             610.094             1787.75             187.457             
554000              3050                2890.11             754.383             2887.37             273.018             
460000              3100                4006.32             739.542             345.175             125.347             
741000              3250                2523.17             536.84              1403.07             197.101             
374000              3700                2762.31             682.611             246.146             62.8891             
374000              3300                2570.67             685.707             484.107             6.8314              
365000              3750                2456.78             575.016             900.764             142.404             
743000              3000                3743.57             701.855             2343.22             26.1324             
636000              3750                2992.59             573.244             174.945             4.294               
832000              3050                4068.71             491.345             1244.74             0                   
365000              3400                3960.56             613.936             389.534             84.0767             
452000              3400                2827.06             419.418             1028.82             203.382             
832000              3100                3713.68             514.568             807.143             35.4712             
374000              3100                3504.44             651.968             852.06              38.9889             
832000              3050                4452.39             661.542             839.25              33.069              
365000              3600                2277.84             544.857             979.08              237.847             
365000              3700                3078.56             504.101             663.742             285.913             
468000              3150                2476.87             556.272             1445.32             194.771             
636000              3750                2712.68             503.749             405.851             4.294               
452000              3450                2208.93             415.077             1421.5              58.27               
928000              3000                3676.84             674.83              2300.48             5.31297             
559000              3100                2827.64             651.968             1362.24             106.284             
653000              3450                3274.46             663.109             63.0717             32.2315             
653000              3450                3023.23             624.75              191.839             192.475             
735000              3300                3262.44             415.224             1572.33             121.437             
567000              3250                2721.64             651.968             510.593             30.7581             
559000              3550                2730.49             599.117             209.232             233.536             
549000              3700                2553.3              420.165             917.354             21.1454             
740000              3000                3676.52             599.225             2191.04             60.4269             
365000              3750                2897.63             595.188             471.733             243.683             
365000              3400                2897                635.691             1626                76.3967             
543000              4000                2206.44             456.504             2659.48             58.27               
461000              3200                3620.74             532.738             307.85              8.8902              
374000              3900                2939.95             688.197             122.636             136.789             
374000              3300                2884.72             651.968             182.973             195.01              
653000              3150                2853.48             653.377             1215.45             63.6051             
374000              3250                2465.39             556.272             1047.37             264.351             
461000              3250                3602.52             788.041             320.829             0                   
653000              3250                2385.4              556.272             820.251             194.771             
928000              3000                3923.72             610.539             2033.88             5.31297             
738000              3200                2624.94             399.776             1536.55             172.397             
832000              3050                4247.67             544.093             959.805             0                   
743000              3200                4336.7              603.909             131.164             140.829             
365000              3450                2624.31             589.863             1518.45             202.621             
831000              3000                3730.26             599.225             2075.44             44.8866             
545000              3350                2552.08             415.077             1519.7              115.096             
464000              3650                3586.45             645.016             17.9172             27.1595             
738000              3200                2729.05             430.14              1414.18             0                   
460000              3900                3028.38             679.614             34.6033             57.8247             
453000              3200                3671.78             529.805             513.377             214.186             
640000              3650                2796.27             428.264             1104.43             21.1454             
567000              3050                3495.02             736.683             1277.81             6.8314              
738000              3200                2916.41             416.276             1219.87             193.339             
744000              3050                2955.65             754.383             2659.14             194.024             
460000              3350                2460.4              657.666             469.29              128.398             
468000              3150                3128.99             649.376             817.57              177.58              
365000              3750                3403.78             661.102             12.1558             16.4906             
738000              3200                3205.37             506.116             1001.65             0                   
547000              3100                3422.48             530.888             1755.55             250.417             
642000              3700                2274.72             420.165             1267.35             40.546              
388000              3050                3952.98             794.492             2173.08             6.8314              
374000              3300                2476.57             584.349             593.798             6.8314              
365000              3600                3031.81             585.746             161.06              244.252             
740000              3050                4184.24             498.052             1203.49             112.584             
832000              3050                3633.49             589.674             1648.9              0                   
374000              3900                2795.23             651.968             145.797             30.7581             
741000              3650                3318.58             536.84              387.824             0                   
653000              3200                2442.31             556.272             1039.82             36.1359             
741000              3250                2702.92             536.84              971.334             0                   
832000              3050                3972.1              608.625             1188.2              0                   
374000              3150                3687.43             556.272             355.491             30.7581             
554000              3100                3594.34             654.738             527.508             148.887             
549000              3900                2841.39             642.927             688.699             0                   
374000              3300                2370.46             556.272             714.764             195.01              
659000              3200                4192.18             583.008             186.323             0                   
374000              3300                3068.27             696.178             14.2349             6.8314              
653000              3050                2992.57             651.968             1890.73             30.7581             
365000              3300                3706.45             610.094             1728.33             153.453             
365000              3550                2289.47             504.101             1194.24             177.123             
551000              3400                3010.51             438.112             832.544             120.564             
452000              3450                2266.21             419.418             1272.4              185.936             
640000              3700                2182.93             548.021             1914.77             19.4006             
738000              3300                3574.98             407.216             1407.63             36.6954             
640000              3450                2191.92             548.021             1320.32             19.4006             
559000              3550                2841.45             651.968             85.8803             193.04              
743000              3000                4440.29             731.857             1495.05             48.2559             
468000              3350                2892.55             717.425             82.3623             46.0716             
549000              3350                2322.15             537.216             1870.8              19.4006             
452000              3600                3014.85             427.196             795.908             28.1762             
468000              3100                3404.34             675.494             1384.13             54.302              
563000              3150                2994.06             442.746             1728.53             80.6513             
832000              3150                3944.04             553.617             374.627             19.1729             
837000              3050                3483.33             504.173             2047.08             64.4246             
365000              3500                2871.51             504.101             923.014             177.106             
640000              3150                2876.65             461.43              1632                9.56262             
461000              3200                4086.45             669.623             155.781             0                   
744000              3200                3615.11             657.666             224.55              30.7581             
365000              3750                2289.42             507.099             1131.9              22.0084             
652000              3200                2813.52             399.776             1438.18             164.869             
640000              3450                3435.02             592.395             158.122             0                   
653000              3050                3938.51             736.296             875.526             13.0949             
468000              3050                3847.97             766.507             1041.45             13.0949             
452000              3350                2994.99             420.169             1286.39             166.536             
463000              3050                3877.81             629.145             1645.59             0                   
545000              3750                3189.21             586.475             90.3589             111.394             
640000              3450                3079.23             496.362             452.309             0                   
928000              3050                4338.13             504.173             1097.34             5.9437              
468000              3050                3019.63             556.272             1868.14             30.7581             
365000              3900                3119.14             617.545             455.296             47.8309             
543000              3750                2214.68             441.213             1951.44             54.1192             
365000              3650                3782.63             613.936             220.836             169.176             
563000              3100                3905.19             513.136             1155.13             0                   
563000              3100                3118.69             691.044             1666.07             7.65793             
452000              3350                2473.05             420.169             1725.55             185.936             
559000              3350                2466.68             556.272             466.981             182.576             
365000              3400                3908.8              709.027             578.267             41.6781             
452000              3600                2226.96             524.394             1441.92             19.4006             
452000              3450                2510.25             444.165             956.628             0                   
740000              3050                3830.68             491.013             1627.13             74.9516             
743000              3000                3974.4              706.23              1886.22             127.794             
365000              3850                3379.76             504.924             615.328             142.404             
374000              3900                2423.98             556.272             554.043             111.957             
374000              3550                3066.65             679.614             86.8006             6.8314              
736000              3150                3598.42             814.067             597.118             0                   
452000              3350                2396.93             437.134             1839.17             9.12383             
653000              3250                2489.66             651.968             677.549             178.919             
649000              3150                3759.78             496.095             760.843             98.7667             
468000              3050                3099.25             620.976             1746.66             124.668             
465000              3900                2478.55             556.272             465.13              44.0994             
461000              3200                3320.33             457.181             682.524             8.8902              
365000              3750                2611.45             515.649             729.023             255.035             
549000              3700                3294.51             588.725             259.674             22.1559             
559000              3550                2993.82             717.425             36.2599             104.337             
640000              3450                2671.51             444.165             815.001             0                   
365000              3900                3440.56             578.569             387.358             7.04811             
365000              3400                3753.85             578.999             750.719             126.402             
738000              3100                3470.97             407.216             1540.58             0                   
365000              4050                3026.15             518.122             718.94              34.8006             
557000              3100                3759.49             574.398             1929.52             25.1863             
460000              3250                3242.15             717.425             30.5143             110.384             
452000              3600                2771.82             503.749             307.257             9.72642             
468000              3050                3546.82             651.968             1244.27             164.162             
738000              3100                3131.51             407.216             1919.57             28.9397             
650000              3500                2570.93             536.84              920.901             91.5336             
374000              3150                2613.99             556.272             1520.58             30.7581             
652000              3200                2728.53             533.793             1513.31             164.869             
549000              3700                2387.56             537.216             1220.79             40.546              
