297000              5800                669.162             211.349             699.412             0                   
185000              8100                727.624             233.144             2191.83             405.253             
297000              3400                1320.69             1244.22             5.88604             111.063             
185000              3400                1480.91             1403.45             64.3144             0                   
185000              3800                1107.53             998.238             12.3296             107.582             
297000              3800                752.288             1269.48             611.096             174.651             
185000              6400                764.022             231.695             1435.22             392.516             
185000              3400                1349.27             363.791             911.861             0                   
185000              5800                1022.19             273.268             1649.41             130.472             
297000              3400                948.385             258.366             429.342             133.556             
297000              6700                634.07              195.3               1090.2              0                   
185000              7000                841.289             295.746             1058.37             103.216             
297000              3400                750.99              1269.48             888.831             150.987             
412000              3400                1349.89             423.129             1.23824             0                   
185000              3400                1930.79             660.609             358.11              336.815             
412000              7000                771.273             216.808             95.9887             84.1883             
185000              4400                824.387             947.217             316.826             170.905             
185000              5400                920.19              199.234             4601.04             0                   
185000              7400                784.929             200.709             2328.97             528.324             
185000              6200                2788.74             757.231             -9.09495e-13        0                   
297000              3000                1550.25             545.553             666.918             433.379             
185000              6500                929.719             272.341             1287.98             0                   
297000              5000                1008.58             251.641             3829.43             0                   
297000              3000                2328.14             769.752             0                   321.441             
185000              3400                1111.62             327.586             1008.09             317.049             
185000              6100                1096.79             284.638             1101.27             0                   
284000              3800                1179.41             1070.12             12.3296             2.56294             
185000              6800                3266.09             895.734             -9.09495e-13        -5.68434e-14        
297000              3400                755.985             1269.48             888.831             0                   
185000              6100                840.475             227.356             1314.47             78.4903             
412000              5800                742.126             156.106             4571.8              0                   
185000              3400                863.318             286.784             1847.24             0                   
185000              4800                1118.74             922.216             72.6808             0                   
297000              3000                1355.07             442.14              824.201             419.02              
185000              7500                745.563             233.144             1237.62             0                   
297000              3000                2383.84             752.069             0                   179.792             
185000              5800                837.723             223.41              1914.48             172.332             
297000              3000                1183.89             417.266             910.741             525.582             
297000              3000                2223.84             671.193             55.7497             0                   
412000              5000                811.547             197.456             4483.52             0                   
185000              3800                1348.26             464.472             36.792              0                   
412000              6200                702.405             161.389             3773.83             0                   
185000              3400                905.084             250.839             2074.36             170.905             
185000              3400                958.187             277.349             1540.38             65.7886             
284000              4800                1577.23             823.677             -5.68434e-14        280.701             
290000              6500                761.962             1798.75             1186.41             0                   
297000              3000                1585.13             502.887             684.285             98.956              
185000              3400                1565.1              448.95              551.326             372.663             
185000              8100                716.208             233.144             2404.73             194.688             
202000              7000                742.327             3309.45             5507.79             577.944             
185000              8100                724.188             233.144             2195.27             71.6172             
185000              3800                1438.1              998.859             -3.97904e-13        0                   
185000              7400                910.37              281.185             999.163             0                   
185000              6400                808.93              223.602             2336.56             265.913             
285000              3400                1074.45             1468.84             571.672             0                   
185000              6700                818.742             227.356             1847.97             78.0555             
185000              7500                721.731             233.144             2399.21             123.071             
297000              7100                810.732             716.434             7.88206             0                   
185000              6200                765.276             168.745             4579.31             0                   
414000              3800                956.763             802.67              -5.68434e-14        89.67               
290000              5800                762.421             1801.59             1075.11             0                   
297000              5200                912.014             257.122             1315.19             0                   
297000              6700                621.913             195.3               2639.54             0                   
284000              3800                917.726             1006.13             202.501             0                   
185000              3800                1545.33             996.021             -4.26326e-13        105.019             
297000              6500                852.389             263.247             0                   0                   
284000              3400                1506.84             1367.14             0                   45.1855             
185000              6500                811.517             227.356             2332.41             0                   
297000              5800                718.395             204.933             2485.97             215.202             
185000              6800                767.89              183.275             4425.98             0                   
185000              3400                1956.05             760.664             358.11              171.207             
412000              5400                915.795             205.945             3537                98.8035             
297000              3000                791.765             258.366             1592.41             150.987             
284000              4400                889.427             1005.48             202.501             185.316             
185000              3800                828.82              250.839             345.466             249.396             
297000              3400                2304.9              726.001             0                   495.973             
402000              7700                779.175             647.872             -1.42109e-14        0                   
297000              5700                847.068             253.436             1488.59             0                   
402000              8700                825.525             557.586             -1.42109e-14        0                   
297000              3800                799.782             258.366             60.4985             0                   
185000              3400                853.299             250.839             1379.37             249.396             
297000              3000                2044.55             656.72              229.948             126.276             
185000              4400                964.939             272.388             153.9               439.404             
185000              5800                933.764             247.328             2171.41             0                   
297000              3000                1812.47             582.754             508.316             353.218             
297000              7100                715.656             224.413             453.501             0                   
185000              6700                750.878             3131.82             2763.33             402.076             
297000              6500                782.954             255.861             630.333             145.083             
185000              4400                830.567             250.839             203.099             170.905             
185000              6000                788.086             3126.34             2609.2              454.828             
185000              3400                1280.13             3146.07             384.553             753.844             
412000              3400                1202.29             412.93              93.0767             0                   
297000              6700                764.23              194.706             2212.45             0                   
285000              4800                1637.29             903.136             -3.97904e-13        0                   
185000              3400                1653.55             512.555             524.249             517.806             
297000              6000                745.25              201.052             2274.83             410.87              
297000              5000                1074.8              247.626             4150.32             119.35              
185000              4400                918.754             250.839             189.853             369.105             
290000              5800                751.959             1798.75             1327.72             154.602             
185000              7500                743.521             233.144             2179.32             0                   
297000              3000                1803.16             585.313             574.221             9.52009             
297000              4400                739.872             258.366             4.95737             56.3533             
297000              3000                972.928             258.366             1121.7              133.556             
412000              5800                788.507             195.809             3205.87             0                   
290000              6800                741.544             1716.91             1244.14             28                  
185000              6200                808.092             170.165             4509.27             241.62              
297000              3400                998.13              1282.68             399.502             227.549             
297000              3800                742.159             258.366             683.444             144.761             
297000              6700                658.872             1268.71             1025.3              0                   
185000              6700                801.311             3126.34             1077.5              454.828             
412000              5000                869.961             212.287             4179.56             98.8035             
297000              3800                823.8               716.434             4.95737             0                   
297000              5200                795.977             211.659             2008.29             0                   
396000              4800                983.403             683.745             -5.68434e-14        0                   
412000              3400                1353.57             1224.88             -1.13687e-13        0                   
185000              8100                719.644             233.144             2401.3              528.324             
202000              6000                809.9               3284.54             1649.95             1145.35             
297000              7000                741.519             227.114             200.18              145.083             
284000              3400                1387.83             1403.02             140.951             200.611             
290000              5400                763.443             1801.59             1075.38             265.913             
297000              3000                2090.44             744.529             152.799             298.972             
284000              4800                1180.77             826.525             12.3296             2.56294             
185000              3400                1302.08             1462.62             286.293             181.095             
412000              5000                932.873             249.59              3642.14             0                   
297000              3000                1622.35             514.444             647.065             295.648             
297000              3000                1075.66             325.931             1031.25             30.7356             
185000              3400                1786.15             701.303             365.118             0                   
185000              5800                831.093             214.64              3702.51             123.34              
402000              7100                691.522             647.872             1.68896             0                   
185000              6800                752.264             200.99              2442.21             528.324             
297000              6000                645.79              179.085             2639.54             167.697             
185000              3400                1912.89             627.249             358.11              514.207             
185000              3800                852.03              947.217             316.826             0                   
297000              3400                1261.27             365.504             110.22              106.127             
297000              7700                639.681             237.422             1.39767             0                   
297000              5700                970.957             256.862             1121.7              133.556             
297000              5400                807.149             218.231             1775.9              476.794             
185000              6800                2768.28             744.905             -9.09495e-13        0                   
290000              6400                749.188             1716.91             1119.37             265.913             
297000              3000                918.704             271.634             1162.63             416.446             
297000              3000                2337.24             779.506             0                   45.0526             
412000              5400                759.394             170.067             3885.17             0                   
202000              4000                801.358             3071.64             1791.95             490.923             
185000              5200                884.503             250.974             1791.54             0                   
297000              5400                784.177             241.843             1581.22             325.807             
202000              3400                911.007             1476.32             717.731             501.491             
185000              7500                737.615             233.144             1924.82             213.543             
297000              3800                794.869             868.92              391.188             249.224             
185000              3400                1028.82             2048.93             1534.79             0                   
412000              3400                1280.84             1210.84             12.3626             87.0846             
185000              5400                820.326             227.836             3614.88             0                   
284000              5400                927.195             917.558             190.451             170.905             
185000              6000                802.915             183.275             3654.2              0                   
297000              6400                746.063             204.929             959.299             410.87              
185000              3400                1757.5              594.41              367.541             102.447             
412000              7700                778.466             211.377             150.232             163.758             
207000              6000                808.728             2019.91             1459.92             453.891             
185000              3800                1044.8              277.591             244.014             355.228             
297000              6100                744.771             208.823             2418.25             95.902              
185000              3800                852.03              286.784             316.826             0                   
202000              3400                1370.33             1396.1              142.693             0                   
185000              3400                950.218             1483.66             710.723             501.491             
297000              3400                755.985             258.366             888.831             0                   
185000              3400                1557.9              499.896             567.138             0                   
297000              3000                1117.46             370.535             989.449             362.809             
185000              6400                769.506             231.695             1126.59             265.913             
297000              6000                665.393             195.035             2621.91             0                   
297000              8700                780.189             560.618             -1.42109e-14        100.178             
297000              3000                1250.09             513.175             922.544             162.279             
297000              4000                773.413             254.205             1676.21             95.902              
297000              3000                1435.01             446.106             685.152             0                   
185000              5800                807.234             191.119             4352.17             0                   
185000              4400                955.244             293.109             189.853             0                   
185000              3800                1103.62             335.001             65.4749             180.634             
297000              3400                2338.31             752.069             0                   413.205             
297000              5400                833.978             241.843             1464.2              547.093             
297000              5400                751.562             208.823             2452.46             286.8               
202000              3400                913.924             1476.32             777.034             356.408             
297000              3000                2139.1              744.529             146.664             490.042             
202000              3400                1415.5              1348.93             58.4808             225.519             
297000              3000                2012.01             617.442             269.636             383.803             
202000              3400                1293.32             3183.87             364.707             678.539             
297000              3400                1198.89             1228.56             110.491             0                   
185000              3400                1045.42             286.784             1106.97             0                   
185000              3800                828.071             250.839             2223.94             249.396             
297000              3800                1449.91             489.339             2.4497              0                   
202000              3400                991.273             1350.14             511.288             46.088              
185000              3400                1015.68             1483.66             645.262             411.661             
185000              6400                3241.07             951.24              -9.09495e-13        -5.68434e-14        
297000              3000                796.759             258.366             1592.41             0                   
185000              3400                1379.15             1352.11             122.915             369.863             
185000              3400                1358.93             1471.9              227.129             268.999             
185000              6200                822.084             168.568             4295.4              78.8559             
297000              6100                946.154             253.436             497.595             133.556             
297000              3000                2308.1              750.246             0                   546.141             
185000              3800                1505.81             522.404             0                   282.609             
297000              3000                1967.85             603.28              306.29              0                   
185000              3400                1027.27             285.373             2224.44             65.7695             
297000              7700                744.497             639.339             0                   0                   
185000              4400                898.127             947.217             154.498             241.204             
