281000              3650                2001.8              501.862             1652.38             158.815             
565000              3250                4463.18             959.959             3.45343             273.508             
467000              3900                1576.66             935.557             3159.92             0                   
281000              3850                4661.57             911.02              -8.31335e-13        140.709             
660000              3050                2059.85             854.119             3763.27             112.954             
633000              2900                5408.69             867.961             1836.57             114.648             
292000              3000                5549.39             939.108             1587.27             116.873             
370000              3300                1665.3              387.172             2378.32             65.6466             
379000              2850                5236.46             478.355             3617.85             74.8392             
554000              2950                2264.79             839.616             5416.47             0                   
281000              3200                4035.98             635.321             668.167             169.102             
281000              3500                2538.79             706.868             90.1866             148.752             
745000              3600                3531.7              522.671             971.355             125.482             
553000              3250                3794.57             732.853             22                  211.539             
372000              4200                3782.23             956.566             -4.54747e-13        0.880783            
565000              3750                3214.36             429.493             883.542             115.894             
745000              3850                2953.57             538.59              883.542             129.527             
742000              2800                5376.93             867.961             4453.85             35.8704             
745000              3950                2502.02             435.507             2038.62             0                   
464000              3150                2173.74             898.316             3268.16             156.091             
467000              4850                1769.26             948.141             1279.58             113.501             
654000              4250                2210.11             457.742             1492.64             0                   
745000              3150                4173.51             745.905             166.445             0                   
566000              3600                1817.87             939.859             1469.14             133.897             
275000              4450                3893.93             949.332             380.899             0                   
281000              3400                4964.29             938.596             -1.7053e-13         211.347             
458000              4100                3827.67             948.489             -1.77636e-13        24.1444             
368000              3850                4508.11             948.447             -8.10019e-13        44.8208             
566000              3350                1562.19             664                 4007.93             0                   
292000              2850                4935.71             394.29              3965.94             11.1659             
383000              3000                4785.08             420.54              4044.99             2.22168             
565000              3100                3646.26             435.507             871                 0                   
389000              2800                4993.47             926.097             4725.1              0                   
469000              3700                1689.07             730.475             1610.78             192.141             
651000              3150                4292.09             757.891             176.932             129.301             
460000              2900                5238.42             872.837             2078.51             157.421             
281000              3750                2079.83             541.262             1821.84             0                   
281000              3450                3107.29             708.992             0.11667             232.901             
469000              3250                1948.05             389.595             1870.38             146.344             
474000              3050                4261.65             519.428             805.67              103.56              
281000              3150                4983.57             944.085             12.5604             83.2697             
745000              3100                3055.74             562.92              1019.19             157.533             
281000              3300                2252.39             501.862             1988.54             128.523             
566000              4950                1548.02             935.557             2457.26             0                   
566000              3550                1530.52             948.556             2474.78             150.527             
659000              3050                3690.87             437.674             937.434             124.33              
292000              3000                4688.49             727.816             4873.18             20.0148             
281000              3050                4961.12             881.281             1076.78             0                   
281000              3400                2982.63             707.646             8.69884             0                   
566000              3250                1674.12             387.172             1888.53             93.0575             
370000              4000                1917.51             509.396             1101.57             47.7124             
566000              3950                1526.5              686.209             2678.52             0                   
465000              3200                4436.57             691.364             259.853             217.985             
559000              3250                2674.91             545.868             1319.18             223.755             
467000              4700                1755.98             939.224             1251.57             194.337             
370000              3100                2729.52             954.866             3572.66             0                   
389000              2950                3981.06             955.588             3299.61             67.039              
566000              3350                1675.74             400.602             3465.92             25.7931             
474000              3450                2938.65             706.868             0.693223            218.21              
566000              3550                1595.76             686.209             2902.32             113.058             
281000              3350                3244.06             561.452             1273.95             0                   
281000              3050                5285.23             752.871             336.827             10.7563             
660000              3300                1898.95             774.942             2680.61             47.9903             
651000              3850                3153.83             505.34              919.733             0                   
483000              4150                2623.87             465.784             735.84              53.723              
377000              3000                4490.35             718.032             4788.55             142.936             
370000              4000                1944.58             734.265             1888.99             0                   
566000              4850                1977.71             943.354             1568.65             0                   
370000              4000                1781.02             387.172             1275.51             143.115             
565000              3300                4796.24             815.518             173.485             16.2703             
469000              5000                1585.04             954.651             2152.1              126.043             
292000              2950                4953.67             907.729             2846.67             124.625             
659000              3250                3913.71             503.408             644.828             50.6856             
483000              3150                2675.28             664                 4369.4              78.983              
474000              3900                2763.75             702.025             24.9706             0                   
292000              3450                5037.15             518.915             3638.18             0                   
459000              3200                3675.61             545.868             822.944             233.084             
645000              3200                2880.62             959.624             1011.73             98.108              
370000              3300                1650.22             664                 2383.17             100.888             
281000              4150                2822.57             544.503             461.291             112.182             
557000              2850                4459.83             668.06              4237.91             103.604             
566000              4650                1647.54             909.303             1864.76             64.7023             
745000              3550                2898.37             549.598             874.399             8.1528              
474000              3250                4324.01             492.61              644.828             0                   
463000              2850                4353.26             789.541             4976.96             2.22168             
566000              5050                1657.91             947.281             2043.92             31.541              
464000              4150                1822.85             411.08              1228.6              74.1989             
281000              3500                2010.75             545.868             599.226             87.1931             
651000              3050                1744.54             854.119             4990.52             0                   
560000              3200                3492.18             732.853             22                  48.7642             
281000              3050                4880.93             881.281             1821.33             172.193             
458000              4350                3733.68             918.745             -4.54747e-13        113.836             
292000              2850                5334.76             558.273             3493.1              120.261             
281000              3600                4625.73             703.231             166.58              8.40148             
659000              3650                2292.49             424.161             2368.23             0                   
474000              3900                2467.29             537.668             285.609             0.779369            
654000              2900                2752.54             664                 4478.32             4.44122             
377000              3100                4625.31             718.274             3386.73             221.142             
563000              3650                1839.97             424.106             1370.94             0.789504            
466000              3550                2745.08             501.862             1003.37             195.585             
378000              3100                4563.82             599.258             3983.07             189.2               
389000              3050                4337.51             957.253             2339.77             167.072             
651000              2900                2854.53             495.855             3985.88             0                   
646000              3000                4124.7              953.544             2051.13             138.556             
370000              3650                1926.83             932                 1778.58             0                   
368000              3350                5058.83             935.518             -9.23706e-14        195.169             
370000              4000                1861.01             953.587             1165                18.0142             
281000              3000                4992.15             896.556             2376.94             270.8               
659000              3100                2511.43             420.7               1947.58             2.84059             
466000              4250                3022.98             663.844             56.6919             39.1656             
566000              3050                1917.08             938.4               5169.34             0                   
566000              3750                1507.85             935.557             2723.43             31.0711             
659000              3900                3385.87             431.967             864.735             72.1789             
563000              4150                1759.51             423.593             1508.77             116.138             
458000              3750                3844.42             950.876             -1.20792e-13        124.01              
566000              2850                4140.52             799.718             5260.65             104.696             
745000              3150                1837.27             890.969             3129.27             0                   
742000              3000                4605.6              685.714             1927.01             4.42534             
281000              3300                5269.58             913.088             -3.19744e-13        43.743              
380000              3200                4798.42             857.101             138.28              208.357             
292000              2850                5140.77             651.12              3727.8              148.433             
568000              3450                4315.54             614.646             302.917             5.77199             
281000              3450                2536.43             545.868             596.576             217.333             
281000              3800                3701.41             946.65              -1.77636e-13        73.4426             
292000              2850                4853.46             394.29              4015.11             145.926             
296000              3050                3593.77             764.344             4214.75             88.6943             
292000              3100                4438.27             651.12              4119.86             160.384             
374000              3500                5087.69             703.231             137.4               164.673             
469000              5050                1700.07             935.557             1982.48             0                   
377000              3050                5457.67             740.44              3047                0                   
372000              3900                4161.76             743.94              -5.11591e-13        128.311             
566000              3100                1658.39             853.708             4234.75             31.0711             
281000              3200                3467.87             545.868             1212.06             263.152             
292000              3050                3940.33             745.97              2956.64             13.3073             
281000              3400                2703.67             912.557             741.446             0                   
379000              3050                5368.44             729.16              2943.08             107.967             
370000              3850                1717.31             789.841             1660.39             93.0575             
469000              2950                2456.64             905.374             5055.95             20.208              
647000              2800                5082.72             923.905             4017.83             55.8365             
469000              3300                1555.14             954.898             2690.44             0                   
561000              3050                5023.88             757.891             485.766             117.184             
383000              3200                4678.19             420.54              4221.68             133.405             
370000              3200                2341.45             864.56              3293.61             75.2783             
566000              3300                2057.97             758.366             1467.25             196.183             
292000              2850                5235.54             402.19              3641.82             92.7201             
292000              3250                5181.35             471.648             3647.25             58.9753             
281000              3950                3283.61             663.844             56.6919             38.8878             
460000              2850                5728.55             867.961             2025.82             43.8347             
389000              2900                2861.29             398.096             3970.67             2.22168             
565000              3050                3937.06             568.584             1089.5              203.437             
659000              3050                2690.44             437.07              1701.04             119.839             
367000              3950                4136                923.151             -1.77636e-13        176.459             
389000              3050                2803.25             533.989             4639.5              0                   
292000              3100                4723.82             430.036             3849.86             188.5               
469000              5350                1773.83             890.969             1528.1              0                   
380000              4300                3036.14             544.503             461.291             32.1634             
467000              3300                1709.56             387.172             2727.59             0                   
745000              3000                3063.19             951.723             2208.55             86.4926             
547000              2850                5337.15             725.018             2355.09             48.0056             
292000              3200                4647.8              416.386             4564.33             2.22168             
368000              3300                5207.52             935.368             276.39              0                   
742000              3000                5628.24             899.08              1019.82             0                   
475000              2850                4611.72             589.038             4496.68             81.0877             
467000              4950                1767.7              890.969             1464.96             79.9039             
746000              3000                3501.01             957.801             1822.05             58.9582             
464000              4400                2419.06             544.503             578.716             81.0216             
377000              3000                4419.52             493.321             4803.3              41.0673             
370000              3700                1757.66             387.956             1521.74             16.2232             
292000              2850                5339.38             612.289             3519.45             0                   
646000              2950                5013.01             949.952             2195.74             0                   
370000              3400                1751.98             734.265             1576.08             195.693             
659000              3550                2885.82             468.294             1005.98             194.305             
566000              3600                1553.9              871.054             3452.5              83.3397             
474000              3900                2737.15             654.308             81.1429             152.788             
745000              3000                2307.37             828.062             4782.89             9.19804             
389000              2900                5483.71             952.239             2467.93             0                   
471000              2950                4784.85             628.083             3149.66             0                   
742000              2800                5169.41             894.727             4306.49             80.9718             
469000              3600                1550.57             952.508             2402.06             116.432             
651000              3350                3921.53             614.646             310.493             97.3446             
475000              2900                3001.2              508.222             3836.66             60.9718             
646000              2850                5752                890.489             2022.32             17.0425             
566000              3150                1567.61             387.172             3953.51             0                   
745000              3100                3084.22             435.507             1181.62             0                   
281000              3400                2477.14             702.07              1231.51             196.111             
842000              3000                4524.09             944.361             2713.49             0.404484            
648000              2850                4194.93             705.371             4754.37             35.6518             
646000              2900                5550.33             932.029             1665.54             67.7632             
463000              3700                1581.08             387.172             1685.66             127.295             
651000              4000                1552.43             833.56              2252.43             71.0927             
389000              3700                3138.75             527.125             3264.85             0                   
368000              3250                5445.62             881.281             103.7               128.589             
292000              3000                4723.92             664                 4572.53             0.62396             
660000              3200                2201.06             935.557             2170.56             0                   
389000              3100                2806.63             398.096             3925.64             125.84              
281000              3500                2133.59             630.622             499.038             0                   
281000              3500                4239.94             890.067             -7.74492e-13        0                   
370000              3850                1903.47             464.037             1130.76             183.548             
281000              3100                5229.51             695.73              168.69              121.407             
281000              3650                2232.9              561.452             820.62              56.1809             
