174000              3050                998.99              258.754             733.576             363.401             
174000              4050                1366.64             394.483             54.805              0                   
270000              3100                1384.92             507.204             10.36               105.03              
266000              4500                1757.19             457.877             -3.55271e-15        0                   
174000              3550                1463.96             449.343             0.243781            296.103             
174000              3050                1008.9              566.295             537.263             4.96557             
174000              3000                1036.81             226.62              1354.35             130.559             
174000              2500                1016.67             238.903             1538.4              351.481             
172000              2700                2266.05             504.549             1143.49             726.008             
174000              2800                1777.88             611.29              6.74322             92.865              
270000              4050                1217.99             394.471             212.662             0                   
174000              4850                971.026             388.302             415.925             376.347             
172000              2950                1408.22             369.227             1424.74             597.547             
174000              2800                1237.65             566.295             308.632             4.96557             
181000              4900                1212.05             810.524             198.55              574.505             
174000              2250                1713.07             471.643             434.283             0                   
274000              3000                1721.23             408.917             1.90644             0                   
270000              3600                1404.32             534.51              0                   87.7302             
174000              3000                2096.11             548.082             -2.84217e-14        8.01569             
174000              2250                1503.44             547.251             570.03              0                   
270000              4500                1199                394.471             397.937             0                   
174000              2550                1722.18             458.672             140.316             347.113             
270000              3550                1037.84             327.167             528.63              446.123             
277000              2950                1194.65             229.128             1655.84             0                   
174000              3050                971.502             286.388             828.181             147.481             
172000              3200                1269.79             313.712             1624.17             453.863             
174000              2250                1096.56             233.984             1255.04             23.5454             
172000              2950                1765.89             361.551             1343.98             528.017             
174000              2250                1185.2              243.785             793.619             0                   
274000              3500                1726.4              420.717             7.10543e-15         0                   
270000              3600                1291.87             464.617             81.6336             129.027             
172000              3150                2994.86             645.654             -3.19744e-14        0                   
174000              2250                1134.67             424.041             1069.77             426.872             
270000              3100                1303.39             473.929             0.314035            248.137             
174000              3050                991.499             264.45              892.171             599.427             
174000              4050                1221.37             387.022             202.027             0                   
174000              2750                1960.14             395.801             2.38814             0                   
172000              2950                1479.22             478.745             1324.57             494.195             
174000              2750                1053.56             223.465             1472                610.688             
172000              2950                2279.43             430.562             530.57              0                   
172000              2950                2138.42             607.784             1278.94             195.832             
174000              2250                1138.67             424.041             862.644             0                   
174000              3050                1017.7              262.761             607.236             234.971             
172000              2950                2025.53             430.96              1157.48             447.041             
174000              3300                956.928             327.536             973.146             294.328             
172000              3400                2939.5              525.563             -5.68434e-14        0                   
174000              2750                1595.07             330.717             492.332             0                   
270000              3600                1241.5              415.144             11.7348             545.128             
172000              2700                1569.02             421.268             1473.46             629.117             
172000              2700                2990.49             626.709             -2.84217e-14        90.538              
174000              2250                1137.1              580.948             990.68              127.561             
174000              3050                1553.29             547.008             0.243781            415.524             
174000              2550                1823.95             540.264             0.433038            239.78              
174000              2500                1086.78             338.974             1162.53             124.485             
172000              2700                2393.94             613.812             422.39              0                   
174000              3300                1667.12             538.703             50.2816             172.568             
270000              4900                1080.71             440.666             233.168             453.397             
174000              2500                1666.59             533.557             446.24              0                   
172000              2700                1647.9              494.686             1440.84             386.317             
172000              2700                1725                368.79              1284.61             281.249             
174000              2800                959.714             367.825             877.794             391.198             
174000              3550                1135.04             298.327             484.878             0                   
174000              3550                1488.21             541.224             0                   424.582             
172000              2700                2581.46             645.654             131.088             0                   
270000              3600                1102.39             402.609             250.517             366.516             
174000              3550                989.613             280.898             693.469             0                   
172000              3200                1428.63             634.392             1484.42             524.473             
174000              2750                2412.23             635.477             -2.84217e-14        296.612             
181000              3600                1367.96             853.94              110.742             867.598             
174000              2250                1099.64             232.672             1427.41             515.391             
174000              2250                2050.31             420.221             0                   0                   
174000              3550                953.816             343.477             500.705             625.597             
174000              2250                1772.63             373.012             300.323             0                   
172000              3200                1432.07             399.947             1379.69             397.497             
174000              3000                1017.6              224.478             1550.28             580.654             
174000              2500                1082.85             541.418             1282.12             218.071             
271000              2950                1086.71             487.118             1521.32             0                   
174000              2750                1265.37             267.033             747.18              0                   
172000              2700                2377.64             451.17              1170.58             716.79              
181000              3100                1281.24             827.347             175.883             929.586             
172000              2950                2193.9              547.24              1100.68             373.266             
174000              2800                949.383             358.75              1021.32             593.815             
172000              2950                2336.42             583.795             398.439             67.786              
174000              3000                1098.6              342.469             1010.28             0                   
172000              2700                1308.32             333.949             1659.3              571.27              
358000              3950                960.359             531.551             1481.88             132.051             
174000              2500                1872.58             390.835             157.225             9.79763             
174000              3250                1899.69             427.768             38.5263             83.9462             
174000              3500                1672.62             376.263             50.8426             0                   
270000              3600                1044.89             386.982             311.386             434.284             
174000              3550                960.539             350.2               415.925             472.917             
174000              2800                995.122             566.295             616.305             132.051             
270000              3100                1530.43             610.634             0.283642            268.623             
174000              4050                1078.69             338.177             534.537             540.795             
174000              2250                1149.53             263.083             1053.84             0                   
172000              2950                1669.57             570.829             1163.39             597.547             
270000              3100                1199.14             460.781             57.0238             473.539             
270000              3600                1330.32             460.632             2.43555             604.227             
174000              3300                1594.07             545.304             0                   617.865             
181000              3100                1238.71             810.545             222.246             1022.88             
174000              2250                1188.83             580.948             785.879             0                   
174000              2800                1067.77             496.527             478.395             4.96557             
174000              3550                1239.71             322.73              394.861             103.571             
174000              2550                1087.87             443.159             768.933             276.42              
174000              2500                1963.1              499.143             0.683196            9.79763             
172000              2700                1823.25             442.589             1232.52             548.229             
277000              2700                1275.01             232.081             1502.19             14.9581             
270000              3600                1166.2              444.28              81.6336             307.19              
174000              3550                1104.28             461.209             273.382             477.731             
174000              2250                1051.76             263.636             1292.58             261.341             
174000              4850                994.57              388.302             415.066             290.703             
174000              2750                1431.14             390.66              526.471             206.986             
174000              3300                1492.05             446.056             110.582             0                   
270000              3600                1116.12             397.639             209.06              561.12              
172000              2700                1489.45             583.029             1489.09             453.64              
174000              2750                1088.82             232.499             1112.81             0                   
274000              3500                1618.59             379.28              97.008              0                   
172000              2700                1818.39             317.794             1406.5              554.593             
270000              3600                1347.81             534.638             0                   213.729             
172000              3400                2698.56             485.999             142.666             203.851             
172000              2700                2429.59             471.653             272.193             0                   
181000              3600                1184.64             839.347             260.941             839.323             
172000              2700                1491.46             591.549             1461.16             598.605             
174000              2800                966.335             367.491             704.324             34.7798             
172000              2700                1337.74             260.048             1598.09             204.289             
270000              3600                1015.95             368.475             331.71              628.578             
261000              4500                1218.08             394.471             242.955             0                   
174000              3000                1134.37             580.948             843.57              0                   
174000              2800                995.449             334.717             834.566             620.258             
277000              2950                1246.84             225.726             1504.74             63.9561             
181000              3100                1150.59             825.054             307.826             937.351             
270000              4900                1133.61             440.682             197.623             301.763             
172000              3150                2504.73             427.743             483.632             0                   
172000              3200                2349.88             500.893             322.397             0                   
172000              2700                2285.64             667.085             965.732             585.17              
174000              3550                1063.17             420.1               330.679             543.628             
271000              2500                1096.31             383.447             966.392             0                   
174000              3050                1008.62             281.004             597.689             0                   
174000              2250                1404.77             318.479             629.632             0                   
172000              2700                1455.1              366.043             1591.95             624.016             
174000              3050                964.245             284.151             1021.32             555.079             
172000              2700                2658.09             616.553             0                   179.348             
174000              3800                1670.32             492.715             0.243781            0                   
174000              2250                1137.1              243.785             990.68              127.561             
277000              3200                1215.44             218.228             1522.79             0                   
174000              3050                1408.3              498.437             186.641             198.996             
172000              2700                1400.2              246.98              1644.77             625.101             
181000              3100                1376.84             796.825             139.051             638.081             
172000              3150                2757.59             465.294             215.551             0                   
270000              3100                1454.43             581.89              0                   309.396             
172000              2700                2276.61             803.233             1110.92             689.917             
277000              3450                1184.5              213.672             1647.67             15.9271             
370000              3950                1586.31             376.971             145.192             0                   
172000              2950                2341.92             500.893             526.276             207.151             
174000              2250                1067.36             462.744             1274.86             277.57              
172000              2700                1343.6              238.059             1658.08             305.249             
172000              3150                3040.84             573.012             -2.84217e-14        0                   
174000              2500                1074.94             247.737             1354.41             69.9918             
174000              2500                1326.53             580.948             633.929             0                   
174000              2800                1731.87             440.278             98.9205             253.221             
172000              2700                2077.33             456.375             1178.49             333.17              
172000              2700                2048.01             492.534             1268.76             205.348             
174000              2550                1878.91             516.792             0                   410.709             
172000              2700                1664.84             295.219             1447.97             436.446             
174000              2250                1040.59             233.984             1486.07             391.9               
261000              2500                1094.99             419.175             1003.44             0                   
172000              2700                2133.63             547.24              1130.25             370.906             
174000              3000                1018.5              346.847             1390.76             321.219             
174000              2500                1024.5              224.873             1586.13             608.763             
174000              3600                1345.36             914.676             142.107             484.834             
270000              3600                1239.83             509.789             0                   372.033             
174000              2750                1077.85             229.703             1209.43             206.707             
174000              2250                1900.03             406.239             263.762             41.7594             
181000              4900                1305.13             810.524             103.627             645.201             
270000              3100                1248.8              509.789             1.75578             438.789             
174000              3550                1122.64             325.136             468.043             380.619             
181000              3100                1288.2              808.406             154.123             799.688             
261000              2500                1094.99             545.494             1129.76             7.84497             
172000              2950                1450.85             285.294             1550.29             248.885             
181000              4900                1148.33             824.151             272.368             626.697             
172000              2700                1501.98             340.35              1490.91             164.317             
174000              3550                1041.82             430.902             388.057             224.127             
172000              2700                2554.58             549.357             10.1249             66.7084             
270000              3100                1122.37             389.571             132.227             460.035             
357000              4950                1228.57             377.307             305.53              0                   
174000              3600                1418.02             909.371             169.821             850.753             
174000              2250                1050.13             540.92              1306.75             196.734             
172000              2950                2615.29             500.893             0                   0                   
181000              3600                1288.76             839.347             142.858             779.382             
174000              2250                1043.64             248.902             1461.06             169.328             
181000              3600                1197.86             822.698             215.234             709.666             
174000              3250                1678.21             363.538             349.138             0                   
174000              2800                1195.22             327.167             515.206             304.322             
174000              3000                1013.97             325.869             1581.63             534.329             
174000              3550                1232.99             358.36              187.808             0                   
174000              3000                1076.14             223.25              1494.53             394.052             
174000              3050                1145.23             364.202             492.094             454.554             
174000              3250                2033.53             535.553             0.18985             118.676             
172000              2700                2762.72             573.012             -2.13163e-14        0                   
174000              4050                1419.12             453.578             0.243781            0                   
