172000              2750                1739.4              595.666             0.0757421           106.278             
172000              3600                952.704             319.56              545.178             65.0433             
385000              2250                2804.21             890.63              -1.36424e-12        11.1432             
270000              5050                1126.06             364.447             52.3953             0                   
365000              3950                885.51              441.117             500.653             57.8387             
172000              2500                2384.54             492.498             182.476             0                   
269000              4200                1723.57             570.175             -1.19371e-12        64.8363             
172000              2850                1118.16             511.001             -7.10543e-14        0                   
365000              3000                889.699             289.766             594.297             0                   
268000              3500                817.436             454.047             703.613             0                   
172000              2250                1413.66             300.87              589.383             170.018             
181000              3550                962.36              507.484             344.468             89.2539             
172000              2250                2519.77             565.514             50.8616             149.941             
172000              2250                2449.52             574.069             -4.83169e-13        52.9355             
172000              3000                1491.8              387.207             152.574             142.201             
172000              2500                1464.43             364.313             233.909             137.901             
365000              3750                807.017             234.525             705.673             102.635             
172000              2250                1477.02             567.676             383.783             0                   
365000              4200                860.387             276.309             577.817             138.993             
181000              3300                994.983             307.521             456.274             138.993             
181000              3950                926.981             224.271             709.537             0                   
278000              3300                815.482             234.525             705.673             102.635             
172000              2500                1386.05             523.385             233.381             71.1633             
385000              2250                2737.15             816.649             -1.27898e-12        69.8546             
268000              5350                972.35              323.421             311.578             65.8039             
385000              2250                2778.89             865.308             -1.36424e-12        47.6445             
365000              3750                805.337             510.354             712.913             81.1547             
172000              2250                2325.34             525.556             79.147              56.9258             
365000              3750                818.452             512.024             699.422             0                   
172000              2500                949.708             453.273             823.535             0                   
365000              2800                997.936             407.07              354.849             0                   
172000              4400                1108.03             406.324             0.0514827           66.7673             
181000              4150                973.81              379.678             45.1167             51.4267             
172000              2750                1497.01             316.823             536.305             104.45              
181000              2800                1142.5              415.788             324.237             177.08              
365000              4200                878.726             276.309             493.024             61.8862             
365000              4000                884.072             508.517             503.208             15.4818             
172000              2750                2078.85             569.396             81.5325             0                   
268000              3500                901.697             547.14              462.978             57.8387             
365000              3750                899.36              547.14              440.75              57.8387             
365000              2550                940.874             314.38              528.028             0                   
172000              2500                1042.52             421.881             720.101             37.223              
172000              2500                1519.26             554.372             66.6369             93.2127             
172000              4150                987.633             450.077             -2.84217e-14        0                   
172000              2250                1274.59             553.68              508.119             72.9684             
181000              4600                1135.1              364.447             52.3953             0                   
172000              3000                1524.9              353.853             212.161             104.45              
172000              3100                1006.81             394.413             549.853             178.185             
465000              3450                803.358             502.004             953.188             0                   
268000              3100                1043.35             378.336             35.8438             67.124              
181000              3050                853.421             239.116             616.18              81.1547             
181000              3050                828.455             224.386             701.058             0                   
172000              4600                1529.44             498.634             -5.68434e-14        73.0344             
365000              3550                1015.98             371.904             260.563             0                   
172000              2500                1028.89             234.04              703.908             130.044             
172000              2250                1452.93             361.519             473.35              107.529             
278000              3050                935.949             301.305             412.846             57.8387             
181000              3050                884.392             544.924             458.966             136.671             
172000              2550                1686.78             636.407             0                   154.712             
365000              3300                857.922             508.517             670.789             0                   
268000              4000                1728.26             555.471             -1.13687e-12        0                   
272000              2750                2035.8              636.407             -1.42109e-14        30.7325             
172000              4150                1025.79             424.062             0                   88.2441             
172000              3100                1018.52             490.01              124.697             119.449             
268000              3250                908.796             392.731             545.092             0                   
172000              2500                2076.88             492.498             142.738             42.7758             
172000              3550                1562.76             563.806             -1.16529e-12        0                   
365000              3950                889.516             217.733             714.549             81.1547             
172000              2250                1805.55             636.407             0.0757421           0                   
172000              2250                1663.92             541.709             155.914             0                   
365000              4400                833.68              224.271             709.537             0                   
181000              3300                891.555             279.972             482.056             54.582              
385000              2250                2717.49             807.504             -1.25056e-12        0                   
181000              3300                899.259             377.209             504.844             15.4818             
172000              2500                1004.41             214.461             728.385             63.5984             
278000              3300                821.622             228.517             699.533             0                   
172000              2500                2256.78             694.27              -5.96856e-13        82.9278             
172000              2250                1045.49             489.296             886.802             80.0513             
172000              3250                2362.1              636.404             -5.96856e-13        145.197             
268000              3100                982.548             438.197             35.8438             23.9224             
172000              2500                1432.15             370.463             229.195             44.1281             
278000              2850                964.89              414.072             62.6414             0                   
172000              2250                1189.61             514.921             689.507             0                   
172000              2250                1431.43             291.426             613.879             0                   
385000              2700                2786.97             826.846             -1.36424e-12        54.3323             
172000              2750                937.267             548.978             839.422             28.492              
365000              3950                881.731             447.604             384.628             94.4929             
172000              2250                2557.83             689.439             -6.25278e-13        0                   
172000              3500                1137.27             338.902             325.794             153.976             
268000              2800                1708.56             478.601             77.3156             0                   
181000              4400                971.861             372.354             245.295             111.907             
172000              2850                1034.19             411.883             7.88745             33.134              
264000              5050                1788.81             487.384             -1.13687e-13        97.6513             
172000              3600                939.712             324.338             387.167             0                   
268000              2800                1488.95             427.375             223.806             53.6843             
172000              2250                1429                416.654             476.459             13.5215             
172000              2250                1346.75             538.251             501.392             135.168             
172000              2250                1103.97             243.563             733.924             21.173              
172000              2500                965.497             219.641             733.689             0                   
172000              2500                1409.58             364.84              233.381             0                   
172000              2250                1034.61             468.899             794.636             99.9312             
268000              4150                1037.15             436.011             -1.42109e-14        0                   
172000              2250                1168.92             300.87              668.968             91.5719             
181000              3550                848.006             507.484             699.422             0                   
365000              4450                1040.45             237.358             641.264             0                   
172000              2500                1212.44             273.409             691.224             0                   
172000              3750                2116.74             602.558             -1.19371e-12        71.9251             
172000              4400                1106.12             404.412             1.96373             8.92114             
181000              2800                906.318             265.454             500.653             15.4818             
365000              4450                805.557             461.245             828.543             81.1547             
268000              3600                1028.84             355.421             193.028             0                   
172000              2750                1456                356.503             286.627             170.484             
172000              2250                1806.82             474.122             367.131             94.3364             
181000              3050                825.097             490.398             817.606             0                   
172000              3600                1033.03             408.155             186.635             33.1563             
385000              2750                2567.96             807.504             -1.25056e-12        0                   
181000              3050                822.205             234.525             707.309             102.635             
268000              4600                1388.87             392.286             -8.52651e-14        30.7632             
268000              3500                806.5               229.896             714.549             81.1547             
365000              3950                935.371             309.112             556.427             0                   
172000              2750                1753.13             595.666             5.56759             63.5196             
172000              3000                1159.97             293.991             330.561             71.6187             
268000              3950                876.791             224.271             709.537             0                   
172000              2750                936.358             544.804             825.651             95.6436             
172000              2500                1754.43             636.407             0                   114.714             
172000              4900                1052.25             366.025             200.006             0                   
172000              2750                940.863             219.641             732.854             28.492              
181000              3050                871.31              479.349             592.64              0                   
365000              3950                869.467             288.046             496.431             78.4353             
365000              3250                906.239             274.114             460.171             24.142              
385000              2250                2839.4              925.82              -1.42109e-12        0                   
172000              2800                1178.15             440.442             114.713             129.733             
172000              2250                2583.26             559.618             46.0624             0                   
465000              3700                818.182             444.703             1073.31             0                   
172000              2250                2720.05             651.647             -6.25278e-13        159.436             
280000              3050                943.281             299.656             595.901             0                   
172000              2500                2281.26             646.205             -6.25278e-13        0                   
365000              3500                886.515             265.301             500.765             15.4818             
172000              4400                938.6               364.073             481.665             77.1769             
172000              3750                1239.75             358.242             300.418             95.6049             
172000              2250                1947.72             636.407             -2.84217e-14        57.8591             
181000              2800                992.143             305.206             477.458             143.537             
172000              3900                1005.83             448.216             231.833             88.3937             
172000              4150                1089.31             536.365             -8.52651e-14        0                   
172000              2500                2610.2              602.955             -6.25278e-13        11.2207             
268000              3500                850.917             454.047             587.988             138.993             
172000              2250                1239.88             342.504             627.334             13.5215             
172000              2500                943.2               503.56              1033.33             65.356              
365000              4600                932.438             392.105             0                   0                   
172000              2250                1310.63             436.088             585.168             142.201             
172000              2500                1512.39             331.557             484.85              68.2266             
281000              2800                1091.87             392.622             298.909             0                   
268000              2800                1662.25             549.688             -1.42109e-14        137.468             
181000              4400                993.439             373.732             254.908             0                   
181000              2550                966.191             400.949             385.813             0                   
181000              4900                967.804             331.563             327.598             71.7805             
172000              4150                967.746             477.093             111.549             46.0541             
172000              2500                1149.29             269.702             493.232             167.356             
172000              3600                1136.76             385.296             133.27              0                   
385000              3250                2675.65             845.59              -1.3074e-12         0                   
272000              3300                1383.44             426.869             -1.42109e-14        94.9737             
365000              3750                837.902             391.677             603.737             67.7329             
268000              4400                1006.23             343.233             323.448             0                   
365000              3750                888.315             508.517             372.38              97.0723             
172000              2250                1469.31             486.523             365.177             36.2719             
172000              2250                1321.35             317.976             643.483             168.022             
268000              3500                815.417             455.724             707.309             102.635             
268000              4600                960.949             373.897             93.1771             51.4267             
172000              3000                932.95              523.899             724.986             106.649             
278000              4600                1089.25             383.759             0                   0                   
365000              3950                805.798             429.204             714.549             81.1547             
172000              2750                1435.43             316.823             532.119             142.201             
365000              3950                821.346             377.629             699.422             0                   
365000              4500                903.72              418.066             381.405             59.894              
172000              2750                2264.81             528.451             57.9245             178.373             
172000              2250                2744.18             663.693             -6.53699e-13        87.3639             
268000              2800                1603.63             430.695             110.632             13.6429             
181000              3050                825.096             483.34              710.063             77.1072             
172000              2250                2152                518.293             166.295             0                   
181000              3300                1316.98             343.154             349.197             0                   
465000              3450                803.807             476.863             1113.64             0                   
172000              2750                2414.31             539.31              27.0655             0                   
365000              2800                1019.41             359.541             506.484             0                   
268000              3100                1000.88             378.041             282.427             68.1156             
181000              3050                861.437             288.046             586.352             138.993             
172000              2800                1852.02             619.595             -2.84217e-14        35.1911             
172000              3750                1211.8              309.343             304.506             151.726             
172000              2500                1270.32             480.112             310.641             142.623             
365000              3750                813.157             228.517             699.533             0                   
172000              3000                1248.36             336.412             543.426             0                   
378000              3000                832.899             412.607             873.788             0                   
172000              2500                1470.52             608.029             53.8307             0                   
172000              2500                2486.27             557.467             5.57279             69.3401             
172000              4400                1134.86             384.012             119.338             89.7443             
172000              3100                1028.93             404.165             274.931             123.499             
172000              3000                983.764             449.626             724.986             32.6411             
172000              3300                1654.97             587.221             -1.16529e-12        0                   
278000              4150                923.659             380.546             20.5625             0                   
172000              2250                2798.22             651.647             -6.53699e-13        178.012             
172000              2500                1363.67             483.589             524.011             78.2003             
