145000              2500                3587.85             165.783             401.391             23.0392             
38000               3890                1567.74             168.371             25.6576             116.988             
38000               3740                2360.14             223.471             290.245             0                   
143000              3610                1695.37             149.308             0                   0                   
82000               2870                1761.72             124.167             485.286             0                   
42000               3670                1267.81             137.783             0                   154.94              
102000              3030                2168.06             227.121             -7.10543e-15        30.5923             
78000               3000                1838.18             217.488             336.018             0                   
42000               4000                1248.75             100.593             372.623             87.004              
43000               2550                3415.5              223.889             362.926             14.7065             
43000               2540                3494.3              216.095             473.797             80.9094             
42000               4000                1328.87             113.722             0.346318            98.3932             
100000              2730                3626.7              229.805             0                   34.0579             
63000               2550                3542.08             186.859             304.773             116.926             
42000               2940                1351.66             173.451             -3.55271e-15        107.527             
86000               2520                3399.77             193.041             345.396             24.5461             
40000               2770                3546.88             226.679             4.24116             179.506             
42000               2750                1218.85             179.226             75.1562             0.368466            
65000               4060                1190.82             89.2119             276.736             0                   
127000              2530                3830.01             167.681             0                   73.7195             
65000               4030                1124.31             146.248             193.657             0                   
60000               2900                2037.73             165.044             29.1726             0                   
79000               2790                1831.14             107.31              549.195             0                   
40000               2560                3625.41             198.803             95.3345             0                   
40000               2570                3560.99             200.364             4.24116             14.2133             
145000              2540                3610.85             194.37              246.528             39.2999             
84000               3270                1197.17             122.478             350.36              0                   
42000               4090                1285.47             104.82              283.259             53.2111             
166000              2670                3010.01             219.137             184.059             93.329              
119000              2880                1641.64             127.649             575.696             0                   
42000               3080                1494.78             97.1246             30.4058             35.9837             
42000               3050                1857.28             221.43              329.947             0                   
42000               4280                1272.63             186.094             0.346318            80.8861             
117000              2930                1548.54             192.973             503.796             0                   
83000               2880                3463                197.478             12.7901             22.4776             
65000               3780                1359.79             146.111             31.0927             0                   
63000               3440                1468.62             208.404             35.7541             10.4041             
42000               3060                1182.18             132.464             23.5462             155.889             
104000              2630                2403.92             229.502             262.159             20.5721             
42000               3860                1310.79             97.9208             22.8362             80.9375             
65000               4000                1111.35             102.046             350.785             38.0898             
42000               2750                1904                93.2201             414.526             0                   
40000               2550                3733.55             182.253             296.006             125.091             
83000               3260                1508.61             93.2956             129.407             0                   
129000              2510                3180.57             174.029             156.199             51.5205             
110000              2550                3462.12             174.932             580.488             0                   
122000              2880                2207.72             201.99              1.22954             9.83133             
65000               3310                1198.71             96.4242             406.211             79.5173             
42000               3140                1083.65             114.945             115.239             31.3314             
65000               4030                1081.58             106.28              204.538             0                   
104000              2520                3870.75             165.783             249.641             0                   
38000               2740                3506.13             214.988             228.351             128.514             
63000               3860                1151.4              132.464             73.9576             101.434             
65000               4050                1328.99             128.062             68.5113             19.9984             
63000               2770                1698.01             203.09              482.172             0                   
65000               3050                1917.36             193.572             -3.55271e-15        0.132481            
42000               3410                1491.9              91.9256             88.2113             0                   
149000              2500                3463.58             223.277             328.097             84.0719             
38000               2890                2283.79             150.857             14.3178             86.756              
146000              2510                3526.32             184.586             284.197             12.2905             
149000              2810                2455.34             229.055             274.87              0                   
140000              2790                1653.41             187.202             443.884             0                   
59000               2780                2119.81             106.259             340.015             0                   
42000               2770                1837.48             111.867             541.366             0                   
60000               2740                3663.09             226.557             0                   32.067              
42000               3970                1177.48             110.668             143.077             146.905             
145000              2650                3560.08             165.499             371.095             0                   
38000               2740                3482.23             185.904             231.212             153.727             
66000               4050                1423.3              125.412             -7.10543e-15        0                   
57000               2520                4161                226.295             175.396             67.2985             
127000              2530                3548.66             178.748             74.3096             152.568             
62000               3640                1326.82             131.173             318.095             0                   
61000               2650                1957.94             225.14              498.684             10.5368             
63000               4110                1462.45             97.9208             3.80222             30.0003             
100000              2850                1606.81             229.277             449.733             0                   
40000               2580                3582.29             166.824             328.512             63.6276             
40000               2550                3967.79             184.438             157.185             141.682             
40000               2550                3834.59             190.577             162.372             116.926             
42000               3840                1279.23             91.9256             317.572             87.004              
38000               2630                3320.78             167.494             251.65              0                   
89000               2580                3175.32             229.411             111.378             86.853              
60000               2750                1861.77             93.2201             459.629             0                   
60000               2610                2295.92             206.12              457.083             59.4821             
110000              2530                3631.57             206.247             81.2551             104.843             
127000              2580                3843.69             166.525             2.95837             0                   
38000               4140                1537.89             145.022             0                   96.9                
91000               2720                2496.8              220.437             296.242             0.225509            
129000              2630                3173.92             193.589             50.8449             95.513              
38000               3420                2531.78             166.213             37.8197             0                   
42000               4420                1226.4              120.014             1.59272             64.7705             
129000              2700                3612.19             206.383             -3.55271e-15        62.7677             
42000               3000                1150.55             117.745             81.1347             137.717             
38000               4720                1552.07             142.87              152.414             81.8412             
67000               2780                2208.32             228.927             311.893             0                   
38000               2830                3541.58             177.053             127.501             40.7673             
83000               2660                3350.47             209.829             84.5496             28.3284             
42000               4060                1145.21             132.464             61.4865             116.326             
42000               3560                1412.76             142.721             246.024             0                   
65000               3200                1753.66             88.5412             420.19              0                   
42000               2700                1291.93             139.741             0.410583            51.3792             
42000               4380                1265.28             124.038             86.2777             0                   
84000               2720                1910.8              172.207             441.707             0                   
42000               3890                1414.17             92.7115             171.19              16.0169             
84000               2470                3689.13             165.783             317.055             0                   
63000               2530                3668.22             171.036             211.608             125.957             
100000              2840                1951.32             154.849             307.784             0                   
100000              2790                1594.73             140.064             619.073             0                   
143000              3360                1615.84             111.727             3.55271e-15         0.0760446           
42000               4030                1256.12             106.386             329.192             107.783             
83000               2840                1748.18             109.86              364.319             15.9642             
110000              2540                3315.7              168.321             4.19458             47.0518             
130000              2550                3780.05             195.07              14.4973             0                   
40000               2520                3982.9              228.252             312.354             212.346             
42000               3310                1204.13             109.107             23.2467             145.075             
90000               2700                2349.19             229.352             374.17              0                   
42000               4030                1478.57             97.9208             3.80222             0                   
42000               2950                1813.83             179.864             416.757             0                   
42000               3420                1252.18             152.781             379.582             0                   
66000               2750                1314.2              154.271             31.986              0.368466            
42000               2940                1886.97             205.991             0                   35.2991             
84000               2470                3742.84             167.507             191.317             0                   
63000               2570                3457.45             173.643             73.3922             0                   
38000               2900                3291.12             176.722             428.876             39.679              
42000               2750                1156.75             129.115             137.199             0.368466            
40000               2560                3712.91             173.908             4.24116             0                   
151000              2640                2681.43             218.885             308.039             15.5039             
37000               3720                2339.72             229.418             130.999             110.2               
166000              2650                3137.55             199.319             222.626             121.998             
110000              2550                3729.74             173.953             61.8615             7.10164             
166000              2500                3200.76             226.29              459.544             197.8               
40000               2550                3792.85             173.908             291.095             149.8               
66000               2750                1371.16             131.15              0.410583            38.2926             
146000              2530                3750.94             165.783             246.81              0                   
79000               2610                2079.19             142.753             376.399             0                   
121000              2840                1729.81             116.507             399.743             0                   
42000               3640                1365.98             91.9161             277.584             38.5956             
65000               3040                1489.5              95.887              140.045             35.9837             
61000               2690                1263.55             137.717             89.3506             59.2743             
127000              2560                3593.98             167.437             37.8655             134.665             
60000               2570                3521.12             160.337             451.931             0                   
65000               2960                1879.51             115.719             58.7495             0                   
38000               4220                1617.06             139.339             118.542             127.942             
166000              2560                3275.57             180.942             387.478             33.7308             
42000               2700                1233.68             108.556             13.4019             50.6284             
90000               2520                3819.7              173.953             0                   0                   
100000              2810                1675.51             89.8016             436.781             12.2489             
42000               3780                1174.25             115.753             318.324             0                   
42000               3640                1214.48             187.021             332.202             0                   
57000               2520                4216.85             220.884             105.693             161.542             
38000               2960                2491.97             195.122             6.20457             117.609             
43000               2500                3285.09             224.497             329.529             53.1128             
65000               3420                1219.42             92.389              346.249             52.5822             
100000              2650                3645.25             202.45              0                   0                   
119000              3060                1729.26             183.183             3.21286             8.46776             
38000               3030                2162.88             159.493             27.3767             155.092             
65000               3560                1210.48             89.2119             267.01              0                   
38000               3910                1883.12             221.882             41.8338             66.0233             
38000               3640                2589.08             165.198             -7.10543e-15        13.2464             
184000              2480                3015.79             226.261             525.629             92.7966             
40000               2740                3679.69             225.896             0                   0                   
43000               2520                3341.06             222.714             526.474             0                   
42000               3010                1868.85             131.828             354.627             0                   
104000              3150                1612.25             92.3984             462.997             0                   
63000               3170                1206.71             109.759             72.1859             68.473              
119000              2740                1739.86             227.948             410.227             0                   
42000               4310                1294.41             107.33              14.1383             0                   
42000               4220                1291.88             186.507             0                   7.18356             
79000               2610                1853                147.467             445.129             23.7792             
38000               2950                2802.04             194.112             212.826             0                   
79000               2680                2266.12             229.546             333.702             43.9026             
166000              2470                3441.19             178.07              209.812             71.685              
42000               2680                1710.56             140.064             444.924             0                   
110000              2600                3622.44             227.717             3.45591             146.229             
42000               4170                1288.74             203.366             0                   21.6667             
42000               4360                1257.35             116.037             0                   122.341             
104000              2510                3995.98             229.538             162.642             13.832              
66000               2690                1406.44             160.082             0.410583            59.2743             
42000               2910                1910.67             115.719             0                   0                   
42000               2720                2112.83             209.737             431.252             0                   
107000              2540                3672.16             229.123             47.769              192.979             
142000              2600                3118.15             222.345             364.94              169.488             
67000               2510                3538.13             193.957             296.434             14.7065             
63000               2610                3514.63             169.482             393.024             139.641             
40000               2550                3809.47             180.4               389.697             29.7721             
42000               4000                1310.85             150.479             46.5279             0                   
42000               3420                1227.61             100.988             438.26              96.8259             
60000               2850                1908.57             193.134             332.001             0                   
140000              2790                2455.08             138.054             230.033             0.0383377           
38000               4110                2219.16             222.904             206.77              0                   
165000              2830                2675.42             200.178             203.587             0.0383377           
172000              2720                2329.11             227.991             269.124             0                   
65000               3780                1090.26             108.181             231.248             25.2333             
83000               3400                1570.02             128.062             111.813             0                   
42000               2940                1125.71             111.206             147.613             81.3201             
42000               3670                1427.43             121.248             0.346318            31.901              
60000               2580                3473.36             221.241             309.07              15.0274             
42000               3840                1312.42             91.9161             354.544             0                   
42000               3140                1528.39             138.714             32.1807             0                   
38000               4030                1497.52             148.938             31.7679             108.81              
42000               2750                1122.41             114.945             147.613             35.9885             
