185000              5200                828.727             231.04              1567.11             108.075             
185000              6000                708.538             1456.64             946.233             47.2512             
185000              6400                1158.06             1206.2              312.169             76.3974             
202000              3400                943.292             347.556             593.831             126.151             
185000              6400                925.202             1207.13             439.371             78.8579             
202000              3400                1231.63             1483.49             587.853             0.102588            
202000              3400                1345.32             1532.39             463.101             221.23              
185000              6700                663.137             1456.64             1156.77             0                   
282000              7400                654.582             268.451             0                   0                   
300000              3800                739.721             253.223             588.849             128.869             
282000              3000                1014.32             260.913             2535.26             0                   
297000              5400                673.616             184.741             2465.87             0                   
185000              6500                718.405             1088.99             657.646             0                   
187000              3400                1526.01             465.499             1108.22             147.951             
185000              6500                696.545             1206.2              712.635             88.2111             
185000              5800                945.97              1206.2              417.669             2.9334              
185000              6700                663.137             204.209             1156.77             0                   
300000              3800                737.04              737.537             683.621             128.869             
297000              5400                674.025             209.369             1170.15             0                   
300000              3400                737.444             241.127             1922.55             119.893             
302000              7800                925.702             644.049             -5.68434e-014       0                   
185000              7100                982.699             406.114             334.389             2.71992             
185000              3400                822.478             241.127             1621.46             108.075             
297000              3400                851.197             242.76              871.245             0                   
297000              3000                781.049             1599.82             1217.42             0                   
202000              3400                1389.34             1544.41             431.093             46.9666             
301000              7100                1032.29             625.009             -5.68434e-014       0                   
227000              3000                1210.64             364.596             1455.14             0                   
185000              6500                910.113             1207.13             407.91              159.978             
205000              4400                1020.12             311.186             31.4574             81.2939             
185000              6500                699.522             223.179             709.658             161.125             
185000              5800                993.164             318.793             370.476             93.3693             
297000              3000                1152.76             317.669             721.477             94.1804             
416000              7700                1015.84             625.009             -5.68434e-014       13.1455             
297000              3000                851.96              1626.07             1084.58             0                   
185000              7100                1111.68             439.216             285.618             62.1281             
202000              3400                753.75              250.007             2539.94             0                   
297000              6500                734.235             209.369             1132.56             0                   
185000              7100                1214                507.647             239.763             126.89              
227000              5400                846.433             220.51              913.252             121.955             
227000              5400                862.314             221.671             764.796             0                   
185000              5800                933.541             294.563             473.041             161.222             
282000              5000                709.941             299.208             190.175             73.8644             
185000              6000                718.323             1456.64             862.151             0                   
185000              5600                858.658             221.977             1704.11             170.349             
187000              4400                1116.63             364.54              21.8137             14.4889             
185000              5800                1074.63             337.963             289.941             124.887             
202000              3400                1273.28             1483.49             546.019             146.658             
187000              3400                1284.29             353.436             1310.37             0                   
297000              3000                798.611             1599.82             1111.25             141.945             
300000              3800                742.42              737.612             497.646             0                   
185000              6400                1065.01             398.022             354.651             0                   
282000              4400                795.115             264.513             2.1856              73.8644             
185000              7100                1159.77             1207.13             238.464             165.189             
282000              6400                849.025             240.841             965.234             0                   
227000              3400                1054.19             1134.04             468.473             0                   
282000              3000                1018.57             277.056             1306.25             0                   
282000              3000                1006.6              260.664             2542.97             156.418             
185000              5400                659.389             202.33              2514.78             0                   
207000              6000                679.519             193.304             2571.08             81.4845             
297000              3000                894.43              1657.17             1073.21             138.144             
297000              3000                1004.89             287.049             813.316             170.767             
192000              3800                952.386             329.987             327.554             143.826             
185000              7100                685.756             229.551             881.739             55.831              
317000              3400                732.301             250.007             1650.35             60.0623             
282000              3000                1008.52             260.913             2541.06             68.4333             
187000              3400                1384.15             424.526             1217.1              61.6864             
202000              3400                943.292             1206.2              593.831             126.151             
202000              3800                976.512             934.015             304.516             30.4268             
227000              3400                1247.49             1236.28             406.363             0.651206            
187000              3800                1017.59             312.011             155.304             0                   
297000              3000                782.805             249.694             1155.81             170.767             
300000              6500                829.957             229.28              309.534             0                   
300000              5200                760.905             227.997             1655.12             160.741             
297000              3000                779.102             250.618             2485.52             54.099              
187000              3800                1002.59             613.724             176.304             36.7911             
185000              5600                728.645             196.18              2406.74             50                  
202000              3400                1283.62             511.725             541.524             166.534             
317000              3000                851.431             250.007             2076.33             58.8932             
202000              3400                836.6               277.535             700.522             169.784             
185000              6400                1160.29             407.979             310.869             76.3974             
297000              6000                745.628             225.808             767.492             114.41              
185000              6400                869.206             1206.2              494.433             12.0483             
297000              6700                619.41              219.914             4.95737             23.8246             
297000              6100                650.084             206.685             1354.13             55.831              
185000              5200                835.004             230.677             1550.96             26.1329             
185000              5600                868.39              239.478             1694.21             0                   
185000              4000                723.306             241.127             1160.17             0                   
205000              4400                816.669             281.193             105.438             0                   
317000              3400                737.705             250.007             1464.28             0                   
185000              6500                1010.06             441.736             317.301             159.87              
202000              3400                1230.81             519.444             588.492             10.8594             
297000              6700                610.083             195.3               1642.58             0                   
297000              3400                751.237             249.694             2544.71             170.767             
185000              7100                708.066             238.586             491.808             0                   
205000              4400                866.761             307.058             71.1416             40.3573             
202000              3400                1256.45             1483.49             562.847             35.968              
227000              3400                1050.83             319.034             541.596             0                   
185000              7100                780.993             261.939             454.677             141.761             
300000              5200                763.367             227.997             1127.32             49.5108             
317000              3000                797.052             250.007             2346.94             0                   
185000              6500                783.108             240.186             686.915             106.717             
282000              3000                1002.29             261.026             1550.16             60.831              
185000              7100                740.502             205.791             866.195             166.775             
207000              6000                699.19              1294.64             892.859             42.7105             
297000              5400                689.313             216.178             1164.74             64.3238             
202000              3400                814.163             255.476             752.168             105.959             
297000              3400                814.715             249.694             972.835             170.767             
185000              7100                1157.54             485.07              239.763             165.189             
185000              5600                882.233             240.484             1298.87             144.675             
185000              7100                1242.98             457.051             313.75              0                   
297000              3000                1070.06             1634.9              831.279             42.001              
185000              7100                731.834             1088.99             469.968             0                   
185000              6000                735.845             193.673             2008.26             94.4348             
297000              7400                584.045             238.143             0                   53.537              
297000              3000                780.615             1599.82             1217.42             85.8737             
185000              5200                703.017             240.054             2040.98             64.5872             
185000              5800                997.638             1207.13             366.935             162.374             
227000              3000                1087.43             277.143             1578.34             0                   
282000              7100                820.542             225.494             792.806             54.2111             
185000              6000                650.89              1546.75             1262.89             0                   
185000              5800                858.51              1207.13             506.064             157.148             
297000              3400                751.727             250.184             2544.71             85.8737             
185000              7100                687.973             1456.64             879.522             0                   
297000              6400                663.47              186.644             2315.12             0                   
202000              3400                922.726             1305.14             713.336             62.3251             
297000              3000                1079.46             1590.48             777.02              127.875             
301000              7000                1078.66             625.009             -5.68434e-014       29.73               
185000              6500                921.896             361.573             405.492             35.3981             
297000              6400                657.116             186.644             2321.47             61.6569             
202000              3400                1266.11             519.444             562.438             97.0881             
185000              7100                789.775             1088.99             410.099             154.975             
185000              6400                955.485             298.654             408.155             168.697             
185000              5800                1020.46             1206.2              343.174             26.7241             
297000              7100                648.33              195.3               966.359             0                   
317000              5800                735.479             214.901             842.004             50                  
297000              6400                671.127             216.116             326.369             122.883             
185000              3800                740.447             241.127             686.915             49.5108             
185000              3400                1003.91             328.392             1439.63             0                   
187000              3400                1119.42             294.258             1475.25             64.4965             
185000              3800                746.026             930.129             591.344             0                   
202000              3400                835.452             1206.2              701.671             169.784             
207000              6000                699.19              195.584             892.859             42.7105             
185000              5600                768.054             221.977             1785.13             162.522             
282000              3000                982.706             266.661             2474.78             95.6463             
282000              6700                669.46              246.807             0                   0                   
282000              3800                772.968             956.473             590.746             87.3113             
202000              3400                934.615             347.556             602.508             62.3251             
202000              3400                1249.55             1483.49             569.493             226.193             
205000              4400                860.934             272.763             351.874             125.328             
185000              5400                673.023             197.224             2496.04             60.0087             
185000              4000                723.689             1293.86             1069.5              0                   
185000              5800                688.46              1299.26             813.784             85.421              
282000              3000                1060.35             318.836             1264.47             154.056             
300000              3800                736.434             919.751             866.441             60.0623             
297000              4000                631.103             235.17              13.9355             0                   
297000              3000                1100.12             1573.72             774.786             0                   
185000              3400                766.042             241.127             1769.99             49.5108             
185000              5200                708.928             206.205             1842.57             0                   
282000              3000                969.096             1696.92             1407.08             0                   
187000              6500                917.955             740.204             237.132             0                   
185000              7100                1004.84             1206.2              312.249             139.37              
317000              5800                790.939             227.925             626.344             164.358             
202000              3400                818.118             1206.2              719.005             105.959             
187000              3400                1334.4              375.755             1266.88             161.563             
187000              3800                1003.97             591.422             60.5318             14.4889             
185000              4000                719.639             241.127             2464.12             0                   
297000              3000                780.387             250.184             2483.8              139.973             
185000              3800                743.127             928.03              592.143             49.5108             
297000              6000                646.973             188.662             1576.65             0                   
297000              3000                847.519             250.184             1078.18             85.8737             
185000              6400                758.2               199.198             1892.5              0                   
297000              3000                787.684             250.618             1122.61             0                   
297000              3000                780.125             1599.82             1217.42             170.767             
297000              3400                752.161             250.618             2544.71             0                   
185000              4800                935.536             291.92              523.579             0                   
185000              7100                1015.26             374.492             301.826             132.579             
185000              7100                739.885             1088.99             459.989             94.3238             
414000              7100                950.015             624.017             -2.84217e-014       0                   
297000              3000                1197.77             317.669             681.092             0                   
185000              3800                905.157             928.03              587.618             49.5108             
297000              5800                690.692             189.687             2462.68             55.831              
185000              6000                679.704             193.63              2318.27             0                   
202000              3400                1236.74             1483.49             582.13              96.733              
282000              3400                815.566             291.091             0                   0                   
185000              3400                915.253             264.791             1528.28             62.8508             
185000              3400                776.662             241.127             1863.23             0                   
282000              4000                712.763             300.031             1.39767             0                   
202000              3400                755.367             250.007             869.892             0                   
297000              7400                598.202             226.085             4.95737             0                   
185000              7100                934.527             301.597             383.495             90.1123             
185000              7100                954.732             1207.13             363.291             90.1123             
297000              3000                841.379             1615.66             1086.3              81.4102             
185000              7100                917.566             1206.2              399.522             0                   
185000              6000                711.449             273.299             943.323             0                   
202000              3400                823.671             1206.2              713.452             0                   
185000              6500                773.121             300.415             426.753             81.9783             
187000              3800                1153.74             360.495             0                   0                   
185000              3400                1104.84             352.438             1338.7              29.6498             
185000              5600                874.87              224.796             1779.99             78.9022             
