105000              3260                2701.44             177.549             4.26179             4.22866             
61000               4310                1804.22             164.357             28.9382             2.3014              
110000              2820                2578.32             218.066             38.2361             22.0181             
41000               4000                1584.03             137.889             192.441             13.0026             
146000              2670                4283.79             228.061             375.716             21.2419             
41000               3120                1920.9              170.027             83.5551             0                   
82000               3550                1538.07             188.541             324.934             8.72029             
124000              3280                2027.76             162.223             31.7408             21.4247             
63000               3330                2084.24             133.909             72.1968             34.149              
61000               3860                1799.95             185.278             27.5094             15.1456             
42000               3530                1668.23             140.384             91.8257             26.629              
105000              3160                2540.07             156.45              14.1746             2.97035             
141000              3090                2496.29             189.085             34.0185             9.23344             
63000               3090                1576.35             184.99              263.512             2.12461             
41000               3610                1621.75             149.859             255.785             21.3173             
151000              2760                2693.44             218.066             109.692             6.28496             
106000              3630                1977.15             134.525             33.6768             13.4354             
189000              2700                4428.59             225.99              346.417             25.8984             
101000              3020                2465.25             159.179             7.32248             37.4804             
102000              3560                1499.87             151.043             444.13              1.544               
82000               3260                1856.37             205.866             31.7408             21.4247             
63000               2900                2791.72             173.092             32.8508             9.50404             
169000              2650                2482                225.174             864.347             0                   
81000               3230                2344.79             150.726             10.3691             25.335              
83000               2890                2388.07             172.247             47.9363             23.1174             
61000               2880                1826.12             187.849             383.801             21.7636             
83000               2960                1845.06             168.776             372.983             0                   
41000               3320                2403.08             151.429             28.4211             6.74063             
41000               3700                1577.02             187.414             252.304             15.881              
41000               2830                1998.18             191.511             231.175             0                   
41000               3740                2237.47             150.905             23.6937             1.71683             
42000               3860                1850.82             139.553             23.2921             1.02483             
82000               3700                1512.13             174.833             281.608             30.05               
129000              3540                2364.04             183.313             7.27515             10.9886             
119000              2830                2002.49             144.65              252.26              17.6042             
209000              2690                4152.3              222.729             195.02              9.99631             
130000              2640                4067.66             214.652             484.193             0                   
188000              2700                3447.14             206.705             497.625             1.1527              
60000               3190                1646.73             140.894             352.29              17.3147             
83000               2680                3470.04             207.928             470.04              7.04108             
126000              2610                4624.2              229.767             364.271             45.0447             
60000               3530                1554.19             217.183             298.015             6.46166             
105000              3230                1851.06             125.862             354.374             0.1178              
41000               3630                2295.86             172.208             22.96               8.94057             
41000               3860                1621.02             157.831             148.941             16.3094             
61000               4140                1536.55             126.707             162.989             16.1354             
82000               4040                1532.71             131.427             421.594             0                   
172000              2560                3390.04             225.99              841.35              54.2905             
41000               4000                1553.62             131.427             319.751             0                   
41000               4000                1619.38             141.668             111.647             22.5565             
63000               4080                1936.27             133.909             18.9604             21.7456             
101000              2800                2045.63             140.607             233.434             30.7243             
151000              2720                4036.17             212.628             702.031             0                   
63000               3270                2015.29             204.235             12.5023             5.59717             
82000               4150                1462.11             127.584             402.551             12.1112             
41000               3560                2045.76             168.921             14.5534             22.9264             
133000              2780                2838.13             218.066             48.5973             0                   
100000              3130                2532.45             223.162             14.0432             3.28439             
112000              2910                1840.63             163.563             216.45              9.97731             
61000               3450                1667.54             165.89              52.5801             25.156              
63000               2850                2728.15             159.559             92.5339             34.6867             
82000               3590                1474.06             119.178             436.22              5.10764             
105000              3290                1564.62             154.845             432.911             0                   
84000               2780                2230.63             141.098             48.5156             4.49291             
63000               3050                1831.58             203.342             187.531             0                   
168000              2610                3491.1              219.296             624.785             34.3681             
123000              3100                2034.43             134.014             111.144             1.42785             
61000               3910                1574.66             201.854             295.133             1.55105             
129000              3220                2096.25             160.625             17.6954             0.127208            
102000              2830                2185.5              209.565             90.9955             12.8053             
86000               4140                1899.85             153.227             31.6939             0                   
192000              2680                2717.93             210.942             635.972             18.1414             
105000              3060                2762.49             214.444             18.2786             4.22866             
80000               2680                4265.19             229.781             505.397             22.8751             
84000               2750                2343.3              188.096             102.153             12.2653             
42000               2970                2384.45             143.163             63.0687             0.28011             
66000               3410                2040.63             194.819             66.0394             7.16782             
87000               3100                2342.05             132.088             139.377             0.1178              
41000               3330                1724.16             184.255             130.953             5.8301              
80000               2650                4251.69             229.781             491.384             49.8566             
65000               3220                1848.94             208.943             82.4172             3.28352             
123000              2640                3764.58             229.126             771.799             10.7894             
41000               2910                2148.09             161.72              83.7889             24.4558             
42000               3020                2042.1              132.09              157.301             15.9535             
60000               3440                1580.08             173.364             371.754             4.25991             
160000              2660                3144.84             228.907             554.571             50.8862             
41000               2850                1946.69             141.913             244.99              23.1088             
89000               2830                2628.17             187.151             83.114              0                   
58000               3970                1569.53             127.584             312.498             26.8403             
63000               3940                2114.32             138.932             10.845              8.37199             
65000               2850                2354.45             143.322             149.147             0                   
122000              2780                2083.33             140.607             313.222             6.28496             
63000               4080                2000.29             180.367             12.4583             0                   
41000               2880                1846.13             143.598             307.486             0                   
63000               3690                1477.21             119.178             360.31              16.6504             
82000               3860                1559.66             127.411             156.512             23.4322             
82000               3330                1796.53             142.268             34.6502             28.7683             
41000               3940                1596.67             124.491             340.428             25.4337             
170000              2770                2848.72             200.347             89.8109             18.603              
142000              2880                1976.71             143.234             316.15              0.0950231           
153000              2590                3384.28             212.559             774.238             20.3727             
111000              2720                3762.84             191.052             504.083             14.5059             
82000               3690                1814.4              125.588             104.196             0                   
82000               2910                1625.43             129.915             334.109             10.2642             
65000               2770                2345.42             215.515             170.047             6.28496             
63000               3350                1856.46             125.919             374.536             0                   
63000               2920                1644.72             129.915             218.076             5.79285             
87000               2860                3136.25             193.581             34.1783             10.8262             
63000               3140                1549.5              118.372             320.101             3.28352             
141000              3110                2168.6              221.434             28.3554             18.1636             
82000               4160                1480.68             136.744             287.534             19.9468             
86000               3880                1503.11             141.927             246.141             0                   
144000              3290                2686.71             161.705             4.02051             8.31586             
99000               3160                1944.28             135.294             70.0783             29.8694             
189000              2680                4683.78             229.43              56.5159             12.7597             
82000               3910                1697.15             123.295             202.995             0.703047            
41000               3520                1660.68             198.953             229.766             3.28352             
101000              2930                2188.15             138.009             270.523             0                   
42000               3440                1899.48             128.847             97.1759             21.9409             
41000               4120                1631.19             124.491             349.12              4.82753             
65000               2780                2396.5              176.503             227.508             17.0084             
82000               3480                1828.03             179.135             38.1441             1.10488             
41000               3030                2005.11             153.057             78.4794             30.7827             
82000               3720                1931.82             171.466             16.9128             8.93203             
105000              3640                1903.47             147.582             14.0684             0.127208            
124000              3220                2048.74             182.763             31.7408             21.4247             
105000              3440                1666.66             130.085             402.745             3.09901             
102000              3380                2195.59             221.755             12.0094             21.8374             
101000              2760                2260.13             153.284             341.691             6.28496             
84000               2740                2422.9              170.58              167.684             0                   
79000               2890                1892.15             141.913             331.578             25.31               
184000              2730                2999.56             217.118             941.428             10.9241             
63000               2720                2979.89             227.491             806.358             29.7013             
61000               4340                1709.44             143.021             25.6092             18.7285             
192000              2640                3381.86             214.67              702.459             9.18383             
100000              3100                2069.78             136.718             29.0885             21.6879             
63000               3090                2139.73             173.163             32.8746             22.847              
61000               2940                1878.91             201.322             271.734             4.17988             
144000              3050                2481.2              159.179             5.29293             18.6911             
41000               3660                1736.72             125.894             436.32              8.92107             
42000               4170                1731.75             127.038             80.1295             11.052              
101000              2580                3209.35             228.83              559.277             17.281              
42000               3480                1736.88             184.144             47.1191             14.6452             
41000               2850                2046.68             155.83              140.534             11.3888             
126000              2770                2694.65             215.923             96.6483             26.2045             
42000               3050                1900.57             127.99              334.867             20.8154             
84000               3240                2130.94             218.271             64.051              6.69946             
161000              2670                3697.87             227.783             324.02              4.31399             
108000              2880                2392.78             218.066             45.5766             10.0698             
63000               2760                3262.36             225.99              679.553             1.10702             
149000              2660                3535.25             217.652             602.305             16.0689             
106000              3110                2183.52             194.129             27.071              20.6412             
105000              3530                1729.19             142.713             44.2787             23.0302             
41000               3720                2252.41             150.591             22.96               21.3703             
105000              3330                1679.72             140.388             106.566             0.0163656           
61000               4340                1683.25             132.356             39.3069             10.0803             
41000               4110                1998.98             166.941             28.4145             7.92875             
166000              2670                4434.79             229.823             293.027             41.0747             
105000              3810                1609.58             136.322             86.8412             21.9409             
83000               2920                1877.03             209.279             197.168             4.76612             
82000               3690                1475.23             154.005             339.88              5.10764             
41000               3710                1580.15             148.097             296.658             1.82411             
61000               4310                1639.63             129.335             87.5443             1.02483             
83000               2860                1890.12             190.359             255.653             0                   
105000              3610                1583.91             123.024             170.096             20.3591             
107000              2770                2691.62             205.881             110.259             6.34444             
123000              2730                2564.08             174                 739.655             16.0136             
41000               2910                1832.18             141.913             418.116             21.7636             
192000              2560                2634.59             222.142             960.247             21.2159             
169000              2670                3842.77             199.274             562.389             0                   
41000               3250                1793.53             127.895             100.529             0                   
65000               2760                2395.93             181.204             246.814             0.746337            
60000               3570                2467.61             158.6               26.539              0                   
149000              3350                2215.98             183.313             7.573               11.1158             
105000              3560                1747.42             170.555             47.1208             2.12328             
192000              2640                2832.03             219.771             740.145             0.767344            
81000               2660                2916.55             228.8               867.871             26.1819             
42000               3110                2049.9              126.76              269.09              0                   
101000              2710                3035.87             229.823             202.659             61.2603             
101000              2610                3073.04             222.555             881.564             1.63331             
41000               4250                1639.63             133.211             229.185             0                   
63000               3740                1557.99             142.42              262.631             31.4358             
104000              3440                1502.34             154.713             226.438             13.3161             
106000              3420                2003.96             189.777             22.5327             16.5821             
192000              2550                2743.52             210.942             1109.76             9.18383             
105000              3700                1636.4              130.085             311.007             1.78119             
61000               3500                1571.05             123.295             111.295             3.86653             
63000               2970                1615.76             153.779             269.421             17.0006             
41000               2970                2073.97             150.462             38.1272             32.7811             
41000               3560                1544.18             158.286             357.9               4.17551             
104000              3940                1559.96             126.707             223.886             16.1354             
63000               3300                1518.63             117.498             312.677             14.9519             
42000               3300                2142.2              126.76              155.291             11.557              
151000              2820                2636.14             218.066             50.4328             1.64583             
63000               3800                1529.47             119.175             259.246             4.82753             
126000              2940                2540.11             181.346             44.8608             0                   
41000               2860                1906.7              183.154             206.489             9.78682             
109000              3910                1989.43             183.313             13.5723             4.18999             
101000              2880                2272.39             200.074             186.075             0                   
84000               3450                1651                129.759             74.4593             14.6452             
