183000              6450                1917.06             579.042             751.13              29.7925             
129000              9650                2016.56             219.828             40.9235             34.7733             
179000              8650                1379.64             212.498             451.693             30.4701             
78000               9400                2493.54             295.159             44.774              18.5075             
127000              8400                1554.04             143.764             1298.75             14.5968             
127000              8450                2424.16             1083.31             66.4858             0.315984            
129000              7950                2230.59             529.402             42.9245             57.3907             
119000              7200                2545.92             218.045             1171.98             0                   
78000               7400                2290.85             221.629             373.192             24.2708             
179000              7700                1645.18             641.05              814.697             15.3066             
126000              8600                1602.07             1216.55             647.427             7.77661             
126000              9250                2360.68             403.035             7.87145             26.1629             
78000               8100                1722.06             190.964             620.495             9.94086             
134000              5400                2383.14             693.838             340.295             0                   
184000              5200                2232.19             258.793             1009.43             3.07987             
183000              5950                1936.43             739.553             966.911             27.4292             
119000              8900                2552.09             609.256             8.4069              4.95508             
175000              9100                1941.27             559.589             60.4474             25.053              
129000              7900                2287.23             526.362             36.7727             45.525              
78000               7400                1845.89             200.307             864.585             0                   
224000              6500                2096.99             258.793             537.341             0                   
134000              5950                2065.48             877.437             753.026             28.7676             
183000              6800                2246.01             719.224             104.832             0.819887            
119000              9450                2565.92             333.199             18.2737             0                   
119000              6900                2861.21             714.615             160.497             13.1709             
181000              7000                2110.22             610.532             1178.97             0                   
129000              7850                1486.12             715.651             298.205             21.3464             
181000              5200                2624.11             759.172             545.243             34.3455             
179000              7800                1543.05             449.106             248.246             30.4701             
78000               8900                2438.75             1111.6              62.5466             0.231796            
127000              8400                1591.86             466.344             1030.87             0                   
89000               7200                3524.78             1234.15             1533.35             10.4426             
126000              7900                1751.2              931.763             829.767             0                   
225000              7700                1914.36             200.611             167.576             5.96671             
127000              9450                1495.17             156.874             829.861             8.69036             
225000              7700                1864.23             622.179             198.486             35.0465             
225000              7700                1912.04             499.252             169.108             17.1084             
225000              7700                1843.89             585.276             214.002             5.96671             
172000              5900                2030.65             579.042             462.589             27.4029             
78000               9200                1591.4              400.534             854.258             0                   
119000              10200               1984.08             192.452             228.525             0                   
78000               9400                1697.17             221.543             251.215             0                   
78000               8300                1981.43             677.795             132.739             0                   
126000              7200                2187.29             1138.3              1699.92             21.2589             
134000              5400                2315.07             1025.7              682.251             28.7676             
181000              5500                2195.11             242.002             1414.37             26.3737             
134000              5200                2627.87             473.955             575.84              34.3455             
134000              5200                2304.49             258.793             857.801             35.6624             
129000              8900                1582.08             1058.31             296.628             0.278839            
78000               9150                1597.88             703.614             887.708             9.6007              
129000              9700                2196.85             863.763             21.1694             12.6639             
126000              7000                3116.88             1116.94             474.028             8.01484             
78000               9100                2097.83             216.865             51.1992             29.4031             
78000               9100                1602.13             170.049             612.666             0                   
78000               8100                1822.35             186.07              311.872             30.0327             
224000              6200                1935.39             651.482             1856.97             0                   
78000               8400                2443.55             245.79              88.3938             0                   
127000              10500               1761.26             163.199             440.681             9.25163             
231000              5500                2609.73             476.267             765.638             0                   
129000              9950                1635.28             212.204             90.65               0                   
135000              5200                2123.76             258.793             1299.56             0                   
123000              6700                3556.96             505.1               571.266             0                   
126000              7000                2610.4              838.125             764.488             21.0709             
135000              5900                2985.75             324.69              105.753             21.8327             
78000               7400                2330.19             221.629             616.064             8.51819             
126000              7900                1969.53             183.869             527.573             36.9296             
135000              5400                2334.87             784.983             598.308             40.0115             
175000              8950                2121.89             211.145             8.24353             32.1778             
225000              8250                2018.23             217.864             101.977             9.22744             
222000              5600                2285.69             718.094             291.374             13.7805             
179000              7400                1844.27             706.285             265.662             30.014              
129000              7800                1647.81             1212.76             272.432             33.2428             
183000              5900                2042.14             722.247             1146.78             23.2958             
126000              9750                1565.96             1022.83             726.752             0                   
129000              10450               1718.79             212.204             70.6821             14.5618             
127000              9950                1720.69             165.595             376.091             32.3523             
181000              5200                2612.01             427.044             575.84              22.3685             
119000              8900                2716.6              298.381             5.80203             10.3944             
134000              6050                2787.92             218.475             1054.25             18.5111             
134000              5200                2619.42             621.134             801.903             0                   
78000               9150                1811.55             311.847             153.375             11.7173             
134000              5200                2243.35             645.765             828.468             21.2536             
134000              7450                2472.04             1012.02             194.815             0                   
126000              8150                1561.47             1131.69             709.291             16.6856             
129000              8650                2171.2              835.875             8.24353             48.3683             
175000              5950                2022.73             877.437             817.712             0                   
119000              7700                2629.44             257.257             56.9046             22.0744             
129000              7400                1676.1              163.857             807.714             15.3066             
183000              6400                1929.66             473.721             991.864             0                   
224000              6450                1906.7              411.234             750.92              29.7925             
127000              9150                2179.52             835.875             13.9994             38.2045             
119000              7200                2669.69             212.162             920.224             32.2391             
133000              7200                2249.67             1200.76             759.895             31.1776             
78000               7900                1953.92             192.27              1101.67             32.0581             
226000              5500                2414.35             437.825             729.3               21.2536             
179000              7700                1720.62             188.648             396.252             0.544186            
78000               9200                1590.48             213.869             1277.84             0                   
181000              5200                2661.2              497.696             745.27              0                   
184000              7650                2056.15             394.466             47.3924             34.1987             
183000              6450                1919.06             271.889             717.233             29.7925             
78000               7600                1744.9              516.76              490.992             9.94086             
134000              5600                2101.48             1093.78             829.211             0                   
183000              6500                2759.81             232.984             532.08              24.5422             
126000              7400                2061.9              1216.55             319.475             13.2128             
134000              7000                2263.4              221.526             914.992             30.6398             
165000              7900                1500.23             573.246             1075.64             0                   
183000              6650                1853.87             749.631             803.499             1.16016             
119000              7200                2863.41             311.056             457.314             27.2069             
126000              8100                1699.67             1219.85             635.221             0                   
134000              5900                2685.16             462.928             172.144             40.2553             
181000              6500                2082.74             239.737             1367.94             16.1905             
123000              7000                4090.32             522.058             335.235             0.652023            
135000              7250                2861.37             299.59              140.524             2.16777             
129000              7400                1674.93             641.05              814.661             0                   
78000               8600                1644.33             169.609             1021.93             0                   
134000              5200                2095.99             579.042             1276.15             12.959              
134000              6100                2209.06             280.487             91.6305             8.53315             
129000              8300                1464.91             600.464             283.98              30.4701             
134000              5000                3089.77             609.954             923.306             4.10919             
134000              6450                1974.33             877.437             1113.19             0                   
129000              8900                1513.59             1183.39             293.231             5.60555             
179000              9450                1494.4              212.019             249.903             5.88439             
129000              8100                1453.56             1165.71             360.748             30.4701             
134000              5200                2387.29             320.638             799.898             18.2431             
135000              5900                2871.51             260.784             298.73              0                   
179000              7900                1601.41             766.82              338.867             0                   
172000              6950                2170.04             218.477             276.139             35.8743             
126000              9150                1580.35             888.698             565.777             38.8423             
184000              7100                2752.3              281.142             67.6088             19.3109             
78000               8400                2220.53             194.681             536.436             0                   
78000               9400                1698.43             191.235             307.51              22.9528             
179000              8300                1507.72             235.423             188.785             21.1174             
78000               7600                1977.04             559.616             282.117             0                   
183000              5500                2632.86             218.745             1097.35             16.2298             
172000              5600                2311.36             273.416             145.794             13.7805             
126000              7200                2250.25             1217.03             997.556             14.5105             
181000              7300                2095.97             177.71              1325.5              3.96063             
134000              5600                2333.15             268.21              325.78              34.9655             
184000              5200                2063.2              525.282             1299.56             0                   
184000              5500                2430.1              686.428             1080.67             0                   
78000               9150                2166.06             503.755             69.8695             0                   
129000              8900                1385.66             170.412             241.144             32.1975             
134000              5700                3446.3              1086.24             233.08              12.4269             
134000              5200                2685.7              320.638             522.651             9.30109             
183000              7100                2230.13             320.638             104.832             0.819887            
129000              10500               2266.7              721.54              15.7418             5.7589              
183000              6400                1987.46             501.166             301.587             16.8604             
179000              9200                1333.18             166.581             595.037             5.88439             
224000              6200                2089.19             607.306             623.425             0                   
231000              5800                2101.3              493.235             1518.08             0                   
78000               8100                1548.45             759.616             732.43              0                   
134000              5200                2443.06             257.679             962.477             0                   
126000              8750                1904.18             159.369             970.345             3.66247             
134000              6950                1879.28             252.708             1228.8              6.00192             
134000              6650                1985.17             281.306             262.785             35.0225             
129000              8300                1525.18             1058.31             287.771             21.1174             
78000               7400                2730.88             382.021             196.122             0.11405             
225000              7200                1963.17             576.775             214.561             1.05229             
134000              6600                2204.53             904.996             332.584             0                   
175000              6000                2116.27             280.216             1026.71             21.2536             
134000              5600                2374.62             1105.48             432.896             0                   
221000              5900                2252.52             549.891             578.188             13.7805             
78000               8100                1851.74             504.269             307.207             27.845              
221000              6200                2061.46             672.166             1150.14             0                   
132000              6300                3332.43             676.941             1261.8              30.6218             
179000              9200                1525.44             494.386             168.335             0.384776            
129000              8900                1421.24             157.874             1248.58             0.824901            
183000              6500                2859.65             224.314             509.071             0                   
181000              5700                2461.59             258.793             728.652             34.3455             
175000              8950                2197.18             206.876             7.87145             0                   
165000              8750                2610.19             428                 37.0477             0                   
134000              6400                2725.26             632.564             131.131             0                   
175000              9750                2179.63             457.668             13.9994             22.014              
135000              5700                2130.78             645.765             1288.92             0                   
178000              8250                2381.02             333.621             42.9219             29.4203             
129000              7800                1397.87             170.412             452.452             5.60555             
126000              8200                1749.94             152.905             1328.35             4.74566             
129000              9950                1402.91             212.204             487.49              0                   
175000              8900                1430.05             370.028             328.236             0                   
126000              8200                1765.87             157.517             1065.2              34.5463             
78000               7900                2724.69             337.127             88.3719             11.3479             
127000              9150                1620.67             496.168             432.711             35.6795             
183000              6000                2659.49             218.361             1279.46             0                   
126000              7200                2707.16             999.551             422.364             27.6206             
233000              5800                2594.15             218.745             1070.89             16.2298             
134000              6100                2036.51             522.924             207.657             25.5739             
126000              7900                1941.76             1177.37             428.853             6.21235             
134000              6600                2143.99             1211.28             381.057             2.11398             
78000               7400                2675.1              273.437             133.314             26.1008             
172000              5600                2298.26             260.32              181.374             0                   
78000               7600                1944.86             207.725             225.661             18.8084             
181000              7300                2388.24             179.404             1044.39             9.78642             
181000              5200                2212.53             643.75              1204.76             6.09035             
126000              7600                1619.73             1133.19             990.033             0                   
119000              6700                2573.43             257.394             1269.79             10.3618             
127000              9950                2398.59             794.442             25.8355             16.8809             
129000              9950                1388.15             158.651             475.617             16.2171             
129000              8600                1381.06             576.515             342.689             0                   
179000              8350                1334.34             170.412             497.442             5.88439             
134000              6200                2230.76             1121.33             765.549             0                   
