187000              5200                1815.39             487.177             29.1288             148.482             
309000              5000                2805.09             746.921             1223.87             206.892             
187000              5200                1188.71             1649.72             279.315             432.362             
404000              5000                1886.55             441.388             2283.3              0                   
309000              5000                1079.78             221.088             3829.21             305.854             
187000              5400                896.88              258.931             1702.17             264.374             
287000              7000                965.948             266.493             44.0953             305.524             
187000              6200                1008.68             266.442             975.426             0                   
187000              6000                1209.9              405.485             13.0928             122.454             
187000              5200                1918.12             649.465             28.7343             222.124             
309000              5000                3046.36             783.58              1615.9              204.096             
287000              5200                1328.08             1610.31             2.72785             257.398             
187000              5200                2354.91             783.923             0                   345.105             
287000              5200                1446.32             1704.93             -5.68434e-14        373.903             
287000              5800                1090.04             1252.52             49.4038             0                   
187000              5200                1384.08             526.172             276.932             270.951             
404000              5400                1985.74             1016.69             1731.43             -1.13687e-13        
309000              5000                3210.02             878.967             841.627             337.933             
312000              5200                1017.84             1590.81             302.608             113.929             
187000              5200                1485.42             1777.99             16.4312             638.941             
392000              7000                1049.44             1158.46             -1.98952e-13        77.8301             
187000              5600                938.819             237.734             1958.57             232.246             
287000              7000                1117.44             1226.47             -1.42109e-13        229.625             
299000              7400                858.279             1228.39             412.407             324.167             
287000              5800                1403.8              376.094             0                   0                   
309000              5400                1078.87             231.854             3477.61             126.758             
187000              5200                1516.66             468.931             224.578             338.122             
187000              5800                870.376             271.623             320.636             159.037             
287000              7000                909.819             287.216             183.177             229.744             
187000              5600                941.268             288.469             1000.82             0                   
187000              6400                933.39              1251.49             204.283             0                   
287000              5200                1007.73             1711.45             625.223             21.4031             
287000              5800                1304.63             333.002             51.6637             104.762             
287000              5200                1261.26             1660.44             82.7092             0                   
187000              5200                1213.47             1861.52             364.409             419.294             
287000              6400                1019.1              303.561             0                   0                   
309000              5000                3154.15             813.879             1802.32             23.4103             
309000              5000                3018.05             807.289             1014.77             291.089             
309000              5000                2564.95             716.489             2405.72             23.4103             
309000              5000                1055.93             221.088             3831.32             126.758             
287000              5200                1071.2              268.946             368.106             309.228             
287000              5200                996.903             268.943             627.172             160.794             
187000              5600                1169.1              336.44              566.545             112.244             
287000              6400                918.285             285.117             313.831             119.692             
287000              5800                1347.69             413.074             0                   189.895             
309000              5000                3191.43             1550.52             844.676             183.482             
309000              5000                1198.35             268.016             3704.49             0                   
187000              6000                1039.16             1273.89             62.8735             35.9966             
287000              7000                962.129             272.608             1.67054             50.0955             
187000              5600                2622.95             669.722             0                   0                   
309000              5400                1066.13             221.088             3832.38             0                   
287000              5200                1463.31             451.07              0                   0                   
404000              5000                2965.36             895.951             1933.83             0                   
187000              5800                1170.27             327.913             89.7244             292.215             
187000              6400                897.533             246.343             1504.04             0                   
187000              6000                1165.32             1354.11             13.1218             308.163             
287000              7000                1070.08             1172.42             -1.13687e-13        0                   
404000              5000                2861.19             688.362             1758.49             48.8125             
287000              6400                911.053             293.992             313.831             0                   
187000              5200                1265.98             519.101             395.029             188.141             
187000              6000                1020.13             298.721             62.8735             35.9966             
187000              5200                927.866             268.943             1347.51             336.539             
287000              5200                1105.29             335.287             272.417             344.834             
309000              5000                3043.39             791.164             1248.99             70.2545             
187000              5200                2509.08             704.016             0                   271.992             
187000              6400                1103.62             1325.32             15.7926             0                   
287000              5400                997.145             257.553             872.925             258.534             
187000              5200                1435.18             1711.45             66.0783             405.471             
309000              6000                1075.25             236.393             3576.68             40.4486             
187000              6400                926.701             266.618             204.283             45.053              
287000              6400                919.569             1384.11             313.831             119.692             
187000              5200                998.637             307.749             843.883             147.264             
404000              5000                1620.59             344.722             2918.56             90.2023             
287000              5200                1490.77             1768.07             -1.13687e-13        132.365             
309000              5000                3088.75             717.018             1337.67             254.629             
187000              5200                1337.59             1835.78             267.786             331.789             
187000              5200                1002.57             271.623             683.144             42.9043             
187000              5200                925.446             264.395             1415.26             122.221             
309000              5000                1156.72             239.993             3604.3              552.606             
187000              5200                2706.17             823.032             1.17194             0                   
287000              7000                1054.35             268.971             61.4423             169.999             
187000              6400                856.44              273.722             415.408             321.012             
187000              5200                856.802             271.623             1631.27             0                   
187000              6400                861.619             1254.34             415.408             161.975             
187000              5800                865.345             1445.87             607.266             0                   
187000              6400                1025.83             322.63              13.0928             167.334             
187000              6000                895.403             258.931             1703.64             264.374             
187000              5600                2370.55             781.983             0                   343.162             
392000              8000                873.615             1039.24             253.809             0                   
309000              5000                3290.3              1546.62             738.603             138.868             
187000              5800                894.79              1322.09             277.861             122.228             
309000              5000                3277.02             904.245             860.406             70.2545             
187000              5400                871.647             268.943             1726.04             64.9117             
187000              5600                971.522             262.536             1063.55             171.909             
309000              5000                1101.87             242.843             3396.3              42.357              
287000              5400                990.16              262.933             1109.75             0                   
309000              5000                1187                273.816             2976.9              0                   
187000              5200                1443.53             522.31              224.642             166.584             
309000              5000                1082.62             221.088             3737.29             341.767             
187000              5200                1095.63             1711.45             413.116             313.069             
187000              6000                1037.46             300.574             13.1218             229.702             
187000              7400                1141.95             1236.38             13.0928             310.629             
309000              5000                2961.94             833.429             2090.41             23.4103             
187000              5400                2435.37             717.536             0                   0                   
287000              6400                1248.06             1189.28             -8.52651e-14        21.5306             
287000              5800                1082.78             1610.06             265.046             139.391             
187000              6400                971.06              1251.49             67.8333             136.475             
309000              5000                3064.89             807.289             986.753             337.933             
287000              5200                1000.05             1610.06             432.002             139.391             
187000              5200                1358.54             1741.12             74.0305             244.411             
187000              6000                1060.91             1254.32             13.1218             208.419             
309000              5000                1097.63             225.238             3703.65             182.451             
404000              5000                3231.88             960.217             1687.67             0                   
286000              5200                1742.6              1914.29             5.68434e-14         38.2628             
392000              7000                940.547             1049.57             -1.13687e-13        45.9686             
309000              5000                3123.93             1543.37             901.735             104.54              
187000              5800                914.747             237.781             1982.64             0                   
287000              5200                1155.58             345.153             273.334             19.5281             
287000              6400                926.492             267.122             421.327             226.061             
309000              5000                3305.89             871.815             738.603             154.451             
309000              5000                3059.38             1550.52             976.722             183.482             
287000              6200                1805.94             1764.96             -5.68434e-14        38.6629             
187000              5400                859.963             271.623             1246.63             0                   
187000              5200                1990.16             556.775             29.1288             0                   
187000              5800                2273.26             735.851             0.26558             271.992             
187000              5200                1068.29             1711.45             366.403             705.522             
404000              5000                3104.34             843.686             1636.39             48.8125             
187000              5200                1027.57             1711.45             499.206             553.399             
187000              6400                856.44              1251.49             415.408             321.012             
187000              6400                1063.13             266.618             69.2503             337.268             
309000              5400                1124.54             236.693             3581.35             0                   
287000              5200                1278.96             322.639             73.286              0                   
187000              5200                1174.08             427.587             486.93              337.476             
187000              5200                1104.55             407.84              556.452             220.266             
404000              5000                2639.13             667.969             2276.67             246.744             
287000              6400                942.83              306.259             23.494              265.303             
392000              7000                874.107             1039.24             39.5089             137.652             
404000              5000                2753.72             713.538             2146.39             0                   
187000              5200                1032.75             1760.2              556.194             395.279             
286000              5200                1587.21             1922.97             29.0312             278.291             
287000              7000                917.556             1073.07             88.4052             0                   
287000              5200                1364.97             408.501             0                   105.581             
187000              6400                859.121             1251.49             320.636             228.92              
287000              5200                1070.39             271.623             273.334             115.646             
187000              5600                2415.44             672.164             0                   304.441             
287000              5800                1094.92             410.127             225.495             0                   
287000              5200                1149.79             1616.32             225.495             336.038             
309000              5000                3242.47             878.967             783.317             267.679             
187000              5800                907.238             271.623             295.439             323.491             
187000              6400                1148.15             363.101             12.4357             269.561             
286000              5200                1657.64             1960.45             3.66533             145.455             
187000              5800                1341.1              357.994             357.397             75.732              
287000              7000                919.974             301.873             25.1645             137.652             
187000              5200                2728.61             692.854             0                   0                   
309000              5000                3195.89             766.964             1082.59             70.2545             
187000              5200                1299.56             1770.41             185.696             483.124             
187000              5200                1106.48             338.931             554.668             0                   
309000              5000                3105.62             747.344             1134.42             116.382             
187000              5200                999.117             1756.1              465.041             472.12              
187000              5800                844.425             276.403             1631.27             69.8835             
187000              5200                1275.25             1763.81             175.217             537.339             
187000              5200                1693.45             432.816             31.0867             6.30723             
187000              5600                2376.55             711.685             0                   211.972             
287000              5200                1271.22             321.059             73.3346             182.477             
309000              5000                3113.21             878.967             978.685             183.482             
287000              5800                1154.19             354.998             200.889             309.228             
312000              5200                1030.01             1590.81             293.603             0                   
187000              5200                916.224             237.781             1981.17             0                   
287000              7000                919.538             1073.07             32.0015             67.7688             
392000              7000                875.748             1039.24             42.9242             0                   
287000              5200                1009.1              268.943             522.451             0                   
187000              5800                960.129             1251.49             109.511             195.579             
287000              5200                1010.11             1610.06             424.844             0                   
287000              7000                1040.08             1149.11             -2.84217e-14        82.3768             
309000              5000                1216.25             404.413             2755.47             0                   
187000              6400                1173.86             1398.55             13.0928             172.384             
187000              5200                1416.78             461.547             281.713             75.732              
187000              5200                1145.83             1649.72             279.315             548.007             
309000              5000                1076.73             226.806             3913.33             0                   
187000              5800                1162.67             407.752             15.066              0                   
187000              5800                1484.52             381.376             217.305             0                   
187000              5200                997.368             268.943             996.81              267.904             
187000              5800                841.744             273.722             1726.04             161.975             
287000              5800                977.987             258.897             1187.41             0                   
187000              5200                2394.89             783.923             0                   209.348             
287000              7000                913.724             1073.07             126.774             161.975             
309000              5400                1055.52             221.088             3828.95             149.758             
187000              6400                855.853             273.722             516.122             161.975             
287000              7000                925.098             282.437             188.216             0                   
187000              5200                1345.82             534.738             333.752             0                   
287000              5800                1097.97             327.398             256.138             231.646             
414000              8400                849.798             1316.45             1028.01             254.118             
187000              5200                1069.58             269.29              708.22              318.958             
309000              5000                1258.15             383.752             2451.89             0                   
309000              5000                3225.86             808.074             1926.69             0                   
187000              5800                865.345             268.943             607.266             0                   
287000              5200                1269.05             1660.44             74.7786             180.307             
287000              5800                1004.86             265.999             481.358             139.391             
187000              6200                932.634             237.688             1681.59             0                   
187000              6400                1168.6              436.125             13.0928             0                   
