317000              5800                705.642             218.048             348.863             0                   
185000              7100                682.892             1022.43             569.919             0                   
227000              5800                700.828             217.529             1605.73             0                   
317000              5200                824.2               224.623             1066.93             75.2161             
185000              6000                709.799             1513.97             669.605             45                  
322000              3000                935.369             1719.01             622.034             106.831             
322000              3000                1271.53             1613                209.253             173.893             
322000              3000                863.146             248.805             1016.32             2.69989             
185000              3800                860.392             227.41              1644.65             141.916             
319000              3000                1672.95             451.255             239.106             0                   
284000              3000                1428.46             512.817             1090.64             0                   
317000              6400                689.623             802.482             -5.68434e-014       0                   
284000              3000                1028.28             283.307             1411.1              73.0731             
227000              6400                718.069             828.777             422.536             16.0119             
185000              4400                779.949             246.383             228.915             87.8313             
322000              3000                1278.4              416.134             202.389             0                   
284000              4400                901.601             292.984             0                   0                   
422000              4400                854.335             433.89              -1.42109e-014       0                   
227000              6400                794.643             213.65              953.369             83.9268             
319000              3000                1892.02             661.669             177.895             0                   
185000              3400                807.607             304.965             388.654             0                   
284000              3000                1159.4              403.038             1282.15             113.097             
412000              6400                941.348             788.238             -2.84217e-014       0                   
205000              3400                782.028             907.306             428.872             0                   
185000              3800                728.928             1184.05             732.888             0                   
317000              7100                710.392             213.932             225.371             0                   
205000              3400                833.91              907.853             105.765             147.72              
227000              5400                769.376             213.181             1222.87             90.5639             
185000              6700                692.258             235.528             1324.9              0                   
185000              3800                757.571             1192.37             431.033             14.1104             
205000              3400                1060.58             931.032             -1.13687e-013       184.785             
205000              3400                820.365             907.969             200.537             269.749             
284000              3000                1475.08             429.924             972.306             21.0976             
185000              3400                1001.29             376.705             180.408             0                   
297000              5400                773.355             207.133             1675.58             70.0711             
185000              7100                669.896             235.528             569.919             69.0791             
317000              6400                739.228             818.515             -1.13687e-013       72.269              
205000              4400                1129.44             830.004             -4.26326e-014       0                   
297000              6500                646.995             206.788             830.962             74.8102             
317000              3400                1058.72             929.168             -1.13687e-013       95.1829             
322000              3000                963.708             250.662             1305.74             0                   
284000              3000                927.532             262.38              1513.1              172.13              
185000              6000                736.67              1029.9              228.813             0                   
185000              6400                720.919             222.905             569.919             31.0791             
322000              3000                1188.18             403.101             247.439             54.8878             
319000              3000                1470.29             376.467             623.165             81.2068             
185000              3800                792.293             242.327             57.1284             0                   
297000              3000                1627.95             616.041             642.378             0                   
227000              6000                749.739             236.558             1229.01             0                   
227000              7400                746.378             449.457             42.5724             0                   
185000              6400                713.344             1010.03             272.016             31.0791             
185000              7100                701.723             1022.43             264.087             0                   
416000              7700                960.29              561.32              -1.42109e-014       0                   
297000              3000                820.109             233.19              926.973             26.8396             
185000              6400                719.812             222.905             569.919             140.079             
322000              3000                960.654             1719.01             596.095             0                   
227000              6400                1003.89             848.478             -1.13687e-013       71.1599             
205000              6400                784.84              214.414             1742.76             0                   
309000              3000                1486.58             1925.52             306.734             0                   
227000              7100                970.694             848.478             -5.68434e-014       0                   
284000              3000                1291.37             461.627             1113.06             186.442             
319000              3000                1381.5              393.916             727.974             0                   
322000              3000                986.999             278.507             578.512             150.335             
297000              5800                651.744             1546.75             506.179             0                   
185000              6000                713.127             222.905             1625.63             140.079             
319000              3000                1665.14             444.995             245.366             178.017             
317000              5200                826.74              225.347             823.349             0                   
185000              3400                751.456             274.451             713.869             69.7183             
227000              5800                822.662             223.591             417.014             91.9434             
319000              3000                1452.94             387.92              433.656             28.8107             
185000              5400                790.941             222.506             1574.44             0                   
205000              6400                947.389             907.306             -5.68434e-014       99.274              
185000              3400                733.647             1184.05             900.634             11.6968             
185000              3800                1092.66             926.055             0.598246            161.938             
416000              8700                994.038             471.27              -1.42109e-014       0                   
301000              5400                1067.43             469.178             -1.42109e-014       0                   
297000              5400                778.562             204.713             1089.05             168.505             
185000              4000                713.514             259.888             1679.38             31.0791             
205000              5200                780.968             217.614             1743.74             66.129              
319000              3000                1382.45             395.719             528.873             149.498             
185000              7100                845.643             1184.05             18.6747             0                   
205000              3400                1026.44             937.24              -9.9476e-014        0                   
297000              3400                684.312             235.959             0                   0                   
297000              5800                672.432             190.212             1228.73             109                 
185000              3400                929.083             240.501             1374                0                   
185000              3400                789.651             1184.05             390.863             130.502             
284000              3000                1611.82             478.746             782.919             0                   
297000              4000                663.205             235.17              0                   52.013              
297000              6200                698.845             182.272             1452.09             0                   
185000              3800                728.174             245.359             734.279             104.224             
185000              7100                671.91              1010.03             281.497             31.0791             
297000              6500                627.246             195.3               1228.73             109                 
297000              3000                1656.29             621.882             574.17              137.697             
205000              3400                903.187             907.306             191.699             76.4759             
297000              6100                621.21              1546.75             948.872             0                   
205000              3400                882.378             265.538             202.174             176.385             
185000              3800                741.072             252.573             439.217             105.992             
185000              3400                834.389             1184.05             361.872             1.11523             
227000              6400                968.553             317.458             0                   128.454             
205000              4000                788.013             907.853             232.774             255.746             
185000              3800                731.168             248.353             731.285             0                   
185000              6000                710.159             238.991             669.246             95.8393             
284000              7100                896.599             288.462             0                   0                   
284000              3000                1195.51             335.774             1260.87             0                   
185000              3400                885.857             1230.51             344.396             82.7572             
412000              7100                938.041             870.347             -1.98952e-013       0                   
284000              3000                1527.16             486.692             948.13              96.6919             
297000              3400                832.842             233.19              791.099             96.6822             
322000              3000                1283.74             1613                199.38              0                   
185000              4400                805.934             258.677             35.0565             31.7859             
304000              3400                1055.06             965.859             -1.13687e-013       0                   
185000              3800                741.072             1184.05             439.217             105.992             
297000              5800                664.026             193.304             709.496             0                   
297000              6400                680.165             220.946             147.743             176.684             
284000              4800                1149.37             469.178             -1.42109e-014       52.3196             
319000              3000                1260.79             386.027             751.03              76.9649             
205000              6000                1341.84             1502.89             -2.55795e-013       0                   
185000              3400                836.739             363.164             344.383             176.982             
185000              4400                739.779             723.8               259.282             16.0711             
185000              7100                861.885             326.595             2.79344             0                   
185000              7100                669.381             235.528             569.919             140.079             
185000              3800                1105.67             909.196             0.598246            87.3422             
185000              3800                760.46              240.617             643.004             46.2806             
297000              4100                645.795             238.143             0.598246            19.537              
297000              3000                1664.38             492.781             565.28              50.826              
202000              5800                710.839             1556.81             612.69              0                   
284000              3000                1322.97             362.975             1221.07             19.8359             
309000              3000                1481.05             2023.66             410.39              0                   
284000              3000                1061.02             286.2               1380.53             155.074             
202000              6800                708.538             1464.65             852.941             0                   
185000              3400                936.554             311.974             243.735             122.998             
284000              3000                908.04              262.38              1536.94             31.7859             
205000              5800                1475.72             1570.74             -2.27374e-013       0                   
185000              5400                812.197             220.962             1548.36             88.1916             
185000              3400                1081.71             403.989             137.781             84.2971             
396000              8700                995.072             568.341             -1.42109e-014       0                   
297000              5400                757.062             206.898             580.304             171.493             
205000              3400                947.494             339.153             18.662              53.9419             
297000              3000                1577.27             680.563             653.187             163.708             
297000              4400                697.501             226.239             235.606             31.0791             
227000              5200                854.135             222.438             1427.61             0                   
406000              5000                1096.56             563.797             -1.42109e-014       0                   
322000              3000                910.899             243.51              707.621             104.099             
322000              3000                1035.83             272.803             408.781             12.831              
322000              3000                1243.18             416.134             237.61              164.21              
443000              5800                1476.18             1464.69             -3.48166e-013       0                   
185000              5800                772.725             222.044             1685.13             45                  
185000              4400                745.56              723.8               60.5362             0                   
185000              3400                899.353             230.397             1574.15             101.437             
227000              6400                727.493             240.4               39.0127             67.8429             
185000              3400                1103.92             1226.22             157.735             0                   
284000              3000                1549.21             526.322             918.603             146.493             
297000              5600                698.85              190.212             1643.89             0                   
301000              3800                1134.75             569.018             -1.42109e-014       0                   
319000              3000                1651.33             440.883             275.867             97.8333             
309000              3000                1425.82             1864.19             305.291             217.125             
205000              5800                819.139             214.236             1465.53             142.606             
322000              3000                1316.89             416.134             163.895             109.401             
319000              3000                1873.68             670.965             183.211             77.3128             
185000              6000                716.797             233.359             228.813             31.0791             
297000              6500                628.353             195.3               1228.73             0                   
297000              5400                729.847             204.713             1669.24             168.505             
205000              6400                775.467             906.494             39.0127             225.882             
322000              3000                1079.7              330.234             401.88              164.21              
185000              3800                880.888             232.118             1468.3              31.0791             
300000              6500                1004.06             1232.11             -2.27374e-013       0                   
205000              5800                850.923             218.663             1167.57             66.129              
205000              6700                1275.47             1468.1              -2.27374e-013       0                   
185000              7100                671.91              235.528             281.497             31.0791             
309000              3000                1296.46             1986.03             431.112             0                   
227000              6100                701.406             1204.4              572.859             75.2161             
185000              3400                838.933             333.042             357.327             54.2559             
297000              7400                590.07              238.143             0                   19.537              
185000              3400                733.647             240.617             900.634             11.6968             
227000              6400                923.154             315.619             0                   165.137             
185000              3400                914.067             230.507             1374.54             133.222             
317000              3400                1092.59             971.881             -1.42109e-013       54.1291             
284000              3000                1403.28             429.924             1044.1              167.574             
297000              3000                1523.81             440.181             706.157             172.463             
227000              6400                1228.46             848.478             -3.12639e-013       0                   
317000              4800                977.911             831.278             -2.84217e-014       0                   
284000              3000                1202.32             389.228             1237.06             159.935             
297000              7700                764.808             556.994             -7.10543e-015       0                   
185000              3800                728.391             1184.1              734.279             104.224             
297000              3400                710.175             233.19              1290.3              0                   
185000              7100                793.641             232.668             276.851             0                   
227000              5800                724.871             214.909             1583.99             83.9268             
297000              6700                602.814             231.339             0                   0                   
431000              5800                1548.36             1536.86             -3.12639e-013       0                   
284000              3000                1373.86             382.867             1152.04             110.368             
317000              7400                723.578             716.171             -2.84217e-014       0                   
227000              6100                714.579             1208.51             547.633             0                   
185000              6500                692.215             235.528             1629.11             31.0791             
284000              3000                972.775             310.92              1468.78             0                   
297000              6400                732.825             213.932             30.3066             0                   
322000              3000                1183.1              1611.44             296.127             0                   
205000              3400                867.102             266.209             309.849             86.0977             
185000              6400                739.172             259.888             231.606             0                   
185000              3800                839.92              723.8               34.929              0                   
185000              3800                839.92              261.85              34.929              0                   
