302000              7100                899.115             311.138             0                   23.4968             
202000              3400                922.576             277.608             677.951             0                   
202000              3400                777.043             1098.85             801.362             37.4114             
301000              7100                1689.51             530.651             129.478             40.5781             
317000              5800                769.727             198.639             2486.6              85.0706             
317000              5200                813.652             229.996             1708.63             0                   
302000              3000                1659.89             499.273             795.663             114.429             
302000              3000                939.609             301.675             1520.98             0                   
302000              3400                1394.79             1421.09             590.142             58.4133             
202000              3800                757.607             248.183             2844.71             26                  
302000              3400                1582.7              470.596             491.502             91.2725             
302000              7000                783.195             261.079             10.9442             66.3526             
301000              6700                1962.66             508.425             61.4315             0                   
202000              6700                1722.53             511.547             213.312             1.91476             
202000              6100                775.982             228.334             2805.43             62.3246             
202000              6700                1847.19             1401.4              106.703             0                   
302000              4000                897.095             236.764             1099.35             0                   
302000              3000                1463.03             382.036             932.366             99.4722             
302000              3000                955.473             303.934             1441.13             33.8932             
202000              3800                821.333             265.23              757.073             55.8284             
202000              3400                764.773             1098.85             1050.65             62.3246             
202000              3400                785.243             297.882             793.163             115.188             
397000              7700                721.295             314                 23.5134             0                   
301000              4400                1893.99             591.097             91.7232             0.172156            
202000              6700                1749.18             511.547             191.997             60.5126             
202000              6100                1265.97             415.759             594.411             82.0148             
317000              5200                813.515             229.996             1798.99             36.0623             
202000              6700                1846.29             511.547             107.042             61.8534             
302000              3400                2005.74             1394.3              20.914              43.2747             
302000              3000                914.118             242.122             2713.29             117.295             
202000              6100                794.764             231.883             2492.7              83.357              
302000              3400                1391.24             516.883             614.074             0                   
302000              5000                1002.26             416.924             0                   83.1117             
302000              4000                882.917             1022.31             692.666             0                   
317000              5400                853.282             227.301             1804.95             111.879             
202000              3800                937.562             1098.85             640.844             0                   
202000              3400                1858.88             515.282             153.187             1.91476             
302000              3400                1397                358.55              630.252             63.0688             
202000              6500                1193.36             1098.85             500.882             0                   
302000              4400                835.797             277.846             61.6233             0                   
302000              7100                726.9               238.208             2349.73             28                  
302000              5800                816.005             212.966             1904.48             66.3526             
202000              3400                1057.5              1098.85             630.574             41                  
397000              5400                811.83              314                 165.588             0                   
317000              5800                744.745             1233.3              834.447             0                   
302000              4000                927.668             313.295             610.691             33.8932             
301000              7100                1657.51             1352.69             238.259             0                   
302000              3000                1279.81             379.383             1088.64             99.4722             
302000              3000                923.69              318.045             2723.58             0                   
302000              8700                749.093             316.117             212.661             0                   
302000              6000                758.32              242.772             1279.34             0                   
301000              6700                1934.55             505.01              129.067             40.5781             
202000              3400                778.508             237.816             2956.71             62.3246             
301000              3400                1797.24             463.301             232.814             49.1694             
301000              3400                2007.59             1375.24             -2.27374e-13        10.1231             
202000              3800                867.215             1098.85             711.191             40.7781             
302000              3000                1244.96             392.663             1109.17             36.6023             
302000              5000                986.168             336.846             1.12332             92.2127             
202000              3800                750.903             238.637             2973.96             56                  
417000              6400                909.581             205.939             2428.33             32.3246             
317000              3800                995.605             1137.49             621.439             41                  
302000              5400                850.018             225.126             2058.07             0                   
202000              3800                759.013             255.589             941.932             0                   
317000              6500                760.376             244.646             775.585             72.8375             
202000              3400                765.996             238.637             934.949             30                  
302000              4000                1542.84             498.076             488.684             36.5512             
302000              3000                1436.76             374.159             958.643             0                   
202000              6700                1798.69             511.547             153.299             27.9148             
202000              6500                1179                403.412             501.143             0                   
302000              3400                861.13              238.637             797.486             25.8284             
302000              3000                947.668             241.88              2309.66             47.1782             
202000              3800                963.533             1098.85             636.994             25.8284             
202000              3400                1913.91             1401.4              96.3988             0                   
202000              6100                794.837             228.698             2672.02             0                   
302000              7400                854.235             255.754             755.828             33.8932             
317000              6500                707.26              212.42              951.965             0                   
302000              5400                1040.33             214.112             4799.4              116.385             
301000              7000                1722.59             508.143             199.899             56.6164             
202000              3400                1048.51             1098.85             639.571             0                   
302000              3800                1299.3              398.541             494.242             32.1368             
317000              5800                782.827             220.826             796.365             47.7823             
302000              3000                1447.62             427.51              939.944             116.947             
302000              3400                1476.54             1463.41             550.71              38.9806             
202000              3800                1257.82             442.3               594.411             87.6739             
317000              6500                702.547             1194.92             918.293             0                   
202000              6500                1177.21             377.537             586.926             109.166             
202000              3400                762.911             238.637             2933.62             99.736              
302000              3800                1696.01             462.473             149.521             0                   
317000              6500                676.599             202.116             3040.92             92.0623             
302000              4400                953.866             338.182             44.8401             0                   
302000              7700                766.921             248.3               153.183             51.8866             
302000              3400                1572.41             1463.41             501.787             67.1844             
202000              3400                1057.5              419.634             630.574             41                  
302000              7700                773.899             244.309             76.685              66.3526             
302000              4000                907.087             985.083             598.28              33.8932             
202000              3800                1783.7              1401.4              162.252             32.5978             
301000              7100                1648.57             515.446             244.828             0                   
302000              3400                1376.5              1463.41             628.664             4.65552             
302000              3000                1570.43             499.273             824.971             99.4722             
302000              7100                728.953             238.208             2256.31             0                   
302000              5200                867.667             219.056             2144.31             59.8932             
202000              6500                844.079             264.465             754.426             0                   
302000              6700                813.193             236.404             1173.12             51.8866             
307000              3400                1557                490.343             407.174             0                   
317000              6500                910.393             249.809             668.109             0                   
307000              3400                1866.7              1284.27             49.9274             0                   
202000              3800                1729.47             1390.59             215.125             0                   
302000              3400                1925.14             501.625             538.486             0                   
202000              6500                1004.32             1098.85             615.367             103.893             
202000              3800                1867.1              1293.34             61.3984             0                   
301000              6400                1910.89             1357.82             59.6879             0                   
302000              3400                901.208             315.844             720.587             0                   
317000              5800                709.186             193.866             2928.3              92.0623             
301000              6400                1644.48             1357.82             187.554             0                   
202000              3400                825.024             232.981             2559.9              0                   
202000              6100                1273.45             415.759             586.926             114.613             
202000              3800                1916.71             545.503             96.3988             0                   
202000              6100                824.5               222.422             2653.84             117.212             
202000              3800                844.263             1098.85             734.143             74.8857             
202000              3800                757.433             1098.85             958.909             0                   
202000              3800                1070.24             358.325             639.957             0                   
317000              5800                730.967             248.943             1558.84             62.0623             
202000              3400                1862.57             1390.59             134.758             12.6944             
317000              5800                747.927             193.866             2508.4              0                   
202000              3400                847.613             232.981             2537.32             80.4179             
202000              3800                752.074             238.741             2972.78             0                   
302000              4000                1109.87             411.022             588.86              75.1427             
317000              5200                826.689             216.628             2851.03             92.0623             
302000              7700                766.578             346.713             10.9442             0                   
302000              5800                1793.1              522.277             21.3084             0                   
317000              5800                713.642             195.12              2927.13             56                  
302000              7100                1007.03             265.714             473.38              0                   
302000              3000                1757.56             541.155             688.457             41.1024             
397000              4400                811.619             404.035             141.421             25.8284             
202000              3400                784.225             238.637             794.18              83.357              
307000              6000                716.76              1674.07             1331.31             0                   
302000              3000                1268.54             379.383             1091.94             67.6412             
397000              4400                870.494             334.903             48.2725             0                   
202000              3800                1130.88             389.788             594.411             103.893             
202000              6500                1169.54             370.225             594.6               76.5683             
302000              7000                776.332             266.219             10.9442             0                   
301000              6100                1769.17             491.888             287.902             34.7839             
302000              3000                861.535             255.754             2764.79             59.8932             
302000              7700                793.459             262.991             0                   36.3062             
202000              6100                777.204             222.422             2689.73             30                  
202000              3800                1712.3              505.424             279.074             0                   
302000              7700                764.244             313.295             14.646              23.4968             
301000              6400                1901.22             1361.71             59.6879             38.348              
302000              6400                719.308             219.558             2431.04             58                  
301000              7000                1692.92             1360.89             175.975             34                  
302000              8400                749.664             266.343             76.685              0                   
317000              5800                762.286             198.639             2494.04             41.2396             
302000              3000                1228.33             392.663             1112.63             0                   
202000              3400                784.225             1098.85             794.18              83.357              
302000              3400                1500.28             392.661             566.855             109.79              
302000              3000                973.501             249.856             2139.92             0                   
302000              3000                1437.17             463.787             914.247             41.1024             
202000              3800                1074.09             401.139             636.108             25.8284             
202000              6500                1104.81             400.146             555.702             38.2624             
301000              7100                1911.07             489.757             191.394             28.5876             
202000              3800                1265.3              449.785             586.926             120.272             
317000              6500                680.75              204.796             2944.68             36.0623             
302000              3800                1867.83             563.252             20.914              43.2747             
302000              3000                1612.2              534.723             832.01              0                   
202000              6500                1894.72             555.134             96.3988             1.91476             
202000              6000                740.206             1585.59             1248.83             0                   
302000              3000                908.821             238.637             2718.58             70.4955             
302000              3000                878.671             255.754             1571.92             59.8932             
317000              6500                707.123             212.42              1042.33             36.0623             
302000              5400                1000.83             221.815             4647.9              28                  
302000              3000                1552.66             404.291             888.03              67.6412             
202000              3400                920.424             277.608             680.103             70.1785             
202000              6700                871.086             1098.85             727.418             0                   
202000              6100                822.35              222.422             2655.99             74.0137             
317000              3400                971.081             1137.49             668.084             0                   
302000              3000                862.503             255.754             2763.83             33.8932             
202000              6700                1797.93             1390.59             172.539             6.57028             
202000              3400                840.542             232.981             2544.39             36.6023             
317000              6500                682.782             195.3               3034.73             66.0623             
202000              3400                772.7               1098.85             805.705             0                   
301000              3400                1980.7              652.554             92.565              49.1694             
202000              3400                850.841             234.927             2534.09             119.644             
202000              3400                1789.39             524.843             191.546             11.2416             
302000              6500                1777.28             544.303             21.3084             14.1174             
301000              3400                2057.77             1472.6              23.7368             0                   
202000              3400                759.056             238.637             2965.8              30                  
302000              3000                1756.7              541.155             689.318             9.2715              
202000              3800                947.099             328.446             631.306             41                  
317000              6500                734.159             202.116             1160.23             92.0623             
397000              7700                760.454             324.364             0                   23.4968             
317000              5800                711.609             204.796             2837.07             26                  
397000              7000                763.152             314                 12.5692             0                   
307000              3400                1886.64             569.163             49.9274             0                   
202000              6700                920.553             319.993             677.951             0                   
317000              6500                680.887             204.796             2854.31             0                   
302000              6400                1858.72             563.682             20.914              4.451               
202000              3800                755.11              240.99              1060.31             62.3246             
202000              6700                1898.45             561.832             89.5081             33.9111             
202000              3400                1816.06             1390.59             260.61              0                   
202000              3400                772.7               238.637             805.705             0                   
