168000              8550                707.56              1047.47             161.936             154.227             
82000               6900                1498.88             141.581             1067.37             0                   
126000              7100                1891.98             884.362             306.737             514.792             
175000              9100                775.527             972.831             67.0276             193.902             
257000              6600                3878.85             770.166             1115.93             0                   
128000              7600                1286.75             650.482             208.358             374.676             
259000              6500                3664.49             868.194             35.8657             48.2753             
261000              6700                3607.03             926.776             -3.55271e-15        525.47              
168000              8550                905.175             1115.04             8.05717             263.019             
82000               6900                1405.31             138.29              1061.07             272.666             
168000              9650                984.846             869.878             7.61984             188.326             
82000               6900                1541.8              161.684             734.299             355.036             
309000              6500                3631.51             359.614             445.706             0                   
175000              9950                1207.26             1063.51             0.79785             186.303             
175000              8000                944.032             1201.18             95.0766             115.78              
176000              6700                1693.67             584.05              558.669             245.334             
307000              6500                3433.18             652.163             358.554             0                   
259000              6500                3384.89             724.196             978.15              599.723             
176000              6900                1660.34             201.358             0                   235.703             
213000              8550                639.949             85.7942             88.5308             7.5471              
78000               8450                2340.98             1218.7              203.162             576.272             
126000              8100                2447.45             269.674             0                   324.218             
309000              6500                3209.72             312.377             801.389             310.733             
81000               7600                3259.66             308.236             2.37251             899.373             
309000              6500                3077.5              247.446             976.477             467.267             
128000              8950                1107.63             317.541             153.175             131.521             
213000              8900                1145.63             520.76              -2.84217e-14        0                   
177000              6700                1622.16             556.434             856.621             135.933             
358000              6500                3646.38             337.549             146.718             148.359             
82000               7700                2982.15             1135.47             530.858             17.7272             
82000               7450                1588.17             511.535             746.786             45.0092             
259000              7900                782.15              485.496             832.372             24.9259             
261000              6500                3721.87             377.614             1.86725             0                   
309000              6500                3376.69             290.317             652.24              489.124             
309000              8500                3498.33             585.871             -2.16716e-13        0                   
226000              6900                1313.36             135.913             741.966             249.066             
213000              8550                636.611             86.2852             183.466             568.832             
261000              6700                3629.78             926.776             -3.55271e-15        209.733             
259000              7100                886.349             614.848             415.629             21.5029             
120000              7500                3723.3              553.637             -8.52651e-14        0                   
259000              7900                808.067             240.892             744.589             0                   
165000              8600                897.002             860.734             720.803             223.395             
82000               7400                1439.61             147.601             919.575             492.38              
213000              7100                889.067             115.517             424.854             0                   
82000               7200                3230.01             314.262             191                 0                   
126000              7600                2450.73             269.214             0                   610.18              
130000              6700                1894.42             1147.89             916.815             52.3928             
213000              9400                1123.85             118.313             0                   0                   
309000              6500                3663.99             588.794             -3.16192e-13        0                   
176000              7900                1564.54             143.246             114.665             108.88              
82000               8200                1146.23             135.281             600.519             390.491             
130000              7100                1544.43             879.264             0                   79.082              
82000               7200                3475.23             645.582             118.784             0                   
81000               8100                3248.19             319.605             2.60986             1015.48             
88000               6900                2008.06             1146.71             378.226             210.099             
211000              6700                3665.6              1049.22             22.2876             322.884             
126000              7100                1847.81             227.864             443.301             713.08              
88000               7950                1802.45             1224.18             425.425             166.307             
88000               6900                1855.27             1164.66             648.913             174.001             
226000              6900                1425.54             520.26              126.005             32.198              
168000              8000                804.826             947.498             116.376             81.1899             
82000               7200                3560.37             352.519             0                   0                   
309000              7700                3516.6              661.327             -2.13163e-13        93.9694             
176000              6900                1701.69             143.857             1.64466             0                   
82000               7450                1215.29             163.293             1033.25             13.6056             
226000              6900                1213.82             321.76              519.184             0                   
358000              6500                3495.43             294.732             302.22              0                   
171000              7600                1113.46             1136.12             311.368             252.754             
82000               8500                3534.51             546.406             -2.84217e-14        0                   
88000               7900                1959.98             997.013             88.4597             68.5226             
130000              6900                1195.37             682.525             1152.09             30.6766             
261000              6500                3381.7              985.467             1029.18             344.633             
180000              7750                1333.62             260.435             515.708             0                   
259000              8400                736.251             82.9858             679.782             0                   
308000              6500                3619.09             891.884             102.473             34.4945             
82000               9400                1334.15             123.387             994.994             249.58              
168000              9100                858.709             1109.13             24.3088             242.867             
257000              6600                3717.59             806.136             1576.18             152.937             
78000               8450                2164.96             1197.46             994.778             631.571             
176000              6900                1686.66             518.166             2.07582             0                   
257000              6600                3755.55             864.027             1465.17             0                   
257000              6300                3728.44             1046                1974.02             603.049             
309000              6500                3529.64             333.529             476.17              296.743             
130000              7400                2021.09             281.793             0                   57.3                
226000              6900                1156.94             583.55              552.066             163.103             
82000               7200                3612.31             297.761             223.501             574.928             
175000              7100                1061.9              952.911             567.731             37.831              
82000               7400                1185.38             489.487             1001.34             93.379              
168000              8550                701.109             1047.47             256.871             723.059             
309000              6500                3305.2              634.958             658.782             489.124             
88000               7900                1485.33             797.08              623.424             0                   
168000              9650                906.817             1001.32             3.29277             268.111             
81000               9150                2893.49             273.498             0.79785             469.485             
82000               7400                1512.25             175.553             1042.06             464.821             
82000               7200                2888.27             566.632             539.006             47.2975             
82000               8650                940.319             127.297             341.106             0                   
78000               7400                2226.39             1233.92             800.328             540.441             
82000               7400                1595.34             211.153             795.213             272.666             
257000              6300                3778.78             1025.28             1778.58             529.905             
259000              6500                3579.11             1035.2              449.315             273.157             
226000              7100                1260.05             151.695             278.503             237.622             
175000              7800                832.23              121.828             346.977             56.8129             
259000              9400                1133.66             552.799             -1.42109e-14        0                   
82000               9200                1038.01             138.893             276.38              236.985             
130000              6900                1436.16             127.297             663.189             57.4975             
225000              7400                1531.67             699.187             -5.54223e-13        7.60825             
88000               6900                1672.73             1187.5              348.133             564.893             
82000               8650                1136.3              128.603             24.4939             131.521             
120000              7200                1225.23             598                 1330.11             13.6056             
175000              7600                883.336             1165.76             691.701             89.344              
309000              8000                3526.28             477.634             -3.55271e-15        40.08               
261000              6500                3534.4              802.044             869.04              407.73              
175000              8800                961.773             707.27              42.6054             140.809             
88000               7400                2033.11             862.042             206.554             376.372             
82000               6900                1409.75             138.29              1044.7              464.821             
82000               9150                1141.86             127.297             78.3891             0                   
259000              7400                871.703             240.892             560.727             0                   
82000               8650                931.107             127.297             723.908             350.818             
175000              7300                1054.75             1029.35             145.246             167.966             
82000               7400                2059.79             1223.73             366.406             348.211             
211000              6700                3622.39             1049.22             22.2876             468.346             
82000               7400                2097.98             1036.6              92.2945             471.481             
254000              7400                884.436             502                 625.916             0                   
82000               9200                923.15              127.297             615.491             119.739             
88000               7150                1682.73             1214.13             85.6992             277.282             
81000               9150                2774.92             267.923             245.769             666.048             
82000               10450               1270.4              123.387             923.516             0                   
82000               8650                1355.67             127.297             1.23518             383.868             
132000              8450                1121.57             695                 640.456             0                   
88000               6900                1764.69             952.603             30.8587             292.403             
130000              7900                1927.31             219.556             0                   0.272868            
309000              6500                3686.6              305.38              0.79785             46.221              
213000              8000                850.963             168.582             32.2406             0                   
130000              8950                1291.86             441.852             1.23518             54.3717             
261000              6500                3181.46             900.074             992.664             347.967             
120000              7700                3435.47             840.31              22.6583             0                   
176000              7200                1191.67             493.267             1256.56             0                   
226000              6900                1413.59             181.482             452.665             57.4975             
211000              6600                3773.5              864.027             1246.25             223.084             
261000              6500                3177.82             997.573             1205.89             550.698             
82000               9200                918.887             127.297             807.42              346.868             
88000               7600                1530.27             718.096             442.831             81.0912             
81000               10200               2878.58             281.03              2.17507             791.026             
261000              6500                3403.93             649.563             750.659             502.942             
132000              8450                1121.02             604.616             457.515             131.521             
259000              6500                3612.38             355.73              208.557             112.626             
82000               6700                2963.82             272.307             965.115             0                   
175000              9700                1056.83             156.603             21.893              195.114             
126000              7100                2049.29             223.244             2.31846             682.395             
81000               8600                2926.5              290.877             0.79785             723.246             
82000               7600                1368.74             169.48              4.07161             410.781             
82000               9450                1333.58             123.387             596.385             0                   
309000              6500                3105.29             250.683             849.792             232.213             
81000               8600                2569.15             279.843             341.347             635.29              
213000              7600                806.915             82.9858             709.264             24.9259             
175000              7100                966.553             1165.76             505.318             89.344              
82000               8200                3462.06             677.251             -1.7053e-13         0                   
175000              8150                903.722             993.984             688.478             34.8284             
82000               9950                1266.48             123.387             1066.71             0                   
82000               8100                1344.46             634.756             5.30679             0                   
82000               7400                1890.35             204.38              580.162             0                   
176000              6900                1358.51             647.08              659.451             210.673             
82000               7700                3498.38             316.586             104.293             0                   
82000               7750                3571.45             309.875             0                   517.247             
81000               9100                3164.8              333.816             0.79785             492.808             
257000              6600                3929.78             770.166             1013.43             212.013             
82000               7600                1290.93             141.726             255.69              533.403             
213000              7300                881.551             148.528             161.675             124.957             
130000              6900                1928.16             588.072             -1.13687e-13        0                   
309000              6500                3038.72             247.446             1068.2              376.642             
213000              9100                714.026             87.2137             35.9618             0                   
355000              6800                3543.91             554.335             248.86              0                   
259000              8400                735.327             82.9858             1059.6              104.77              
126000              7100                2219.19             277.208             0                   353.958             
82000               9450                1330.56             125.2               987.809             427.592             
168000              8550                716.263             157.358             73.8119             0                   
261000              6500                3736.41             652.453             -3.19744e-14        0                   
309000              7000                3558.25             477.634             -3.55271e-15        316.358             
82000               6900                1281.34             691.336             900.521             0                   
175000              8050                804.265             778.606             219.508             150.456             
130000              7600                1307.82             334.825             15.3625             326.769             
82000               7700                3489.46             840.31              -1.7053e-13         0                   
259000              6500                3462.2              1035.2              748.605             387.552             
175000              7400                975.941             924.59              782.688             186.906             
78000               7400                2213.25             1061.38             588.347             1077.03             
123000              8450                1095.68             612.848             1134.68             0                   
130000              6700                1769.8              567.855             495.767             204.96              
78000               8150                2304.82             1184.36             576.464             1045.15             
78000               8500                2241.2              1147.38             570.192             933.792             
309000              7500                3638.77             477.634             -3.55271e-15        0                   
82000               7950                1692.95             172.161             646.477             45.0092             
132000              8650                1117.55             701.687             140.61              0                   
82000               7400                3450.03             973.43              10.98               114.728             
213000              9650                832.397             142.665             1.34274             32.2602             
82000               8100                1356.23             128.683             5.30679             0                   
82000               6900                1539.07             599.067             651.547             259.061             
82000               6900                1753.09             213.031             873.211             0                   
261000              6500                3564.9              774.901             195.467             0                   
175000              7600                872.412             1028.61             776.998             132.857             
82000               7200                3571.62             612.396             -1.7053e-13         0                   
