105000              3970                1213.82             181.928             0                   9.64559             
105000              3190                1259.43             132.349             24.9052             5.93413             
86000               2860                1278.39             121.767             165.166             6.75721             
42000               2660                1684.71             125.452             9.53579             6.32293             
62000               4130                1497.95             112.917             32.5334             0                   
64000               2640                1358.5              125.057             93.4056             5.72691             
42000               2690                1321.71             121.484             0                   0                   
42000               2990                1270.21             121.484             91.9675             0                   
82000               3750                1247.85             143.364             0                   9.85936             
42000               4060                1407.73             110.54              66.2707             0                   
63000               2580                1648.36             138.904             3.63289             11.8036             
42000               4360                1361.2              118.429             13.4468             3.73047             
105000              2390                1877.28             139.56              34.589              3.2036              
105000              2480                1912.44             149.945             0                   2.48843             
64000               2510                1719.35             165.041             0.629182            4.11738             
64000               2630                1366.09             125.057             173.933             5.72691             
42000               3220                1445.6              115.258             1.11164             4.23985             
82000               4140                1183.61             117.537             90.7331             5.5314              
41000               3360                1630.88             147.522             42.4129             5.59952             
63000               2580                1597.96             138.904             130.911             8.31571             
86000               3310                1239.78             129.091             0.450094            3.65137             
82000               3770                1418.06             114.237             16.9283             0                   
42000               4280                1414.47             112.377             25.7558             0                   
41000               3530                1591.24             138.333             68.7201             2.92824             
105000              2630                1821.04             137.573             0                   0.374725            
42000               4470                1273.56             121.031             41.3342             7                   
82000               4280                1174.66             127.077             6.06772             9.64559             
86000               2690                1576.15             115.339             94.0033             0                   
63000               2580                1832.15             145.451             0                   7.8707              
105000              3530                1273.45             112.719             48.1457             7                   
105000              3390                1250.95             115.462             57.5959             13.9608             
105000              2790                1296.6              115.094             22.3313             3.75138             
42000               4140                1342.71             118.738             0                   10.0394             
42000               3110                1355.25             113.929             20.4686             11.8234             
125000              2530                1583.86             142.846             37.9131             0.308406            
42000               3140                1244.58             129.243             10.2396             8.58321             
86000               3110                1229.68             142.298             44.5258             12.9433             
86000               2860                1288.67             110.336             121.297             6.75721             
63000               3250                1225.93             129.243             9.77792             0                   
105000              2390                2086.97             161.343             43.7878             0.308406            
105000              3690                1236.7              122.499             0.0305765           9.85936             
105000              4250                1260.54             120.031             51.7576             11.0341             
63000               2640                1567.82             145.251             171.137             0                   
42000               4530                1249.18             119.001             57.0536             0                   
105000              4220                1193.78             127.077             7.26308             7.03429             
105000              2910                1284.48             118.092             155.019             7.85206             
82000               2490                1707.92             167.057             32.5681             9.59828             
105000              3030                1313.36             112.166             120.641             0                   
125000              2500                1719.77             139.214             40.5159             13.7408             
42000               3160                1290.09             120.659             135.837             7.43466             
42000               4030                1261.89             124.673             0.0313659           1.2127              
105000              2610                1519.46             132.889             76.5894             2.59735             
41000               3910                1589.5              140.292             2.69611             13.1223             
61000               2530                1655.78             165.533             72.8751             3.93291             
82000               4530                1194.45             138.456             0.0305765           8.62763             
41000               3380                1828.9              132.612             2.2685              2.92824             
42000               2580                1653.42             123.582             65.9302             0                   
42000               3250                1312.14             115.094             11.5242             18.2456             
100000              2460                1978.13             142.74              58.8258             0.308406            
105000              3500                1246.23             110.364             91.1568             0                   
105000              2480                1815.42             168.729             62.219              0.0316983           
42000               2950                1576.5              121.328             37.9252             13.5744             
104000              4300                1270.46             109.231             42.9735             0                   
42000               3220                1197.1              123.655             29.7439             4.62328             
86000               4470                1294.54             115.888             0.169086            0                   
82000               2470                1824.55             134.012             70.2296             11.652              
82000               2620                1759.34             135.531             0                   3.93291             
105000              2380                1824.27             163.484             81.8659             12.024              
82000               2470                1868.27             136.99              58.8258             6.37873             
105000              2450                1566.97             141.081             100.66              0.308406            
82000               3360                1243.25             110.364             97.1831             0                   
42000               3660                1256.69             117.746             163.793             8.62123             
41000               3780                1515.85             138.333             35.6413             12.778              
86000               2950                1206.05             137.578             73.8249             0                   
105000              2920                1264.98             132.941             0.825856            2.30013             
105000              2390                1818.38             163.484             99.3075             0                   
64000               2550                1526.16             147.509             61.6851             11.1912             
41000               3720                1520.59             138.333             85.4519             0                   
82000               2880                1488.3              114.817             22.0003             1.39211             
42000               4720                1311.33             121.031             4.86668             6.42221             
86000               4460                1249.87             107.486             133.11              9.0111              
86000               4580                1247.95             115.462             25.4372             7.12918             
61000               3290                1292.24             115.205             92.2694             10.1158             
105000              3690                1284.12             127.077             0                   0.213772            
64000               2620                1502.55             174.18              37.824              0.98581             
63000               2550                1608.51             138.904             101.998             12.5541             
42000               4460                1282.39             121.031             118.663             7                   
61000               3230                1300.8              115.807             168.049             7.39151             
82000               2490                1699.75             151.564             42.9831             0                   
82000               4110                1212.85             120.997             64.2286             0                   
105000              2550                1653.97             142.846             10.7995             5.69252             
41000               3470                1703.8              150.25              1.62639             5.59952             
41000               2860                1592.55             144.033             76.4306             0                   
82000               4420                1225.9              119.445             60.4092             4.20465             
42000               3420                1255.43             123.834             6.88381             12.6385             
86000               2920                1272.37             150.133             10.1706             0.298961            
42000               4310                1239.72             125.388             10.0314             11.2968             
42000               4530                1234.12             131.263             9.74656             0.306885            
86000               2610                1574.19             159.61              2.36694             0.887535            
61000               3430                1324.43             115.807             69.5401             0                   
63000               2640                1563.75             132.889             122.742             6.27784             
82000               2530                1644.27             145.656             91.577              4.58976             
63000               2650                1552.87             129.729             89.0734             11.1851             
82000               4280                1158.75             117.537             30.8829             8.62763             
64000               2610                1428.79             147.295             99.4525             0                   
42000               3860                1363.05             110.763             90.95               4.23985             
42000               2640                1385.4              156.172             0                   8.96486             
61000               2530                1663.54             145.656             173.577             3.93291             
42000               3470                1284.91             117.746             80.996              13.5989             
105000              2740                1302.12             114.817             74.0043             0                   
61000               4080                1262.59             120.758             51.8856             9.08283             
42000               3030                1311.86             118.484             85.784              12.4123             
42000               3360                1290.72             120.547             141.864             1.2127              
105000              2400                1991.61             165.722             31.5085             3.59021             
41000               3360                1711.57             155.893             1.62639             0                   
41000               3610                1602.88             159.355             44.9029             1.86338             
41000               4480                1574.74             132.437             0                   0                   
59000               2970                1420.18             114.466             43.5549             0                   
42000               2540                1756.05             133.556             0.197311            0                   
86000               3580                1280.12             112.719             46.2842             12.9883             
41000               3920                1644.9              136.71              2.93341             2.92824             
105000              2390                1834.02             163.484             49.1446             12.024              
41000               3530                1614.13             162.109             0                   3.62163             
105000              4250                1219.28             114.144             79.1914             0                   
86000               2610                1565.86             151.647             0                   8.32555             
105000              2390                1824.66             140.516             95.763              2.39028             
63000               3940                1371.82             117.339             0                   3.33948             
86000               2750                1240.7              150.133             66.6787             3.57313             
42000               3170                1316.07             113.032             59.1124             13.2594             
82000               3020                1312.01             114.817             22.0003             11.416              
64000               2620                1704.93             166.974             0                   0                   
105000              2500                1783.6              139.214             40.5159             13.7408             
86000               2610                1344.43             145.187             103.289             0                   
63000               4170                1209.79             129.243             26.1631             0                   
86000               3000                1316.64             111.031             150.866             0                   
106000              4110                1317.72             114.746             35.59               0                   
63000               2590                1583.33             133.126             23.7908             12.7249             
41000               4140                1532.93             140.292             1.42369             12.831              
42000               3830                1265.04             121.358             68.8685             10.922              
105000              2480                1619.91             145.656             65.5915             3.93291             
42000               2830                1312.27             137.078             4.90544             2.49669             
42000               2640                1671.06             147.348             9.53579             0                   
42000               2920                1347.32             111.798             69.3115             0                   
82000               2570                1637.03             133.126             31.7041             12.7249             
105000              2420                1717.78             190.915             44.1827             0.308406            
41000               3310                1667.07             134.074             26.5741             12.9119             
105000              2380                1827.37             163.484             109.319             6.14556             
67000               2680                1430.86             156.855             16.939              0                   
86000               4250                1274.58             109.231             43.316              0                   
104000              2670                1428.8              150.133             41.0683             12.6931             
82000               3810                1316.85             117.469             9.73495             11.7428             
105000              2390                1829.8              140.516             80.4551             9.1442              
86000               2810                1286.73             143.001             3.05316             6.33562             
86000               2480                1709.3              228.547             44.1827             0.308406            
86000               4410                1247.39             110.338             52.6796             9.0111              
42000               3560                1246.82             137.34              0.34341             0                   
86000               4410                1239.73             108.222             80.4332             7                   
82000               3080                1284.05             114.798             79.6901             11.416              
42000               3910                1209.81             136.678             54.5618             4.24348             
41000               3000                1688.74             159.828             36.5106             0                   
105000              2810                1271.49             130.902             65.4682             7.19164             
86000               2450                1853.41             181.067             27.8228             0.308406            
105000              3850                1217.1              117.537             90.7331             5.5314              
42000               2610                1557.75             121.768             88.6254             8.0565              
64000               2510                1476.08             151.36              18.4484             6.73882             
41000               3630                1665.42             131.044             2.2967              10.2407             
63000               2820                1515.14             119.663             151.043             0                   
63000               3860                1392                110.54              76.2114             4.42221             
82000               3500                1310.21             136.52              0.0305765           0.213772            
42000               4140                1187.19             127.041             61.4779             5.8589              
41000               3830                1537.9              136.926             109.65              2.31385             
105000              2830                1295.79             110.414             91.0181             12.6931             
86000               3560                1287.23             149.078             0                   5.01914             
41000               4020                1719.68             126.234             3.42527             0                   
105000              2410                1823.96             190.915             22.6826             0.308406            
105000              4090                1229.22             117.469             69.4088             11.529              
63000               2640                1641.46             126.247             54.3169             8.96115             
64000               2510                1679.42             165.041             0.629182            10.8562             
41000               4060                1552.57             126.234             27.7252             2.92824             
105000              2720                1579.79             121.103             13.8154             0                   
41000               3980                1501.24             154.527             42.3968             0                   
41000               3330                1717.89             159.355             10.8666             8.68672             
105000              2810                1259.81             150.133             31.9885             0                   
67000               2530                1878.95             156.855             23.3426             0                   
105000              2450                1915.03             167.816             4.72118             6.31852             
82000               2590                1616.72             167.655             0.199573            9.17146             
61000               3580                1242.72             116.137             82.3821             11.6466             
42000               2630                1505.02             126.018             165.262             7.60729             
63000               2670                1655.75             125.264             9.55334             0                   
63000               2580                1609.1              154.659             163.397             0                   
63000               2850                1541.38             118.719             147.661             4.13631             
82000               2530                1652.42             165.533             77.0163             3.93291             
105000              2510                1688.37             132.52              82.1357             6.14556             
86000               4000                1348.27             110.364             68.6082             7.07026             
61000               2580                1667.03             156.662             31.3899             9.03263             
42000               3310                1189.04             122.006             64.3314             0                   
63000               3050                1256.53             124.736             110.035             1.2127              
105000              3470                1235.8              110.364             69.6015             3.84545             
42000               2830                1299.34             122.846             4.11549             6.71028             
41000               3580                1682.86             131.479             46.9889             0                   
