151000              2630                2494.29             229.002             603.374             56.086              
134000              2650                4529.49             207.469             411.287             15.0615             
113000              2500                4472.36             221.245             478.633             11.1269             
133000              2910                2287.93             222.504             34.2559             0.410269            
90000               2580                5170.48             220.736             356.956             107.264             
84000               3530                1863.16             227.516             12.1568             61.19               
185000              2590                3175.97             167.941             638.165             58.5529             
83000               3610                1633.25             182.788             578.839             103.311             
174000              2670                2160.93             189.061             591.201             17.564              
186000              2590                3691.61             229.436             217.343             6.8453              
39000               2770                2318.41             173.609             353.051             0                   
162000              2860                4066.28             220.986             1.48119             84.1557             
160000              3070                1752.53             132.504             221.242             0                   
121000              2700                1828.34             100.275             697.361             0                   
149000              4050                1798.31             133.816             117.453             0                   
123000              2600                3629.6              223.672             436.234             100.335             
60000               3830                1633.27             188.296             559.725             33.0923             
72000               2540                4352.41             195.148             772.355             0                   
85000               2760                2578.47             211.879             414.25              34.1662             
126000              4520                1855.32             130.046             17.2806             20.8568             
166000              4010                1975.04             130.56              12.2714             0                   
39000               3280                1971.08             150.969             63.2046             0                   
150000              2640                2077.33             124.364             699.023             74.3789             
109000              4020                1996.9              226.916             7.58145             108.528             
64000               3920                1790.08             219.335             7.58145             123.091             
83000               4080                1606.54             153.496             551.023             1.20037             
102000              2680                1710.48             115.978             694.286             68.5971             
113000              2590                4300.4              199.165             622.183             56.9428             
98000               2980                1806.28             100.057             700.696             2.93449             
146000              2620                3710.38             228.041             88.3464             97.1414             
91000               2820                4568.04             196.602             64                  17.6907             
105000              2590                3345.21             215.54              628.594             34.7715             
61000               2760                1740.64             173.566             577.95              90.3429             
164000              2550                2972.72             158                 845.261             0                   
127000              4220                3038.12             196.108             1.61555             0.418411            
39000               2890                2194.89             155.876             14.1192             10.6072             
209000              2640                3627.09             222.972             293.472             4.94036             
120000              3790                2191.96             228.513             10.3061             44.0541             
128000              2540                2588.34             168.657             803.085             31.1692             
128000              3900                1305.59             138.043             599.031             9.79631             
81000               3480                2444.78             195.347             7.65283             85.2197             
151000              2700                2256.2              210.116             601.291             0                   
72000               3120                3773.61             228.515             9.73657             68.6357             
91000               2680                4437.98             188.649             422.491             48.9798             
39000               3720                1878.78             128.293             10.5886             68.8958             
80000               2750                3037.47             225.964             153.94              83.017              
138000              3280                2093.07             186.163             3.40886             0                   
105000              2580                3475.61             183.409             718.378             4.72252             
83000               3770                1670.28             137.817             216.035             118.469             
39000               4020                1523.41             105.071             643.738             0                   
128000              3420                1476.23             156.691             788.643             0                   
128000              4080                1303.58             103.648             597.16              48.6736             
162000              2630                3994.21             176.002             75.4799             99.1472             
126000              4190                2500.36             218.572             3.78017             48.2571             
57000               2910                1510.36             102.605             666.061             92.9289             
62000               3960                1551.96             148.303             640.151             0                   
187000              2590                4333.24             198.789             1.48119             63.3652             
88000               3140                2777                195.828             34.5427             0                   
168000              2690                2177.23             228.083             512.112             55.6594             
128000              4110                1326.32             118.541             474.648             0                   
62000               3610                1797.87             174.833             64.1617             53.4449             
128000              3840                1342.01             136.668             766.715             50.2874             
99000               3890                1962.57             197.79              7.58145             123.131             
105000              3470                1411.33             109.735             647.542             51.5072             
105000              2660                3319.22             228.756             160.813             102.874             
39000               3640                1599.96             215.009             466.333             88.9649             
128000              3500                1408.92             187.535             448.347             73.6547             
143000              2940                2105.69             152.553             30.8851             81.9044             
142000              2660                1915.61             126.689             781.062             0                   
39000               2750                1949.27             158.981             552.109             110.956             
39000               4220                1817.41             131.021             16.9043             34.7834             
164000              2570                2574.17             206.607             856.012             0                   
151000              2490                3397.26             223.317             354.147             96.7322             
39000               2710                2131.73             146.881             437.986             0                   
39000               3740                1862.02             109                 319.24              0                   
72000               2540                5030                212.963             370.474             8.72792             
105000              4150                1501.63             129.144             386.918             69.6577             
128000              2710                2346.82             126.689             468.665             0                   
126000              4320                2062.85             150.012             10.5703             0                   
170000              2670                2909.52             170.857             23.1527             0                   
80000               3690                1576.39             125.636             659.362             65.4502             
62000               2800                1595.38             161.738             756.755             0                   
141000              2700                3968.07             227.074             489.05              0                   
149000              4130                1918.51             139.972             0.80504             86.4185             
39000               3710                1896.92             107.856             247.466             38.1589             
109000              2580                5335.08             220.526             320.23              69.2407             
102000              3040                1685.99             103.495             647.172             82.7823             
39000               4280                1609.3              136.62              59.2552             73.7426             
126000              2720                2593.1              189.388             27.7149             50.978              
39000               3960                1569.85             180.402             589.487             13.72               
209000              2660                4012.58             181.069             55.792              14.9178             
39000               3190                1716.15             103.636             633.666             0                   
39000               3690                1600.93             102.605             672.323             95.9923             
147000              2590                2721.97             176.527             923.896             6.47214             
63000               3920                2164.98             222.914             7                   31.0729             
82000               2900                2032.55             155.876             174.564             0.410269            
105000              2510                2764.31             169.374             627.61              69.534              
187000              2660                4080.42             177.844             11.3083             88.607              
63000               3790                2130.88             228.396             7.68364             75.2173             
62000               2860                1584.32             210.227             578.742             95.508              
39000               3190                1966.61             139.095             414.185             107.895             
209000              2660                3940.51             182.455             119.73              79.8037             
149000              4080                2054.81             185.244             3.95532             35.5549             
209000              2570                3766.71             190.575             203.35              0                   
105000              3910                1634.32             103.424             182.843             0                   
102000              3830                2018.85             207.01              8.18854             76.1804             
192000              2750                2830.74             162.141             148.44              0                   
105000              2970                2267.29             129.599             375.22              19.4999             
127000              2470                3519.47             175.297             511.95              40.625              
114000              3060                4435.33             199.165             13.7341             133.059             
83000               2710                1576.3              113.296             795.076             40.6093             
168000              2530                3081.97             180.434             592.738             100.646             
141000              2470                3269.55             206.107             719.666             4.94065             
39000               3030                1705.48             205.613             427.251             64.1994             
128000              3670                1394.9              100.328             426.101             58.0939             
141000              2470                3300.16             175.368             643.277             0                   
187000              2510                4209.63             190.109             16.5564             0                   
209000              2560                4339.25             221.719             1.48119             46.6261             
150000              2660                2795.82             216.594             530.712             80.3762             
149000              3640                1850.82             131.065             12.2714             13.2369             
56000               3000                1833.17             219.528             435.007             40.7862             
39000               3910                1602.75             137.881             609.17              95.1263             
72000               2590                4810.47             228.363             415.162             18.5391             
39000               4050                2132.76             143.157             108.612             0                   
105000              3700                1426.66             103.424             621.357             0                   
128000              3830                1410.39             181.921             509.635             48.7728             
39000               4110                1677.01             133.077             66.2557             94.8853             
152000              3900                2185.08             206.324             0.780737            104.004             
57000               4270                2022.97             155.963             5.22132             31.9955             
39000               2940                2186.93             132.166             61.2141             56.227              
105000              2480                3141.5              227.501             653.338             97.4323             
62000               3020                1999.69             141.8               209.382             64.2474             
63000               2760                2675.02             216.931             334.391             0                   
72000               2620                4749.07             196.602             0                   0                   
164000              2600                3687.18             175.368             418.158             0                   
92000               2500                4315.24             195.148             586.667             0.649655            
111000              2810                4428.65             199.433             145.155             0                   
83000               3570                1447.17             150.974             799.469             57.9517             
39000               4300                1767.15             168.773             10.4394             109.637             
105000              4020                1529.83             103.616             309.153             49.8507             
121000              3780                2061.48             127.946             20.1527             47.22               
80000               3760                1845.55             111.249             317.666             27.8165             
39000               3460                1894.01             171.501             488.631             39.3844             
145000              4030                1400.09             138.634             413.36              0                   
60000               2880                1568.63             176.01              644.618             52.1183             
72000               2540                5009.86             217.69              503.952             0                   
57000               3680                1548.45             197.277             612.718             73.5824             
57000               3470                1506.47             102.605             707.264             82.6501             
60000               2850                1920.19             110.65              513.456             0                   
121000              2680                2005.94             222.504             634.467             18.587              
151000              2670                3156.74             214.181             23.1527             0                   
39000               3890                1547.18             190.49              517.905             106.632             
191000              2680                2282.59             227.867             516.365             2.5489              
39000               3940                1631.26             102.605             590.232             73.8299             
101000              2850                1603.31             162.594             616.04              96.6079             
80000               3020                1652.38             227.524             568.162             105.144             
209000              2560                3165.49             223.821             426.289             42.3859             
126000              4000                2536.72             218.572             6.95476             14.3363             
125000              2630                1908.22             144.534             816.062             22.0416             
144000              2660                4075.51             204.682             1.48119             74.3107             
105000              2650                3126.56             221.982             223.04              2.34416             
39000               2920                1839.18             126.271             727.155             0                   
138000              2970                1894.55             132.504             4.43556             0                   
146000              2540                3275.31             161.953             123.895             37.1993             
59000               4170                1773.43             191.107             7.58145             123.062             
39000               3550                1464.99             105.071             700.384             26.6225             
39000               4140                1674.97             157.067             11.7078             64.0262             
166000              2530                4479.99             194.346             17.2547             23.1701             
102000              2600                2083.52             171.859             762.172             0                   
187000              2530                4253.03             176.002             4.3638              42.7047             
149000              4220                1971.48             134.114             3.95532             38.0435             
39000               2910                1521.1              102.605             677.727             52.1079             
39000               2740                1897.24             209.89              606.935             0                   
39000               2710                1752.74             158.013             725.308             96.8471             
126000              4190                1971.95             228.376             10.5946             0                   
162000              4070                2000.97             191.142             0.780737            96.6052             
143000              2850                2035.35             150.434             218.561             42.4478             
39000               2720                1824.39             120.546             581.466             37.2756             
168000              2660                2825.99             195.87              433.077             86.9679             
62000               4270                1706.07             150.007             209.012             48.5488             
39000               3220                1721.6              188.249             588.762             10.6164             
146000              2740                3243.95             161.953             184.636             75.2204             
187000              2820                3986.03             176.002             14.2128             57.7752             
63000               2880                2282.78             195.347             43.0719             17.1261             
127000              4080                1829.93             166.07              0.780737            76.8817             
105000              4270                1538.45             103.424             276.442             25.1018             
63000               3020                2480.68             228.376             27.0405             3.2175              
39000               3670                2166.97             132.837             24.8587             0                   
80000               2680                1806.02             104.021             658.15              18.587              
127000              2470                3348.17             204.752             651.064             90.8632             
60000               3850                1685.31             161.426             140.359             109.254             
121000              2910                2114.39             126.927             53.3853             28.9966             
78000               2900                1537.98             133                 745.855             82.6501             
39000               3050                2274.51             152.081             32.6146             63.9722             
147000              2530                3693.92             224.056             485.295             62.4693             
149000              3940                1763.09             130.56              6.09717             94.8414             
128000              3890                1313.76             99.3156             520.59              0                   
105000              3860                1567.98             190.373             187.038             3.16796             
39000               3530                2007.3              166.589             7                   87.6415             
39000               3680                1711.81             193.252             649.237             48.3099             
