148000              2610                2084.53             225.659             107.69              0                   
127000              3140                1846.55             117.366             160.872             0                   
124000              4350                1224.31             164.774             696.64              87.5492             
102000              3080                1473.79             100.206             595.649             35.4501             
190000              2730                3889.33             199.433             1.92866             17.9701             
146000              3210                2682.52             151.664             1.92866             0                   
121000              3970                1338.45             135.259             456.625             0.596575            
100000              2630                2397.85             120.202             551.046             0                   
102000              3540                1461.18             158.788             754.818             0                   
123000              3570                3724.83             226.914             -7.10543e-15        1.44809             
160000              3950                1485.13             151.691             383.282             0                   
83000               4250                1273.39             102.921             518.615             41.51               
83000               2810                1728.18             160.647             32.3616             21.5018             
127000              3240                2745.56             220.316             1.92866             0                   
102000              2890                1599.88             107.861             519.304             75.953              
79000               3200                1647.5              186.248             436.744             74.058              
148000              3430                3875.69             200.523             0                   13.4948             
83000               3340                1679.04             123.848             258.832             57.1384             
99000               3380                3694.55             185.714             2.60304             10.4345             
82000               2680                2663.99             185.729             565.055             46.5621             
140000              2970                1591.18             133                 461.548             38.0539             
83000               3500                1559.68             185.557             429.039             16.4842             
119000              3950                1634.41             162.299             30.1684             49.189              
143000              3990                2005.48             124.636             89.7593             0                   
141000              4420                1272.26             128.353             771.331             39.3434             
79000               2910                3871.69             225.775             75.9566             85.5642             
83000               4250                1570.42             117.386             110.047             41.1486             
79000               2760                3936.94             194.228             11.06               0.769039            
143000              2670                1986.33             122.738             648.781             15.2734             
120000              2630                2554.89             138.108             505.972             0                   
103000              4170                1410.48             124.185             121.787             64.6726             
123000              3710                1665.57             111.446             173.154             20.5986             
79000               2610                3931.38             194.31              167.297             88.9421             
80000               3400                2552.77             223.098             338.429             112.043             
102000              3580                1452.47             152.18              660.517             18.8735             
123000              2500                2071.08             197.502             135.569             55.1001             
83000               2860                1767.03             124.185             10.7442             52.2249             
124000              4100                1264.93             154.975             664.673             116.383             
107000              2550                1837.87             205.216             142.634             0                   
79000               2520                3774                168.777             328.455             76.92               
83000               3500                1487.93             100.301             534.418             0                   
79000               2630                3967.91             194.228             294.093             7.37279             
83000               3940                1474.67             134.705             179.904             36.1217             
102000              4360                1318.89             105.945             574.182             37.3914             
79000               3110                1674.7              177.806             532.412             85.3242             
122000              2610                4221.41             226.745             56.3679             7.37279             
122000              3400                2319.01             138.074             4.07727             30.966              
83000               2620                2070.47             175.992             14.1168             0                   
80000               2960                2882.03             228.932             300.833             111.065             
123000              2660                2258.93             120.202             618.049             0                   
102000              3160                1561.67             173.425             557.79              0                   
102000              4000                1838.45             158.81              9.32956             78.3111             
123000              3150                1617.9              182.777             325.552             1.53889             
103000              2920                2460.18             143.112             1.92866             0                   
79000               2670                4189.53             193.935             11.06               67.0749             
123000              2880                1578.55             162.594             636.764             68.2303             
79000               2570                4306.24             188.584             387.228             0                   
59000               2770                4248.81             228.499             415.357             0.0711339           
140000              2980                1609.59             213.171             375.217             20.2009             
79000               2690                3704.09             170.476             326.576             42.8128             
83000               3290                1774.8              111.029             198.575             31.0107             
104000              2860                1699.22             133                 604.718             81.2908             
79000               2620                3820.06             227.74              128.842             66.3279             
122000              3780                1430.34             113.1               98.4744             70.7218             
79000               2940                3768.13             229.961             31.1128             63.9452             
79000               2680                3170.16             222.226             753.5               1.57124             
123000              2450                1978.86             180.686             155.471             57.3136             
103000              4400                1258.41             132.18              675.705             41.51               
146000              2580                3939.34             198.986             64.8204             81.5919             
79000               2530                3845.82             181.87              541.963             0                   
83000               4420                1296.17             95.5579             564.218             56.3935             
83000               3750                1766.8              110.149             149.55              11.8618             
124000              4440                1253.89             158.45              917.806             66.9224             
148000              3700                3733.91             181.47              0                   11.1216             
80000               3530                3252.56             219.452             2.62244             0                   
83000               3110                1790.4              135.716             10.4358             69.7712             
83000               4470                1287.52             98.3293             538.759             83.4468             
128000              2560                3823.67             181.001             85.3725             16.4126             
122000              4080                2045.22             124.636             13.7593             0                   
79000               2540                3782.92             174.4               423.054             14.6938             
125000              2620                2444.88             129.672             589.179             41.8029             
122000              3780                1438.98             113.1               73.9327             45.2668             
98000               4050                1353.46             153.944             584.461             0.596575            
83000               3040                1816.06             112.254             133.043             6.28951             
121000              4310                1360.79             151.695             410.105             81.6828             
79000               2620                3966.75             215.775             11.06               15.6399             
102000              3730                1428.11             116.324             221.381             64.2581             
83000               3550                1433.89             136.126             686.032             0                   
171000              3090                2771.72             211.63              0.778459            46.0736             
83000               4170                1275.65             95.7868             592.564             83.678              
121000              3960                1320.45             142.606             652.17              14.6382             
83000               2430                1811.99             147.9               336.415             75.1536             
83000               2510                1666.21             143.158             397.229             23.722              
124000              4420                1241.49             153.01              836.167             81.6828             
98000               3750                1468.62             226.351             455.787             0                   
83000               3010                1641.52             108.973             393.562             0                   
97000               2610                4236.43             229.061             11.06               80.2705             
122000              4170                1531.08             144.04              22.9162             46.4437             
146000              2560                3969.37             188.127             7.23007             81.5919             
140000              2980                1525.68             187.372             473.871             46.6919             
79000               2780                3083.11             169.252             579.765             78.1031             
83000               4060                1804.6              158.81              9.32956             55.9455             
102000              3730                1555.61             136.457             59.987              0                   
83000               3220                1580.58             196.014             514.649             0                   
102000              2870                1525.16             147.492             699.352             34.3003             
83000               4580                1396.86             146.83              473.422             69.8142             
79000               2890                3717.16             194.228             58.1159             86.0198             
83000               3590                1541                222.38              465.937             32.6709             
82000               2700                2750.54             171.41              657.039             0                   
83000               3820                2505.72             165.589             3.07216             49.3589             
83000               3810                1692.21             154.175             14.7442             81.3765             
83000               4110                1243.62             154.491             573.663             94.3404             
102000              2460                1814.01             154.508             308.582             55.2597             
83000               2870                1676.06             104.745             581.869             77.6054             
121000              3750                1517.12             208.112             418.163             0.613216            
99000               3610                3428.68             178.098             0                   23.1211             
80000               3070                3083.28             178.57              41.8862             116.353             
102000              2750                1800.27             129.983             48.7026             10.1655             
83000               2640                1913.55             134.244             14.1168             0                   
103000              4410                1238.52             134.23              626.013             83.745              
127000              2560                1953.8              215.44              109.585             4.36066             
102000              2820                1615.62             157                 670.923             93.8104             
83000               3000                1485.53             107.903             590.615             22.5352             
79000               2610                3849.78             184.355             306.745             66.8831             
79000               3510                2820.27             181.433             485.203             9.92214             
141000              3940                1270.81             128.658             864.79              78.9047             
102000              3040                1594.72             187.505             437.653             84.3312             
83000               2890                1570.4              142.974             543.28              0                   
122000              2490                1691.67             147.9               300.146             39.2539             
143000              2790                2123.29             127.994             552.083             10.1655             
80000               3190                2986.14             228.444             207.738             123.06              
127000              3650                2764.71             199.87              1.92866             0                   
79000               2830                3701.22             224.346             32.2385             110.318             
146000              3290                2711.66             195.347             0.652829            59.8509             
83000               2490                2007.91             150.539             253.003             97.9018             
79000               2730                3945.19             215.775             11.06               58.6434             
83000               2640                1927.29             132.31              10.7442             37.6691             
79000               2520                3477.26             181.691             427.568             33.1445             
120000              3950                1330.84             153.944             745.59              0.596575            
169000              2610                3886.28             199.433             120.936             0                   
121000              4030                1479.89             178.577             403.019             16.6311             
141000              4220                1297.63             120.099             896.462             81.3367             
143000              2630                2378.82             120.202             537.617             0                   
140000              3120                1629.9              176.298             440.206             52.6187             
143000              3800                1512.06             190.524             391.593             13.3973             
98000               3830                1418.77             181.687             469.745             55.1099             
83000               4160                1331.88             125.614             591.433             53.225              
83000               2640                1960.1              186.351             5.32956             38.4061             
80000               3330                2825.68             228.444             30.731              74.1615             
83000               3890                1358.95             99.8954             536.585             85.4704             
103000              4280                1433.15             124.828             70.7927             23.0609             
83000               4230                1638.29             132.506             89.5657             0                   
80000               2710                3270.84             164.417             6.51485             67.3247             
79000               2950                1473.59             127.994             562.309             45.6156             
142000              3560                3565.52             226.914             0                   15.2984             
83000               4060                1308.25             117.397             455.595             89.1163             
104000              2940                2249.31             154.772             8.01942             70.3557             
79000               2550                3721.95             194.153             378.902             111.127             
79000               3530                2819.45             227.012             417.947             44.0646             
79000               2890                3535.13             193.556             176.152             94.8797             
100000              4340                1256.18             144.264             734.218             93.9471             
83000               3560                1793.68             122.645             10.7442             33.5281             
167000              2560                3960.52             192.996             4.5511              39.3756             
99000               3560                3266.63             215.041             -2.13163e-14        41.5925             
83000               2460                1999.14             171.216             222.97              65.3528             
100000              3970                1563.02             117.432             157.559             0                   
97000               2610                4186.87             223.068             77.7439             99.4983             
148000              3400                2742.83             162.034             1.92866             0                   
140000              2940                1471.51             147.492             634.899             0                   
79000               3110                3702.45             197.048             236.409             0                   
79000               3100                3894.02             192.77              182.174             38.9872             
120000              3830                1406.78             145.713             183.97              66.7562             
59000               2740                4076.07             189.052             515.988             0                   
79000               2550                3730.55             181.691             422.358             90.5122             
123000              2930                1565.51             181.467             402.673             56.6161             
127000              3380                2755.74             193.248             1.92866             18.0459             
83000               3610                1612.24             158.937             163.573             91.9247             
124000              4390                1247.51             133.559             861.37              81.6828             
80000               3340                3100.82             206.536             161.979             0                   
122000              3810                1536.32             124.828             33.4584             84.4654             
83000               2890                1791.75             110.862             427.852             62.0817             
83000               2490                2080.24             191.188             219.884             47.2528             
141000              4580                1305.7              120.099             852.278             39.3434             
83000               4150                1402.81             136.668             681.533             81.8739             
80000               3650                3168.36             178.098             59.5891             0                   
172000              2430                3679.81             205.969             595.197             24.4939             
107000              2480                1957.7              195.347             240.6               39.2539             
141000              4400                1241.6              123.93              753.953             81.6828             
79000               3050                3796.79             229.961             24.4222             0                   
143000              3590                1451.86             147.286             537.713             0                   
102000              3410                1466.92             113.296             612.037             0                   
83000               2460                2103.89             150.539             166.451             74.5355             
102000              2890                1496.12             115.688             593.496             0                   
83000               3890                1882.12             127.144             19.9276             0                   
122000              4060                2076.84             153.595             7.95996             12.5059             
83000               2500                1670.42             142.405             207.209             0                   
122000              2560                1638.27             143.158             434.279             23.722              
107000              2670                1880.1              225.784             120.256             0                   
146000              2560                3950.62             198.986             2.25442             0                   
83000               4360                1244.82             117.397             564.53              83.8493             
