43000               3480                1592.38             172.073             248.909             36.2521             
123000              3500                1276.9              101.726             385.734             40.1251             
100000              4530                1310.27             191.135             199.471             9.21409             
43000               2590                3125.94             162.071             237.83              34.4971             
123000              4420                1144.58             96.5763             281.963             21.9836             
86000               2740                2356.35             167.648             327.494             0                   
63000               3260                1924.39             211.474             12.347              67.0829             
43000               2550                3442.99             176.32              329.915             121.281             
185000              2760                2205.75             140.704             481.891             0                   
82000               3360                1437.63             134.745             0                   91.1531             
82000               4580                1425.13             205.376             50.8501             46.2285             
61000               2530                3748.17             184.247             78.855              0                   
43000               2790                3316.56             206.972             -7.10543e-15        151.121             
43000               2920                2321.46             229.515             243.513             2.0989              
123000              3170                1338.83             112.085             362.044             0                   
100000              3940                1270.05             175.889             366.87              0                   
99000               2750                1614.85             179.112             0                   50.5273             
43000               3380                2492.56             137.201             243.685             122.685             
166000              2680                2624.57             150.059             0                   0                   
115000              2610                3656.07             201.272             128.17              126.143             
43000               2790                3206.17             171.561             0                   53.4643             
43000               4160                2074.14             137.218             19.8769             110.876             
43000               3930                2409.05             137.201             233.843             7.57534             
43000               2690                2250.21             191.42              353.96              0                   
60000               3120                1746.18             228.134             245.71              70.3941             
90000               2590                2647.33             194.694             217.729             51.5224             
162000              2520                3716.12             196.941             0                   0                   
123000              3280                1250.1              131.922             393.877             52.162              
82000               2810                1450.71             112.882             27.4421             0                   
100000              4200                1132.09             130.123             364.512             21.9836             
162000              2780                3656.28             229.258             0                   0.00970102          
43000               2600                2410.98             139.919             296.011             0                   
84000               2600                3665.38             178.87              11.9616             0                   
43000               4470                1463.08             140.824             175.146             114.108             
43000               4640                1442.8              141.841             33.5554             118.691             
100000              4170                1273.18             104.505             214.753             0                   
61000               2620                3780.21             195.817             -7.10543e-15        16.2776             
90000               2580                3493.65             227.947             325.148             0                   
43000               2600                2446.65             139.919             209.227             0                   
61000               2520                3692.04             219.78              290.402             0                   
129000              3910                1978.28             211.849             -1.42109e-14        43.4445             
63000               2650                2393.39             140.122             431.521             114.688             
100000              4310                1129.89             135.451             243.075             33.4083             
99000               2720                1680.62             222.274             0                   50.5273             
66000               2590                2444.99             138.169             327.383             51.5224             
43000               2680                2268.19             143.126             393.505             75.716              
123000              3360                1747.77             221.983             -3.55271e-15        29.5688             
82000               2870                1382.41             107.526             197.006             87.315              
43000               3000                1611.6              151.661             376.648             48.1785             
43000               3860                1449.92             160.749             310.965             0                   
43000               3160                1764.65             151.661             308.27              125.406             
62000               3430                2320.04             136.092             309.451             112.214             
100000              4390                1379.52             124.597             4.99127             69.1149             
43000               4280                1433.44             183.253             187.024             96.0743             
80000               2580                3525.03             174.603             236.405             0                   
138000              2560                3692.39             196.941             0                   44.6332             
43000               2590                3538.02             229.624             172.674             108.649             
43000               3010                1853.02             149.215             1.35852             125.385             
82000               3670                1470.8              108.166             9.41134             0                   
82000               2760                1459.14             107.775             0                   50.5273             
61000               2770                3710.22             169.826             10.5609             122.282             
129000              2760                2526.36             138.513             214.002             0                   
43000               3220                1621.81             151.116             366.948             0                   
141000              2670                3700.04             196.941             0                   8.06759             
123000              3920                1337.27             145.52              221.73              62.5907             
63000               4320                1637.99             135.225             312.078             125.823             
43000               2530                3255.32             200.884             395.292             5.64264             
43000               3170                1784.86             212.426             271.138             164.175             
43000               2790                3155.89             178.733             0                   95.0396             
43000               2620                2289.82             143.126             432.974             21.0962             
43000               3660                2533.64             137.201             166.079             0                   
63000               3170                2291.87             157.198             -2.84217e-14        22.5208             
109000              2620                2669.32             205.931             192.648             33.5008             
100000              3110                1416.76             99.4067             392.106             22.1573             
100000              3300                1334.42             163.179             498.021             38.874              
162000              2580                3679.27             210.335             -3.55271e-15        38.3304             
63000               3320                2212.63             133.043             270.424             0                   
43000               3400                2180.71             177.76              -7.10543e-15        29.7598             
63000               2620                3340.05             203.353             193.255             145.151             
43000               3590                2289.46             137.201             335.128             0                   
43000               2690                2382.78             208.801             287.52              0.565597            
66000               4000                1802.75             160.137             -1.42109e-14        0                   
129000              2680                2347.3              126.797             323.971             121.451             
62000               3420                1782.96             184.555             216.738             6.51561             
123000              4060                1265.2              120.376             248.906             0                   
43000               2550                2877.41             188.421             440.518             61.7472             
119000              2740                1655.52             160.068             4.7903              50.5273             
100000              4140                1347.15             124.597             78.8922             88.6886             
81000               3390                1696.96             137.524             3.5049              138.151             
67000               2590                3348.15             195.804             298.949             0                   
43000               3090                1590.03             182.465             274.699             117.792             
43000               4110                1444.3              139.908             332.773             13.0342             
123000              3950                1107.43             98.6979             365.978             0                   
100000              3390                1406.15             103.702             379.201             77.1592             
162000              2610                3570.75             188.59              0                   33.2009             
67000               3170                2491.82             214.146             0                   0                   
86000               2880                3277.86             208.117             -7.10543e-15        96.5196             
123000              3340                1501.36             101.385             263.473             19.0168             
185000              2740                2328.12             140.704             290.774             0                   
123000              3130                1383.14             99.4067             461.578             0                   
63000               2880                3131.33             178.733             1.42109e-14         131.979             
105000              2560                2720.82             227.233             378.21              91.9244             
43000               4280                1463.25             156.248             0.00980486          93.7521             
192000              2770                2321.1              150.985             31.3732             7.27408             
62000               4160                2046.96             137.218             48.8104             110.876             
43000               4220                1342.57             138.879             272.58              107.278             
82000               2700                1406.15             110.272             141.662             74.266              
43000               3910                2088.44             137.218             0                   39.3439             
43000               2950                1899.87             149.215             0.358517            87.6579             
43000               4390                1464.71             141.841             0.522282            124.733             
82000               2580                3098.64             174.603             467.831             0                   
66000               2630                2286.49             162.531             446.531             0                   
105000              2540                2768.61             198.334             430.338             68.0028             
43000               3700                1534.76             147.484             9.19895             0                   
63000               2610                3433.91             176.345             201.435             148.488             
43000               4220                1367.24             140.824             247.642             51.2558             
100000              3060                1395.07             149.596             430.486             0                   
82000               2920                1530.02             168.799             23.4772             0                   
66000               2910                2260.71             215.473             254.218             87.2323             
115000              2530                3545.13             195.719             138.278             77.2447             
43000               4030                1468.19             156.248             0                   126.141             
43000               2880                2572.62             206.775             174.896             4.4789              
123000              3120                1399.1              169.46              402.505             0                   
81000               2920                2210.35             132.135             365.721             0                   
63000               3910                2075.87             137.218             19.1405             81.7423             
63000               2690                2404.76             229.186             249.661             41.8014             
105000              2580                2677.6              162.071             564.453             68.5529             
123000              4140                1188.9              114.292             223.529             52.8546             
100000              3220                1493.75             102.045             331.759             50.7906             
43000               3740                1364.95             139.312             367.086             91.3711             
66000               2750                2426.57             201.106             261.52              30.1061             
82000               3890                1445.88             108.166             16.3258             47.8418             
62000               3010                1898.03             208.867             0.358517            110.045             
82000               4420                1435.27             132.141             0                   0                   
81000               4330                1423.72             206.627             23.0814             88.1657             
100000              3810                1279.07             177.968             239.949             0                   
100000              4170                1396.45             124.597             0                   116.01              
43000               2930                2191.52             148.933             0                   49.6644             
43000               3170                2040.33             149.215             126.159             0                   
147000              2680                2191.8              125.147             373.043             11.6002             
82000               4020                1382.85             124.096             100.247             45.3234             
192000              2700                2522.54             163.858             1.22446             7.27408             
62000               2970                1848.97             149.215             92.9245             112.008             
123000              3100                1349.59             145.197             562.878             33.835              
102000              2720                1573.64             215.568             0                   67.3221             
123000              2990                1857.39             123.149             2.59279             0                   
82000               3200                2186.74             163.787             0                   1.66281             
123000              3140                1370.69             198.814             336.108             10.1092             
62000               3060                1695.56             184.555             280.051             48.1785             
123000              4200                1112.6              96.5763             366.84              21.9836             
43000               2800                2234.98             158.913             378.502             52.2754             
100000              3940                1118.19             129.265             416.637             30.4174             
115000              2550                3663.33             189.52              152.008             108.649             
43000               2520                3500.44             171.323             271.086             86.8675             
43000               3430                2445.73             137.201             273.485             112.214             
61000               2530                3781.53             184.247             -7.10543e-15        40.8903             
82000               3170                1470.66             105.825             10.2388             20.7971             
100000              3560                1198.57             99.262              295.693             0.109558            
81000               2880                3022.03             222.652             34.9861             153.903             
43000               2910                2283.02             216.783             299.27              53.5046             
43000               4110                1412.04             154.827             334.633             125.931             
43000               3970                1355.05             185.864             255.927             121.1               
147000              2640                2100.7              150.45              378.962             109.086             
82000               2950                1423.76             107.775             55.6605             86.4632             
43000               2730                2314.06             169.088             141.981             40.3621             
123000              3940                1110.69             124.167             409.548             0                   
162000              2580                3692.7              227.268             3.5049              13.7372             
106000              2640                2358.72             132.135             365.959             0                   
43000               3520                1820.62             191.61              151.396             115.904             
62000               3810                1533.55             169.553             189.02              112.547             
43000               3590                1624.14             167.223             256.117             101.266             
100000              4390                1365.11             153.189             52.4326             95.4518             
78000               4420                1173.79             224.662             302.486             98.1186             
166000              2710                2597.47             175.333             0                   1.35138             
100000              3520                1294.56             183.647             428.969             21.8358             
123000              3390                1256.83             134.254             328.392             25.4465             
63000               4050                1350.41             164.565             325.58              83.4146             
63000               3020                2348.68             223.019             266.448             20.0732             
43000               4250                1647.53             141.953             13.4066             0                   
110000              2650                3602.45             216.911             122.407             139.696             
43000               3970                1526.44             160.749             268.097             31.9666             
82000               2570                2686.87             182.699             465.641             102.4               
43000               3400                2185.64             187.044             -2.4869e-14         0                   
147000              4020                1915.43             148.463             -1.42109e-14        0                   
61000               2690                3645.66             226.101             4.80994             137.124             
82000               2920                1350.97             121.668             223.58              27.0523             
100000              4280                1167.52             207.642             255.913             31.5015             
90000               2520                3429.24             220.591             351.644             0                   
147000              2920                1761.46             154.587             0                   0                   
43000               2660                2288.75             222.892             279.616             74.803              
123000              3810                1219.16             143.135             297.425             0                   
82000               2670                1488.63             138.55              9.71742             8.45451             
43000               3330                1645.54             139.122             384.305             101.266             
82000               2810                1372.26             112.882             161.618             0.0330184           
82000               2720                1671.29             202.785             3.47044             68.5003             
43000               2520                3225.19             174.603             457.458             0                   
98000               3950                1122.23             96.5763             365.976             30.4174             
43000               2600                2404.5              139.919             381.498             114.688             
43000               2520                3473.11             176.32              224.936             99.0655             
43000               3110                1648.6              148.278             352.182             103.659             
