172000              3100                1258.86             518.683             4.91316             14.6973             
261000              3100                1054.48             384.97              234.911             100.812             
275000              3250                2069.17             582.524             -1.7053e-013        46.3663             
182000              2250                1780.31             543.519             452.518             88.3664             
172000              2500                1687.97             452.014             449.558             184.919             
272000              4000                1978.18             547.431             -7.81597e-014       19.4241             
261000              2800                1072.94             555.892             746.887             0                   
182000              2500                1373.38             547.114             762.717             157.914             
271000              2500                1793.93             548.181             477.91              0                   
272000              3050                1607.73             513.985             0                   0.923714            
269000              2500                1296.23             504.053             861.12              57                  
182000              2500                1921.22             437.714             372.065             27.2843             
368000              2500                2445.81             753.035             5.31291             33.2254             
269000              2250                2140.17             521.954             17.1721             0                   
269000              2250                1579.29             334.162             677.227             0                   
172000              3600                1179.58             395.383             76.5677             48.0703             
361000              2500                2499.98             831.573             14.2566             26.105              
277000              2550                1909.46             662.125             0.120965            29.5826             
172000              4500                1074.74             335.574             584.383             0                   
275000              3750                2131.53             525.388             -1.13687e-013       43.6706             
172000              2250                1944.92             422.815             363.156             99.7028             
172000              3550                1077.68             277.363             765.764             6.81381             
182000              2500                1330.38             400.183             790.166             130.073             
269000              2250                2048.99             436.53              272.649             86.7525             
269000              4050                1081.73             346.53              549.645             0                   
272000              2800                1922.15             626.425             2.92296             0                   
282000              2500                1344.84             535.265             902.155             38.3907             
172000              2250                1619.06             581.2               711.714             0                   
269000              3550                1046.52             471.162             660.853             30.5933             
172000              2250                2122.46             464.378             109.156             0                   
272000              3050                1431.29             417.564             61.9819             17.1286             
182000              2500                1948.86             651.137             287.807             0                   
365000              4000                1007.55             378.311             863.77              44.8052             
264000              3000                1785.51             397.353             232.657             0.64744             
172000              2250                1535.51             632.621             745.726             39.1381             
261000              4900                1124.49             381.79              167.577             0                   
172000              2800                1013.82             561.874             787.361             37.6832             
182000              2250                1590.1              363.877             736.517             0                   
365000              3550                1112.09             401.035             537.483             0                   
269000              2250                1702.27             520.835             492.945             54.6352             
272000              2550                1179.56             347.997             485.684             9.35393             
369000              2500                2064.4              521.954             95.338              8.12452             
269000              3550                1137.59             339.207             440.921             55.1789             
172000              3050                1632.03             530.345             90.8387             2.19804             
382000              2500                2734.28             688.788             5.68434e-014        0                   
269000              2250                2118.21             543.481             82.9765             91.1014             
269000              2250                1990.97             439.108             235.967             0                   
172000              3500                1867.4              516.433             -8.52651e-014       240.461             
172000              3550                1040.31             441.726             640.722             85.8476             
269000              2500                1590.48             505.889             494.957             187.935             
261000              3100                1143.3              384.31              123.768             18.329              
172000              3300                1026.17             561.874             789.799             2.19804             
172000              4050                1045.46             325.798             539.112             90.6641             
172000              2550                1145.89             499.117             544.278             0                   
272000              2550                1373.6              483.539             281.554             116.491             
172000              3050                1142.77             325.501             498.239             109.707             
272000              2550                1264.88             484.49              389.997             20.6457             
368000              3050                1514.55             459.412             0                   4.53437             
172000              2500                2132.13             546.286             59.3527             189.739             
272000              2550                1557.43             570.248             188.572             13.0408             
172000              4050                1157.04             345.818             391.006             122.381             
269000              2500                1417.23             334.162             772.484             0                   
365000              2550                1484.28             389.198             282.215             0                   
460000              2750                2588.24             559.115             -9.9476e-014        0                   
269000              2500                1501.77             473.102             625.334             106.227             
269000              3550                1004.26             335.489             755.423             129.521             
172000              4050                1115.95             375.653             458.237             1.02596             
264000              3550                1368.66             362.471             276.447             114.666             
269000              4500                1113.5              340.645             537.278             29.6492             
185000              2550                1805.82             638.273             1.14415             41.3908             
172000              4050                1053.66             322.532             674.611             17.4681             
172000              4900                1244.69             452.626             3.90521             85.6667             
182000              2750                2091.63             530.917             105.221             0                   
269000              3500                991.778             498.064             1218.6              80.5828             
269000              2250                1913.23             405.022             342.888             128.461             
172000              3050                1468.72             436.481             62.6289             118.762             
172000              2550                1361.22             345.253             364.239             111.368             
182000              2500                1325.86             504.053             841.279             80.5181             
172000              2800                1065.11             526.207             669.511             91.7677             
269000              2800                1046.07             328.791             677.074             114.063             
262000              4500                1321.84             335.574             479.392             0                   
182000              2750                2186.19             554.589             7.00234             68.742              
172000              4900                1178.87             417.132             72.3324             34.071              
269000              3050                1000.77             514.601             753.185             9.32473             
172000              2550                1641.62             437.455             77.7248             71.3985             
269000              4050                1300.16             410.243             361.095             0                   
172000              2250                1589.39             407.905             675.439             112.301             
365000              2550                1760.38             535.486             88.6934             0.592142            
172000              2250                1555.41             313.875             773.732             140.728             
172000              2500                2210.79             600.988             50.3355             112.6               
261000              4900                1108.05             379.119             195.337             57.1822             
261000              4400                1094.32             404.413             180.209             26.4767             
186000              2500                2954.15             699.853             12.1985             38.1744             
172000              3100                1203.57             424.157             50.4781             0                   
182000              2500                1666.65             624.403             487.992             27.6666             
261000              3550                1048.73             539.227             715.868             0                   
172000              4400                1283.19             431.537             3.93123             34.4505             
172000              3600                1294.18             444.879             4.44289             0                   
269000              2750                2061.28             491.837             164.602             0                   
367000              4050                1279.04             352.485             337.157             13.5108             
269000              2250                1895.35             394.666             361.562             29.1144             
269000              3500                1002.22             471.162             1127.81             17.4724             
172000              2500                1749.3              572.491             549.56              2.14162             
268000              2500                2357.09             663.796             4.5616              211.887             
172000              2750                1785.12             381.369             460.923             0                   
182000              2500                1771.09             605.725             393.711             99.1274             
172000              4050                1213.99             376.851             396.849             55.8621             
182000              2250                2301.04             613.772             27.449              234.142             
185000              2800                1827.59             598.892             -5.68434e-014       99.3554             
269000              2800                1019.95             333.88              764.457             44.6588             
182000              2500                1540.1              613.725             615.146             75.3536             
269000              2250                2280.16             605.253             14.2566             43.6723             
272000              2800                1301.5              351.079             362.741             71.1332             
182000              2500                2079.89             651.137             156.772             0                   
182000              2500                2041.22             613.725             146.165             75.3536             
182000              2500                1353.99             578.987             815.099             128.893             
172000              3100                1146.65             386.395             104.36              68.8097             
172000              2250                1389.77             501.892             834.947             8.09956             
172000              3050                1269.64             441.838             372.755             111.672             
172000              3050                1027.77             511.914             723.496             83.3716             
172000              2250                1848.75             388.621             456.651             0                   
365000              3050                1866.12             496.019             0                   0                   
172000              2500                1519.61             551.661             766.593             129.112             
269000              3550                1029.9              285.179             776.805             2.19804             
269000              2250                1485.69             492.554             686.469             4.61577             
182000              2250                1669.29             345.956             626.065             65.6428             
269000              2500                1824.79             375.39              476.357             0                   
361000              2500                2357.58             682.837             14.2566             70.4492             
269000              2250                1468.58             338.47              757.76              63.9076             
272000              2550                1192.26             368.991             470.305             90.6795             
172000              2550                1061.07             285.179             762.808             1.02596             
172000              3300                1046.34             328.75              769.626             2.19804             
172000              3550                1134.93             329.303             446.15              83.2741             
185000              2800                1715.23             571.962             1.14415             24.3937             
172000              2250                2199.87             505.072             95.0829             101.947             
269000              2500                2013.53             504.053             129.666             173.298             
172000              2250                1738.23             362.292             582.059             31.3001             
261000              4050                1021.85             328.75              665.659             109.93              
272000              2800                1751.89             522.811             2.55944             78.7115             
261000              3600                1112.84             409.603             210.815             112.856             
172000              2500                2360.2              554.88              0.0946184           119.96              
269000              3550                1010.51             420.162             683.034             104.977             
282000              3300                1298.12             381.164             297.009             0                   
274000              2500                2386.43             704.165             14.5181             2.06514             
269000              3050                1021.2              504.053             682.06              111.524             
172000              2500                1310.73             283.451             873.365             46.5116             
172000              2550                1163.24             299.146             516.974             0                   
172000              3100                1285.85             486.82              0                   58.5452             
269000              2500                1990.8              563.673             227.441             53.63               
269000              2500                1650.23             346.035             602.411             55.1702             
182000              2250                2028.73             450.778             198.556             45.8861             
177000              3000                1974.99             561.817             0.412129            1.02596             
261000              3550                1054.76             313.042             723.196             57.2853             
269000              2500                1686.74             383.344             452.006             111.483             
272000              3750                1868.55             492.989             -9.9476e-014        116.466             
172000              2800                1020.64             333.88              783.761             122.121             
172000              2250                1398.37             315.361             798.066             0                   
268000              4050                1085.31             310.091             566.429             44.8052             
269000              4050                1211.74             364.359             381.562             49.1966             
365000              2550                1813.99             483.716             0                   9.24992             
172000              2550                1062.69             285.179             752.518             65.4561             
276000              3000                2446.99             561.817             0.412129            58.6735             
172000              4050                1319.17             365.557             246.779             26.9151             
172000              3050                1063.71             282.185             771.051             95.2884             
268000              4050                1325.83             365.557             231.432             26.9151             
261000              3050                1117.01             297.035             648.426             0                   
172000              4900                1201.46             433.929             72.3324             0                   
172000              2550                1556.34             487.009             172.593             107.905             
181000              3500                2265.23             518.482             -1.42109e-014       12.8608             
172000              3550                1113.85             310.481             619.744             52.9809             
365000              2550                1680.96             427.007             141.066             22.8432             
269000              2550                1076.19             286.339             706.47              1.02596             
172000              2500                2201.26             623.813             55.5195             27.1926             
172000              3600                1121.08             377.734             158.173             10.5815             
283000              3050                2245.98             813.495             -1.63425e-013       218.166             
172000              3550                1010.8              439.805             677.517             143.814             
261000              3300                1095.52             278.424             758.973             114.529             
185000              3050                1501.59             477.232             33.4048             97.0506             
177000              3000                1949.24             624.076             0                   42.2474             
172000              2250                1993.39             453.721             268.696             142.422             
365000              3550                1163.45             357.926             443.018             0                   
182000              2500                2247.17             570.846             14.5181             9.46092             
172000              3550                1274.01             350.716             327.676             114.666             
269000              2250                1460.89             518.556             737.271             109.76              
172000              2500                1295.23             518.851             912.914             0                   
182000              2250                1601.65             547.765             553.88              123.811             
172000              3300                1089.38             563.623             483.802             26.9151             
172000              2500                1562.61             334.683             736.581             98.5578             
272000              2550                1511.97             493.394             157.18              93.8204             
369000              2250                1493.56             504.053             670.529             0                   
261000              3600                1108.61             459.222             182.103             9.17359             
182000              2250                2055.89             562.366             244.487             0.000202783         
261000              3100                1239.23             414.969             24.5104             83.3906             
172000              3050                1018.05             487.558             708.86              140.679             
172000              3300                1135.75             478.059             581.16              0                   
172000              3050                1355.46             489.606             376.975             0                   
172000              3550                1498.81             419.409             76.6782             0                   
172000              3550                1223.89             356.026             417.1               8.0523              
172000              2800                1463.68             407.656             235.583             15.7054             
172000              4050                1075.53             378.469             548.239             29.6492             
