843000              3450                5224.42             869.856             1459.56             0                   
454000              3800                4285.26             637.736             613.131             35.5719             
738000              3300                5117.16             720.347             589.466             160.261             
457000              3300                3097.18             612.446             2585.04             93.5173             
454000              3800                3054.64             698.738             1356.95             44.4028             
454000              3550                2899.49             508.377             2134.12             72.5538             
457000              3350                3525.54             720.782             1298.69             83.9363             
454000              3800                3000.76             508.377             1392.22             79.8704             
551000              3450                3203.03             607.477             2558.14             26.2214             
477000              3150                5660.68             894.68              2523.75             48.4778             
454000              3800                3983.63             559.604             810.265             0                   
571000              3450                4446.61             708.532             2215.36             22.606              
548000              3950                2887.6              558.341             1796.21             0                   
457000              3550                3533.44             600.462             1338.71             244.431             
454000              3700                3638.4              730.588             662.56              44.8375             
477000              3200                4812.32             894.68              2615.09             4.46995             
757000              3250                5161.07             762.604             1633.21             4.46995             
548000              3550                4079.24             730.588             966.08              0                   
548000              3600                2921.7              558.341             1687.51             0                   
457000              3550                4136.04             607.643             943.627             233.433             
738000              3300                3667.23             705.484             1618.35             62.9116             
454000              3650                3768.16             754.061             685.35              0                   
564000              3300                5173.34             752.067             825.191             4.46995             
633000              3600                4224.32             752.067             365.746             0                   
454000              3800                3192.92             660.852             1218.68             0                   
548000              3600                2815.03             508.377             1819.99             83.6249             
651000              3400                3406.3              654.087             1465.11             60.4816             
544000              3300                3552.41             635.974             1710.91             26.9762             
457000              3350                4958.03             744.352             49.206              96.2792             
650000              3950                5218.76             752.067             223.291             0                   
457000              3300                3321.38             705.484             1956.97             29.1866             
548000              3650                4500.46             695.936             298.433             201.873             
457000              3400                4742.72             711.479             99.5588             218.701             
477000              3250                4589.23             679.59              2114.1              77.1782             
454000              3550                2951.21             508.377             2056.58             6.35534             
477000              3250                5070.88             762.604             1821.82             4.46995             
457000              3750                4713.81             754.289             77.7836             79.1569             
454000              3650                2838.51             508.377             1778.19             123.871             
457000              3800                4714.65             710.524             87.3048             142.97              
548000              3850                4084.89             752.067             303.354             4.24084             
544000              3300                4422.11             679.959             807.193             127.315             
843000              3500                5430.08             900.413             508.735             5.87989             
571000              3450                4305.38             877.494             2363.68             4.46995             
454000              3850                3795.57             525.974             971.816             71.7555             
663000              3250                4919.09             708.532             1904.76             102.978             
749000              3950                4962.79             736.292             166.26              23.3092             
562000              3200                4582.43             894.68              2721.27             62.5226             
454000              3850                4100.46             730.588             282.549             101.227             
657000              3150                4694.3              907.391             3131.63             22.574              
643000              3550                4174.79             607.643             943.627             154.584             
648000              4050                3917.56             609.682             578.046             0                   
829000              3300                5156.3              720.347             453.403             169.772             
477000              3200                4954.67             894.68              2081.3              76.5116             
571000              3400                4360.86             708.532             2403.09             4.46995             
843000              3750                5108.42             731.739             206.927             2.75043             
454000              3800                2772.04             508.377             1946.7              57.5538             
757000              3250                4786.23             698.224             1978.88             31.5111             
544000              3300                5293.34             743.098             587.796             76.8322             
551000              3300                3311.6              705.484             1900.36             101.769             
457000              3400                3544.31             668.616             959.119             157.193             
749000              3750                5125.19             731.739             264.816             0                   
457000              3350                4810.83             710.524             173.991             50.9139             
457000              3500                3068.37             612.446             2555.62             92.4555             
829000              3300                4904.79             720.347             696.038             121.379             
829000              3300                5248.8              872.414             374.894             131.709             
757000              3450                4304.03             880.208             2452.26             4.46995             
457000              3450                4453.35             717.873             68.4698             276.377             
749000              3500                5348.44             753.829             653.542             0.840154            
648000              3850                3546.69             580.038             885.476             0                   
457000              3500                3143.85             612.446             2519.34             30.2658             
477000              3300                4920.14             931.891             1296.27             8.78119             
454000              3600                4457.38             658.786             498.406             151.13              
648000              3850                4117.58             723.805             350.887             0                   
454000              3650                3497.61             548.626             988.5               94.256              
457000              3300                3613.53             705.484             1628.01             151.452             
548000              3850                4097.22             752.067             275.25              93.8154             
454000              3750                2995.7              508.377             1966.8              6.35534             
457000              3300                3205.09             600.462             2089.63             175.72              
738000              3300                5222.44             744.374             377.936             151.723             
749000              3750                5409.71             752.067             150.485             12.8306             
454000              3700                4036.98             752.067             276.215             69.4932             
457000              3300                3079.29             607.477             2442.97             137.626             
457000              3350                4016.7              634.457             784.711             33.1469             
544000              3300                4064.12             607.52              1165.18             142.503             
548000              4000                3907.34             666.961             474.459             20.5329             
749000              3550                5278.25             736.292             167.602             0                   
564000              3550                5114.89             762.604             591.323             4.46995             
457000              3450                4218.81             719.675             225.326             126.946             
658000              3300                5304.65             752.067             620.333             5.24094             
454000              3800                2984.57             628.666             1427.02             23.1004             
738000              3300                3737.2              633.446             1646.67             26.2214             
477000              3250                4941.16             894.68              1724.35             116.288             
457000              3300                5296.2              777.434             565.255             132.074             
544000              3350                4158.16             607.643             980.327             181.345             
548000              3650                4122.36             773.916             275.25              125.934             
635000              3450                3103.52             607.477             2441.37             47.8717             
457000              3450                4405.6              754.289             74.6855             103.879             
457000              3300                3161.12             607.477             2117.23             30.2658             
454000              3700                4137.42             793.097             253.444             156.838             
548000              4000                3732.16             609.682             623.548             0                   
477000              3400                5319.78             894.68              1645.81             25.982              
544000              3300                3826.44             607.643             1415.17             87.9828             
843000              3500                5128.89             909.072             935.306             0                   
548000              3750                2834.06             508.377             1877.19             6.35534             
457000              3600                4872.23             744.352             46.4185             124.236             
576000              3450                4666.93             762.287             2009.61             4.46995             
477000              3150                4898.84             894.68              2814.89             4.46995             
477000              3250                4552.79             698.928             2150.53             144.19              
548000              3800                3346.1              508.377             1060.44             6.35534             
658000              3250                5416.39             744.115             1413.65             23.5255             
454000              3600                4324.07             637.736             561.852             0                   
829000              3300                5066.59             720.347             541.326             59.6367             
477000              3250                4459.55             897.122             2231.57             4.46995             
454000              3800                2892.55             558.341             1800.38             0                   
658000              3500                5128.61             708.532             687.972             4.46995             
454000              3600                3552.29             508.377             1023.22             61.8673             
457000              3400                4939.39             744.352             46.4185             190.109             
457000              3750                4587.27             719.675             64.7517             210.546             
756000              3450                4556.81             762.604             1566.47             4.46995             
454000              3650                4157.02             775.54              326.188             0                   
454000              3600                3939.89             559.604             951.221             0                   
454000              3650                3821.51             620.026             681.664             150.386             
454000              3550                3267.93             628.666             1739.86             0                   
576000              3250                4562.87             762.287             2124.45             4.46995             
663000              3250                5009.41             708.532             1815.79             55.5972             
457000              3550                4909.23             744.352             46.4185             26.7127             
457000              3300                4965.27             710.524             1005.26             26.7127             
548000              3950                2764.82             508.377             1944.81             73.6898             
454000              3550                3666.98             508.377             1428.22             17.9284             
644000              3300                5347.17             715.722             380.898             146.522             
454000              3800                3444.57             534.951             1027.79             14.9056             
454000              3600                3091.75             580.022             1360.13             0                   
454000              3600                3145.33             718.187             1306.55             43.2668             
548000              3300                4352.95             691.218             1315.22             26.2214             
477000              3450                4574.61             930.26              1539.76             22.8003             
457000              3300                4275.21             607.52              1032.85             147.264             
658000              3300                5121.84             679.59              806.979             31.5111             
548000              3800                3507.72             669.991             898.824             5.98258             
829000              3300                5269.43             720.347             375.516             140.261             
643000              3300                4505.93             662.041             819.534             58.2817             
738000              3300                3809.83             607.477             1567.41             116.325             
663000              3250                4785.82             679.59              2038.02             132.266             
477000              3250                5244.95             894.68              1421.65             66.8085             
457000              3400                3163.55             607.477             1339.88             156.924             
576000              3250                5323.16             894.68              1397.59             74.7468             
548000              3500                3044.56             607.477             2469.81             116.857             
633000              3750                4447.63             667.758             397.716             31.9163             
738000              3300                5160.85             715.722             405.1               93.0349             
738000              3500                3598.49             607.477             1545.98             54.0774             
457000              3300                4407.03             650.242             901.029             85.048              
738000              3300                4228.92             676.79              1103.18             47.1725             
457000              3400                3275.8              703.01              1227.63             157.416             
457000              3550                3319.35             645.101             1695.99             106.171             
457000              3350                5045.18             744.352             46.4185             26.7127             
548000              3550                3873.04             508.377             1269.19             6.35853             
457000              3350                3166.09             600.462             1666.88             133.126             
648000              3650                4232.92             633.398             540.629             35.2608             
551000              3300                4826.81             720.782             428.238             154.335             
648000              3550                3920.81             607.927             1284.25             0                   
548000              3600                4545.09             680.517             377.134             13.6681             
457000              3300                3516.87             617.712             1777.85             184.7               
557000              3900                4530.41             719.675             66.4183             113.843             
454000              3800                4582.6              752.067             385.177             0                   
648000              3850                3703.82             607.875             753.896             50.4819             
737000              3500                4136.04             607.643             1015.35             158.815             
738000              3550                4095.27             607.477             1015.53             101.492             
548000              3950                3420.73             508.377             1047.29             19.4855             
548000              3650                4249.63             704.317             429.388             164.869             
843000              3500                5179.7              869.856             754.765             0                   
658000              3300                4711.64             752.067             1205.06             4.46995             
457000              3350                4387.27             691.218             372.836             31.2294             
548000              3600                3428.62             534.951             1033.2              6.35534             
457000              3300                3205.47             705.484             2048.53             119.822             
829000              3200                5269.22             890.814             1715.58             93.5894             
648000              3650                4385.15             667.758             367.387             172.733             
454000              3550                3160.88             508.377             1857.52             140.648             
548000              3750                2761.24             508.377             1975.82             73.6898             
928000              3300                5314.15             717.873             361.931             111.889             
457000              3450                3873.38             719.675             570.752             102.03              
548000              3650                3822.07             807.986             612.587             1.29443             
548000              3850                3811.1              609.682             578.046             63.4902             
457000              3750                4632.35             710.524             134.472             47.4435             
638000              3300                3386.64             705.484             1821.75             101.769             
557000              3350                3879.76             713.446             1073.31             140.18              
477000              3250                4678.32             696.561             2015.96             31.5111             
477000              3250                4487.64             708.532             2202.92             4.46995             
457000              3550                3117.31             607.477             1801.8              204.029             
477000              3250                4730.68             729.586             1963.6              95.8511             
548000              3800                3221.61             508.377             1202.42             51.195              
454000              3700                3682.03             667.758             608.158             78.8487             
743000              3250                5357.8              734.986             1359.21             4.46995             
457000              3500                3113.61             607.477             2092.37             126.892             
477000              3250                5203.18             894.68              1657.06             4.46995             
454000              3650                3243.16             508.377             1166.3              6.35534             
757000              3300                5152.97             708.532             744.602             4.46995             
663000              3750                5453.64             753.829             246.933             4.84015             
457000              3550                4604.37             719.675             66.4183             163.225             
457000              3300                4534.88             679.959             764.783             147.008             
454000              3600                2912.95             508.377             1538.93             36.9644             
457000              3300                3753.17             629.983             1580.81             182.26              
