654000              3600                3305.57             602.987             1408.39             18.7009             
738000              3550                3953.35             505.336             1635.35             66.5062             
654000              3600                3578.54             599.664             1074.11             112.088             
545000              3400                4287.52             612.6               904.645             41.1591             
545000              3600                5055.03             787.828             99.7072             25.3073             
829000              3500                3463.72             464.415             2619.08             15.3011             
841000              3350                5120.13             741.383             198.971             218.392             
645000              3100                4003.88             688.018             2205                96.7588             
829000              3850                3201.66             420.87              2720.5              148.085             
745000              3600                4891.36             724.023             124.473             162.786             
545000              3750                3476.2              849.849             2536.84             91.5243             
545000              3350                4718.37             696.068             1679.29             83.945              
644000              3450                5056.91             946.269             117.845             13.9284             
645000              3500                3553.89             839.095             2774.73             62.736              
645000              3500                3537.86             664                 2790.75             80.2509             
545000              3350                4193.99             731.679             2022.96             3.04011             
654000              3600                3537.19             706.755             1118.36             3.04011             
545000              3600                4832.6              905.69              307.373             46.6144             
829000              3550                3955.8              517.924             1666.87             0                   
545000              3700                3625.62             708.11              2679.03             3.04011             
738000              3850                3248.64             420.524             2877.27             129.848             
654000              3600                3438.82             659.068             1227.25             132.612             
654000              3600                3272.4              599.664             1458.1              77.1166             
545000              3400                4008.06             772.201             1220.93             13.9623             
545000              3500                3675.11             607.485             2865.71             75.4116             
545000              3400                3688.61             612.6               1531.06             153.261             
744000              3400                5197.1              778.064             43.1241             215.892             
829000              3500                3358.37             464.76              2671.64             72.0375             
841000              3100                4587.52             950.009             1467.14             117.39              
545000              3550                3683.98             849.849             2476.42             3.04011             
632000              3600                5110.51             839.095             154.943             3.04011             
644000              3550                3571.62             800.104             2357.89             111.334             
738000              3700                3243.65             424.855             2482.87             106.618             
545000              3400                3864.06             736.908             1323.42             159.428             
829000              3950                4354.04             577.091             1323.73             4.09772             
645000              3100                5155.96             773.589             1078.1              74.9834             
545000              3550                3609.52             664                 2463.85             148.495             
644000              3300                5178.23             870.081             1006.47             3.04011             
545000              3600                4600.89             839.095             577.99              3.04011             
740000              3600                4395.67             712.089             295.69              3.16993             
744000              3550                4753.25             757.352             178.567             23.6442             
832000              4050                5458.42             938.779             1262.11             0                   
545000              3600                5062.29             859.849             80.6143             86.2565             
755000              3150                4641.16             748.213             805.913             129.687             
645000              3450                4293.71             594.81              1889.89             136.509             
645000              3300                4377.07             594.81              1760.08             177.508             
738000              3500                3511.19             414.172             2470.81             15.3011             
742000              3100                4721.26             688.018             1493.76             110.904             
829000              3700                3250.95             483.548             2670.12             99.2485             
545000              3400                5035.5              697.755             303.35              4.47149             
829000              3650                3427.3              519.177             2595.12             0                   
545000              3350                4908.54             755.469             1456.03             3.04011             
645000              3750                3447.81             825                 2681.73             80.2509             
658000              3200                4972.32             700.514             312.661             25.7943             
742000              3300                4446.06             594.81              1634.27             82.9504             
738000              3500                3318.75             420.524             2754.79             148.085             
742000              3350                4935.41             825                 874.565             4.95008             
658000              3150                5231.37             748.213             279.287             3.04011             
658000              3750                4835.62             709.184             240.15              3.04011             
545000              3350                3884.73             783.377             2282.85             163.157             
755000              3350                5318.57             748.213             166.594             129.687             
644000              3700                3727.02             612.6               1717.88             48.5941             
738000              3550                3252.74             414.172             2437.43             129.848             
545000              3350                4266.23             700.864             1991.69             155.409             
841000              3100                5347.79             777.454             877.01              119.622             
654000              3500                4040.6              903.952             648.412             64.4223             
545000              3350                3657.76             849.849             2522.68             27.0845             
645000              3100                5340.69             741.316             926.517             3.04011             
645000              3100                4087.9              594.81              2130.81             127.418             
755000              3200                4998.24             693.92              303.761             165.506             
545000              3600                3533.31             607.485             2051.09             96.8226             
545000              3400                5154.11             787.828             133.193             143.749             
736000              3700                4212.61             573.629             2221.24             0                   
755000              3150                5133.35             700.514             375.673             3.04011             
731000              3600                5195.09             759.479             117.845             3.04011             
738000              3550                3906.34             460.621             1689.51             4.09772             
755000              3150                5331.07             763.514             155.128             158.34              
755000              3500                3545.8              594.81              2005.92             86.5022             
736000              3850                3549.75             501.327             2858.17             18.3131             
755000              3350                5245.52             748.213             248.101             3.04011             
738000              3500                3790.61             456.487             2140.15             85.4579             
642000              3350                3703.84             845.986             2522.96             3.04011             
755000              3350                4722.73             693.92              657.314             138.334             
738000              3500                3358.16             483.548             2752.49             99.2485             
829000              3950                3346.43             458.18              3138.09             4.09772             
738000              3550                3396.47             458.18              2150.34             4.09772             
644000              3850                3543.09             686.209             3571.77             18.8049             
545000              3600                4970.94             731.855             74.0339             99.0791             
645000              3100                5112.26             703.571             1084.29             158.712             
755000              3150                5203.6              721.594             315.591             85.6655             
645000              3100                5240                712.944             921.524             116.352             
928000              3100                4646.11             950.009             1404.14             175.308             
545000              3750                3621.78             734.265             2045.03             3.04011             
654000              3600                4431.87             731.305             259.42              82.4106             
645000              3300                4702.43             633.854             1457.66             3.21727             
755000              3150                5278.56             763.514             263.985             31.6928             
755000              3150                4933.7              763.514             512.291             158.34              
642000              3750                3585.02             734.265             2584.87             3.04011             
841000              3350                5060.81             692.611             377.942             92.2295             
545000              3350                3609.13             839.095             2464.24             162.756             
841000              3150                4658.95             692.567             1010.11             3.04011             
545000              3350                3950.02             617.732             2269.89             18.8049             
545000              3600                3606.87             607.485             1977.53             152.675             
545000              3350                3818.8              607.485             2437.24             149.102             
736000              3700                3926.77             546.601             2509.6              60.3181             
644000              3300                4667.23             874.687             2062.07             209.586             
829000              3700                3272.68             420.87              2462.11             43.8117             
545000              3400                4772.34             688.608             409.954             160.444             
645000              3600                4705.65             825                 512.357             3.04011             
644000              3350                4580.18             919.08              1445.84             178.502             
644000              3850                3628.3              686.209             3279.63             3.04011             
928000              3100                4745.87             859.624             1304.37             175.308             
545000              3350                3553.17             839.095             2520.2              104.652             
654000              3500                4511.16             757.352             146.877             164.392             
658000              3150                4197.68             632.584             1343.47             111.833             
645000              3100                4574.76             594.81              1618.61             85.8496             
645000              3100                4520.57             619.094             1683.87             3.04011             
644000              3350                4371.87             827.025             1556.59             126.988             
545000              3550                3732                894.219             1863.43             3.04011             
658000              3150                5228.26             763.514             288.951             158.34              
545000              3350                4979.29             849.849             1251.57             36.2217             
829000              3500                3319.82             420.87              2671.68             168.678             
545000              3700                4615.34             678.821             892.182             3.04011             
738000              3850                3429.12             519.177             2296.4              0                   
738000              3550                4200.62             534.625             1486.41             4.09772             
545000              3550                3456.33             849.849             2698.05             80.2509             
658000              3350                5177.7              763.514             138.377             208.887             
545000              3400                3814.05             678.821             1428.36             3.04011             
545000              3600                3572.31             617.732             2016.37             18.8049             
658000              3200                5112.97             763.514             138.377             198.754             
545000              3350                3977.94             839.095             2241.97             52.8618             
744000              3900                4600.29             709.184             294.551             43.2794             
658000              3150                3949.02             718.998             1512.84             3.04011             
545000              3350                3560.91             612.6               2512.46             48.5994             
545000              3400                4610.49             643.384             649.714             18.8049             
545000              3400                5224.33             839.095             236.075             3.04011             
654000              3450                4292.69             957.033             824.442             101.382             
744000              3500                3586.73             619.094             2197.03             12.6105             
632000              3350                5313.88             881.074             793.674             34.1234             
545000              3400                4433.44             624.899             758.72              117.985             
654000              3600                4246.51             638.394             550.283             52.8618             
658000              3150                3596.02             619.094             1978.32             7.04011             
744000              3400                4439.33             899.263             693.12              34.4248             
658000              3150                3547.08             594.81              2055.67             70.1319             
645000              3100                3795.82             662.034             2415.86             3.04011             
644000              3350                4399.05             951.237             1529.41             88.2889             
658000              3150                5503.7              748.213             157.833             129.687             
645000              3100                3691.53             594.81              2517.35             44.0531             
654000              3500                4382.28             923.418             368.629             36.1128             
545000              3350                5182.29             812.337             1175.54             134.696             
654000              3600                3989.11             626.853             657.789             3.16993             
642000              3700                3588.87             708.11              3218.87             3.04011             
545000              3750                4597.8              735.104             731.62              3.04011             
644000              3350                5271.87             959.481             395.274             177.183             
644000              3600                5172.35             781.095             48.7099             57.0981             
658000              3200                4091.38             782.786             1134.21             164.018             
654000              3500                4279.78             681.873             383.47              148.351             
545000              3400                5049.67             731.855             141.533             165.743             
755000              3200                4483.94             692.211             731.211             165.506             
645000              3100                4727.51             688.018             1473.09             160.725             
644000              3600                5234.59             787.828             21.4471             132.344             
545000              3600                4884.97             703.571             169.269             155.255             
545000              3400                5118                789.858             227.039             73.4659             
738000              3850                3306.81             420.87              2417.16             15.3011             
738000              3550                3598.16             415.431             1990.54             73.5324             
645000              3300                5069.13             712.944             885.737             172.688             
545000              3600                4544.82             691.22              491.609             126.293             
644000              3400                4830.49             946.499             319.13              56.7699             
755000              3150                4567.89             696.441             828.951             3.04011             
658000              3200                3893.93             801.709             1293.81             81.9434             
928000              3100                4889.7              951.504             1260.1              133.48              
744000              3200                4260.89             899.263             917.547             3.04011             
644000              3600                5178.61             731.855             24.2795             152.948             
644000              3700                3785.65             678.821             1716.42             3.04011             
545000              3400                4912.96             697.557             331.886             74.8972             
829000              3550                3732.78             453.4               1897.81             14.3144             
738000              3700                3224.27             420.87              2490.77             178.685             
736000              3700                4095.34             732.772             2361.72             0                   
645000              3100                4295.65             594.81              1896.64             161.52              
545000              3350                4030.04             632.584             2185.58             166.76              
755000              3150                4905.02             692.211             605.04              52.8618             
829000              4000                3194.67             420.524             3103.17             148.085             
744000              3600                4767.35             757.352             144.819             100.47              
645000              3100                4854.37             741.061             1339.18             3.04011             
645000              3100                3701.87             594.81              2507.02             106.135             
736000              3700                3804.21             480.338             2602.87             24.6909             
658000              3150                3682.73             663.86              1760.58             45.9205             
545000              3400                3983.86             615.657             1201.39             79.7358             
829000              4000                3263.24             420.524             2987.45             15.3011             
545000              3600                5144.61             784.412             30.2457             110.976             
645000              3100                4152.86             594.81              2092.54             31.0401             
644000              3350                4654.81             945.463             1397.59             222.94              
829000              3700                3219.33             420.87              2631.57             148.085             
644000              3700                3475.51             686.209             3263.93             80.2509             
654000              3500                4077.43             634.52              587.766             126.695             
742000              3100                4456.72             594.81              1758.3              31.0401             
829000              3850                3504.11             493.438             2716.24             3.11103             
545000              3400                3569.61             849.849             1850.51             80.2509             
738000              3550                3300.54             414.172             2271.36             43.8117             
658000              3150                3761.75             632.584             1842.29             106.234             
