80000               3360                2684.5              122.202             1019.42             0                   
80000               4440                2770.03             185.206             71.3383             5.2931              
125000              4500                1585.56             146.873             933.326             0                   
145000              4830                1418.04             128.802             1077.95             16.792              
170000              3390                3929.49             218.153             67.7172             14.3384             
80000               4560                1527.2              137.152             690.939             9.31224             
145000              3540                2142.01             168.263             864.629             4.06599             
80000               4500                1598.61             119.668             1019.28             17.7602             
125000              3660                1814.97             141.42              949.641             0                   
80000               3660                2325.93             136.027             715.491             0.0950231           
80000               3390                2251.28             134.264             1065.38             0                   
145000              4380                2305.97             165.217             257.591             18.2317             
145000              4740                1403.04             132.479             1080.27             0                   
125000              3390                3995.93             207.344             150.609             0                   
80000               4170                2215.16             167.193             373.515             0.0950231           
80000               3600                2411.16             136.027             800.494             22.9592             
145000              3660                1979.07             114.556             480.961             9.21612             
145000              3450                2143.21             134.264             1187.9              0                   
170000              4530                2495.11             196.56              184.528             0.0950231           
145000              4110                1544.57             116.528             1054.99             8.44742             
170000              3390                4009.59             207.344             56.7597             17.9377             
101000              4290                2580.78             134.541             166.148             15.478              
80000               4290                2641.85             133.579             201.727             8.90863             
80000               3780                2459.07             175.428             188.392             6.64272             
145000              4470                3066.67             138.24              134.487             4.5299              
80000               4560                1444.36             130.583             777.687             16.3122             
80000               3630                1835.93             177.334             954.26              13.754              
80000               3360                2487.13             168.235             1187.43             0                   
121000              4470                2025.31             167.723             388.467             3.53811             
101000              4110                1564.69             128.162             1116.73             0                   
170000              4050                1981.95             116.811             445.095             15.7262             
80000               4470                2693.41             153.362             121.21              0                   
145000              4710                1418.07             121.018             1140.81             12.2068             
80000               4620                1730.84             120.435             861.514             11.6466             
80000               3390                2831.4              162.431             141.032             7.87281             
101000              3750                2656.88             135.273             440.993             8.90116             
80000               3690                2589.43             163.099             207.751             22.2086             
104000              4680                2162.9              140.801             554.935             2.12707             
80000               4470                1554.42             165.108             708.568             11.1513             
145000              4920                1435.63             106.735             986.904             17.2002             
145000              3390                3837.77             182.614             271.361             0                   
145000              3390                4027.18             207.344             54.1823             11.8566             
80000               3990                2593.58             136.027             490.34              0.653642            
145000              3990                2914.15             138.219             323.274             0.0950231           
145000              4440                1537.95             114.885             757.01              15.7122             
103000              4200                1718.02             163.624             1020.35             0                   
145000              4920                1579.09             125.378             872.362             8.83095             
170000              3600                1946.65             179.152             767.595             0                   
145000              3540                1952.19             146.442             891.517             15.4247             
145000              4920                1407.34             106.735             1010.76             10.4161             
80000               3390                2708.81             159.618             925.151             17.9326             
170000              3390                4002.58             207.344             111.263             0                   
145000              3390                4033.8              207.344             49.0616             17.9377             
145000              3810                1752.43             114.571             611.902             4.38516             
145000              3540                1871.72             112.273             977.164             0                   
80000               4320                3192.07             192.435             38.3176             10.982              
80000               3360                2284.67             168.235             1165.24             13.641              
80000               3390                2509.32             118.77              1063.41             17.248              
104000              3540                2436.88             121.28              1180.91             0                   
100000              3390                2663.01             155.858             152.671             15.3404             
101000              4200                1459.92             132.505             779.903             18.3784             
104000              3450                2192.1              134.264             1164.26             7.44648             
80000               3390                2864.54             155.858             95.9544             15.3611             
145000              3660                2064.43             114.556             458.565             0                   
121000              3720                2001.76             178.043             569.936             0                   
124000              3840                2229.24             227.597             469.262             24.2751             
80000               4080                2052.28             124.26              354.763             17.4005             
145000              4920                1718.65             140.204             836.093             0                   
145000              4290                1643.52             152.629             647.79              11.7122             
145000              4410                2182.64             139.703             192.284             8.14066             
99000               3390                2452.15             191.453             980.632             2.71338             
145000              3480                1801.65             168.263             885.244             12.3934             
80000               3900                2612.95             162.582             128.718             19.9892             
145000              3390                3992.14             182.614             201.521             6.0811              
145000              3930                1653.11             112.615             1024.83             0.385165            
100000              4140                1725.27             184.906             959.937             0                   
164000              3450                4227.98             207.344             41.7591             17.9377             
145000              4320                1939.18             155.992             384.274             15.7262             
101000              3780                2361                137.318             217.024             6.64272             
145000              4560                2361.95             166.532             167.717             10.0501             
145000              3660                2255.48             158.079             393.595             17.3401             
145000              4620                3063.44             138.24              228.763             0.0964769           
145000              3480                1641.2              152.56              981.063             0.256198            
145000              3360                3946.18             207.344             233.002             20.4006             
80000               4710                1695.66             132.329             917.125             1                   
80000               4410                1835.24             177.334             864.447             2.58022             
145000              4560                2096.35             154.5               276.251             6.06946             
80000               3360                2416.98             176.216             1088.9              6.81006             
125000              4230                1815.62             177.101             532.797             0                   
80000               3990                1867.63             185.672             930.151             11.5928             
80000               4050                1463                125.443             945.762             17.5656             
80000               3780                1762.82             164.146             997.713             4.99825             
80000               4620                2203.53             141.025             451.402             2.12707             
80000               4200                2390.19             118.248             1091.11             12.3417             
80000               3540                2673.55             143.819             974.455             8.68902             
80000               4080                2707.25             142.495             114.353             16.8791             
145000              3450                4061.01             194.429             105.431             0                   
123000              4080                3409                197.845             45.4492             1.17161             
80000               3930                1749.29             156.621             505.061             16.7229             
145000              4830                1422.2              110.062             1074.13             6.21612             
104000              4230                1589.64             146.237             628.362             15.2806             
170000              4290                1994.23             116.811             459.034             0                   
101000              3540                2748.58             134.541             811.971             14.9967             
80000               3600                1639.66             132.479             1140.35             5.94252             
80000               4260                1730.09             173.188             638.217             7.36648             
145000              3480                1731.13             178.043             950.954             0                   
124000              4290                2323.37             118.248             1067.39             12.3417             
145000              4710                2342.14             163.79              185.041             0.0950231           
101000              3540                2675.92             164.455             107.572             0.0950231           
145000              3390                3688.82             207.344             338.443             4.72315             
80000               3450                3179.97             182.047             60.722              4.28345             
121000              3720                1992.77             129.482             587.83              0                   
145000              4650                3037.92             138.231             164.868             11.9729             
104000              3480                2915.39             167.054             78.9996             12.6664             
127000              4590                2907.03             204.698             77.0185             0.0980426           
145000              3750                1586.67             128.868             717.427             16.9108             
145000              3480                1741.2              178.043             940.984             9.65178             
80000               3870                3416.4              197.774             43.6285             13.7944             
145000              4470                1860.13             115.774             478.424             8.83095             
80000               4080                2557.89             141.025             128.08              0                   
145000              4410                2226.15             176.194             170.247             15.7062             
80000               3450                2491.1              121.28              1148.19             7.31571             
121000              3450                2152.52             168.235             1158.52             0                   
145000              4080                2147.86             183.853             281.705             17.358              
145000              4320                2057.44             189.245             392.161             0                   
80000               3390                2719.89             158.82              931.471             0                   
145000              3600                2016.1              201.736             775.945             6.8225              
145000              5070                1415.67             109.72              979.121             0                   
125000              4740                1517.34             119.466             1002.02             0                   
125000              4800                3095.04             161.182             99.949              0.0950231           
104000              4110                3122.76             179.799             59.1957             0                   
103000              4500                2931.17             204.698             77.0185             0.0980426           
145000              3480                3135.5              184.786             718.648             0                   
145000              3870                1535.5              116.528             1015.7              16.3897             
80000               3540                3307.43             196.66              47.4184             6.18217             
121000              3600                2499.35             188.593             765.983             13.1887             
80000               3540                2218.51             134.264             1073.95             15.5087             
145000              3540                1690.88             112.615             957.215             15.2725             
80000               3750                2400.83             135.33              279.49              9.71458             
80000               3570                3383.78             190.785             50.4755             10.9459             
145000              3660                2095.61             121.784             442.854             17.3401             
121000              4230                1919.12             143.753             392.606             16.1665             
80000               3780                1634.86             170.166             1168.66             12.3619             
145000              4590                1441.79             110.227             918.737             6.06226             
145000              4530                1805.51             115.774             528.926             0                   
100000              4320                2778.13             185.206             66.0005             5.2931              
145000              4620                1917.96             144.477             417.9               0                   
145000              3750                1877.99             187.415             499.021             9.48448             
80000               4020                1596.68             128.162             1068.48             0                   
121000              3390                2238.71             134.264             1072.06             9.60124             
80000               4470                1797.52             168.316             1029.64             0                   
80000               4530                2711.43             185.206             84.6419             0.0980426           
101000              3600                1628.79             133.209             1155.65             12.747              
80000               3780                1680.99             124.541             1046.11             17.8409             
168000              4320                2473.47             178.337             195.115             0.653642            
80000               3390                2703.44             188.593             982.534             13.9766             
80000               3390                3191.21             188.436             66.828              16.7843             
80000               3930                2456.15             187.637             156.151             15.1561             
145000              3450                2143.15             134.264             1187.9              7.44648             
80000               4170                3166.46             188.598             37.0183             17.8715             
80000               4260                3138.91             184.822             46.6016             0                   
104000              4050                2576.03             142.495             174.718             2.30322             
100000              3390                2612.82             155.399             210.164             8.53606             
104000              4230                1525.96             148.296             790.428             6.09965             
101000              3390                2486.07             121.28              1087.6              0                   
121000              3450                2152.45             168.235             1158.52             7.44648             
145000              3870                1622.85             115.774             742.524             21.1773             
80000               4590                2018.63             174.961             743.756             0                   
80000               4020                1577.26             144.166             1222.85             10.4848             
103000              3900                1831.38             184.658             538.489             14.9468             
145000              4770                1529.04             144.399             902.386             4.05403             
129000              4290                2835.35             185.206             85.7621             0.0980426           
103000              4230                2402.26             178.337             311.195             0.0950231           
80000               3420                3141.91             177.334             830.881             3.30399             
80000               4380                2751.42             156.147             104.751             12.3055             
80000               4230                1944.6              124.26              408.379             9.58534             
145000              3390                4023.97             207.344             56.4006             5.47141             
80000               3540                2747.37             145.341             192.526             0.0950231           
105000              4050                2559.93             178.387             82.8244             15.6129             
145000              3480                1583.46             117.769             1014.7              9.65178             
80000               4170                1572.74             130.583             613.802             23.7311             
145000              3660                2119.79             162.483             419.035             10.0878             
101000              4050                2896.29             176.962             53.2316             16.5784             
145000              4320                2027.78             115.774             390.223             3.53811             
80000               3780                2479.16             134.541             296.322             25.393              
80000               4410                2273.28             118.654             1027.64             6.48148             
80000               3510                3153.28             196.66              170.315             0.00888649          
125000              3570                2830.26             176.964             59.2068             15.5433             
101000              4380                1442.8              130.583             835.207             12.3122             
80000               4020                1732.74             134.115             485.678             21.5663             
145000              4740                2946.82             138.24              175.017             6.30299             
104000              4290                1505.04             123.783             998.558             10.4848             
100000              4290                2297.04             118.248             1055.26             13.286              
80000               4320                1724.72             119.835             1052.36             0                   
124000              4140                2637.57             214.466             88.6112             11.3833             
145000              4080                1925                116.81              439.794             20.7262             
80000               3420                2376.64             187.652             945.351             0                   
145000              4140                1584.03             147.806             692.635             0                   
145000              3660                2129.6              178.043             442.743             0                   
80000               3630                1628.5              125.355             1073.56             12.747              
