300000              3400                964.971             263.176             2122.51             222.931             
185000              3800                1245.34             419.242             0                   0                   
185000              6500                875.232             266.739             640.879             341.715             
185000              3800                877.502             266.739             605.096             217.53              
205000              6400                887.712             270.878             0                   0                   
185000              6500                1193.92             987.229             -1.13687e-13        113.489             
300000              7700                690.901             235.774             115.174             29.511              
185000              3800                1200.09             429.216             0                   113.489             
300000              6400                831.108             218.445             1797.5              0                   
185000              5200                822.072             266.036             1480.17             278.232             
185000              3400                1334.94             424.534             991.484             354.902             
301000              5000                1058.04             241.348             4781.18             309.361             
185000              6000                711.493             198.882             2237.29             0                   
205000              6700                1908.19             1128.05             2279.63             -1.13687e-13        
300000              6100                832.407             220.641             1146.43             0                   
301000              5000                1078.53             243.51              4571.12             0                   
300000              3400                860.797             1412.56             794.256             0                   
185000              3400                910.087             269.42              1651.59             187.066             
185000              3800                915.444             311.372             397.267             187.066             
185000              3400                1184.77             339.514             1017.53             305.321             
300000              7100                678.41              233.093             2044.19             0                   
185000              6000                806.064             1781.92             1066.4              700.484             
300000              6000                701.594             233.093             1585.09             160.029             
185000              5600                774.08              222.424             1822.59             0                   
185000              3800                1268.69             1053.17             -2.27374e-13        0                   
185000              3800                1157.21             331.111             72.3229             0                   
185000              5200                715.451             228.202             1942.18             226.596             
300000              6000                742.964             235.774             918.398             0                   
300000              6700                887.034             229.346             891.222             0                   
185000              6500                1092.99             362.621             84.6611             46.8943             
185000              3800                938.822             266.738             1967.14             0                   
300000              5200                898.992             232.173             1439.56             0                   
185000              6500                1228.59             425.732             0                   0                   
300000              4400                731.936             263.858             350.815             0                   
300000              5400                800.651             220.641             1513.71             0                   
185000              3400                925.1               270.19              1705.72             0                   
185000              3800                1073.94             1001.45             162.793             0                   
205000              3400                1384.05             460.372             828.002             40.8035             
300000              7000                763.583             224.306             206.51              0                   
300000              3800                1225.27             967.661             -5.68434e-14        0                   
185000              6000                793.899             220.98              1870.04             81.842              
185000              3400                995.024             378.134             1483.78             0                   
185000              3400                944.422             263.858             2198.71             0                   
300000              3800                785.272             271.519             683.584             82.3571             
300000              6100                773.353             247.315             826.159             57.7435             
300000              5800                838.927             232.957             1136.76             31.3246             
300000              6400                791.094             243.764             4.58629             0                   
300000              6100                770.672             247.315             891.06              119.964             
185000              6500                876.673             269.42              540.195             220.294             
185000              6500                1196.57             987.229             -1.42109e-13        0                   
185000              6500                902.805             1001.45             427.951             0                   
300000              3800                972.675             263.176             2183.23             0                   
300000              7000                678.755             235.414             474.813             0                   
185000              5600                728.018             224.023             1882.87             307.419             
185000              5200                808.646             239.276             1910.06             98.5115             
185000              5800                755.775             200.28              1877.67             307.419             
205000              3400                1272.54             354.648             841.171             0.855509            
301000              5000                1072.96             243.51              4765.26             78.1322             
300000              6000                710.491             233.093             574.317             160.029             
185000              5200                823.348             247.603             1480.19             0                   
185000              5200                724.954             226.567             1816.13             118.344             
185000              3800                899.36              267.509             583.519             0                   
300000              6400                669.858             235.414             1979                0                   
300000              3800                1317.29             403.296             0                   0                   
300000              3400                951.058             263.176             2136.42             13                  
300000              3800                972.17              961.209             195.433             0                   
300000              6700                783.315             225.515             1076.29             0                   
300000              3800                791.562             263.858             590.361             0                   
300000              3800                1036.11             267.332             149.364             0                   
399000              4400                865.336             580.38              49.6607             0                   
185000              3400                903.143             269.041             1789.9              84.7056             
185000              3800                1009.22             284.929             250.943             162.308             
300000              7000                806.506             228.601             2.38447             0                   
300000              6400                812.674             225.476             186.549             188.302             
185000              6800                830.555             1912.15             1365.04             298.238             
300000              6700                722.285             220.641             891.821             27.9298             
300000              3800                1086.74             358.025             60.2015             36.4264             
185000              3400                966.423             263.858             2190.64             128.065             
185000              3800                1154.91             987.229             72.3229             0                   
185000              3800                900.738             311.372             411.257             84.7056             
300000              3800                989.546             969.42              165                 63.7326             
185000              5600                699.079             226.567             2145.47             9.84494             
185000              6500                1193.92             429.216             0                   113.489             
300000              5000                926.155             514.521             110.19              132.992             
205000              3400                1469.7              390.79              805.067             358.197             
300000              3400                1029.17             263.176             2047.99             0                   
185000              5200                709.273             200.954             2135.28             0                   
300000              3800                1182.03             521.178             0                   0                   
300000              6700                690.275             241.426             568.914             41.5337             
185000              3400                1069.83             288.002             1507.07             0                   
185000              5800                725.67              222.017             1947.43             9.84494             
297000              4400                887.012             1493.39             1105.31             103.508             
185000              3400                1335.56             416.764             877.667             143.012             
185000              3800                913.751             1001.45             439.018             0                   
185000              3800                1071.92             337.022             138.326             162.308             
185000              6500                901.588             303.521             445.642             187.066             
185000              5200                757.133             213.646             1659.01             157.655             
185000              3400                1225.31             429.216             993.781             113.489             
185000              3400                1250.2              3035.6              737.494             820.28              
185000              3400                995.165             263.858             1740.34             102.361             
185000              3400                1149.44             386.817             1082.31             162.308             
300000              3400                1016.24             263.176             1913.66             122.355             
300000              6400                748.581             658.126             -1.13687e-13        0                   
301000              5000                1092.32             231.597             4576.73             279.74              
300000              4400                1130.05             343.475             32.3206             0                   
185000              6500                1023.59             295.608             154.06              0                   
301000              5000                1130.57             252.05              3261.28             459.153             
300000              5400                838.453             246.775             881.84              0                   
205000              3400                1008.84             290.719             1606.36             0.826193            
185000              5400                810.053             209.296             1538.2              294.382             
300000              4400                867.958             262.42              551.211             0                   
301000              5000                1143.18             251.842             4337.3              160.527             
300000              4400                732.668             263.858             268.335             81.099              
300000              5800                829.001             220.641             1333.09             0                   
300000              7000                670.336             233.093             2054.46             109.288             
185000              3800                1244.59             410.091             0                   247.711             
205000              3400                1472.12             460.372             657.46              40.8035             
205000              3400                1513.23             460.372             616.35              86.2173             
185000              3400                1227.96             431.865             993.781             0                   
300000              3800                1035.14             407.22              119.404             88.3295             
185000              5200                961.673             255.911             1237.27             349.467             
185000              3800                966.61              263.858             1639.61             211.709             
185000              5600                705.349             200.28              2139.2              356.434             
300000              4400                735.349             607.468             206.737             81.099              
205000              3400                1418.78             460.372             694.933             0.855509            
185000              3400                946.93              263.858             1942.23             341.715             
300000              3800                1285.13             362.907             1.38447             63.5819             
185000              3800                929.263             266.739             593.122             257.009             
185000              3800                1200.09             987.229             -1.13687e-13        113.489             
185000              6500                919.891             344.152             271.981             0                   
185000              5200                758.737             195.881             2085.62             307.419             
185000              5600                882.837             262.366             1447.74             0                   
185000              3400                994.786             263.858             1802.94             0                   
301000              6000                1242.53             751.1               2229.19             -1.13687e-13        
205000              3400                1408.62             420.031             791.442             364.056             
185000              6500                1063.42             391.35              132.214             9.93338             
185000              3800                926.062             344.152             271.981             0                   
300000              5800                877.166             243.655             1028.63             0                   
185000              3800                997.784             287.61              186.042             0                   
185000              5400                995.011             253.711             1277.63             87.5617             
185000              6500                1145                377.996             38.0615             0                   
205000              6000                760.597             233.093             1552.54             0                   
300000              3400                769.914             271.519             984.446             82.3571             
185000              6500                879.591             267.509             604.327             122.762             
300000              6400                696.627             233.093             104.705             0                   
301000              5000                1095.58             222.484             4393.01             110.608             
300000              6400                693.028             235.774             1449.8              0                   
185000              6500                991.322             1004.13             203.234             0                   
185000              5600                708.94              200.28              2135.61             297.574             
300000              3800                1198.23             329.609             6.43855             63.5819             
205000              3400                1392.02             415.037             792.201             253.645             
300000              3400                872.627             263.858             804.961             64                  
185000              3400                1144.34             402.662             1097.18             0                   
185000              3800                916.537             266.739             1923.07             102.361             
185000              3400                943.698             263.858             2209.8              251.006             
185000              6500                1095.89             987.229             81.7685             0                   
185000              3800                1013.7              279.123             316.964             72.1229             
300000              7000                678.755             654.187             425.528             0                   
300000              6400                696.506             703.472             150.173             0                   
300000              7000                681.844             235.774             439.386             197.638             
185000              5200                867.476             230.551             1674.18             140.313             
300000              3800                969.489             264.652             260.334             0                   
185000              3400                1043.33             284.929             1571.68             188.16              
300000              6700                722.208             220.641             983.781             312.615             
185000              3400                1315.66             431.865             906.083             0                   
300000              4400                735.362             514.521             113.777             0                   
300000              5200                863.614             230.096             1508.02             172.597             
185000              6500                892.806             267.509             583.519             30.4637             
185000              3800                879.803             269.041             602.795             115.169             
300000              3800                791.562             1000.25             590.361             0                   
185000              5200                753.987             217.151             2090.37             58.8599             
185000              3800                859.491             263.858             2046.47             70.6619             
205000              3400                1577.05             409.089             749.225             350.019             
185000              3800                1081.77             345.223             102.059             28.4109             
300000              7700                742.341             228.049             877.334             18.0669             
205000              3400                1305.62             349.222             808.091             60.3061             
185000              6000                741.378             209.691             1530.62             108.499             
185000              6000                766.138             223.106             1371.11             0                   
205000              6000                753.986             235.774             1393.33             20.321              
300000              3800                849.174             302.971             357.545             0                   
300000              3400                904.323             323.408             730.512             0                   
185000              4800                874.794             1265.42             998.034             186.516             
300000              3400                776.203             263.858             891.222             0                   
205000              6400                835.5               282.479             5.07764             32.6821             
185000              3400                1054.98             293.222             1133.64             0                   
185000              3400                1036.67             287.61              1165.62             162.308             
300000              7700                687.307             233.093             539.998             0                   
185000              3400                902.279             269.041             1939.93             239.354             
300000              6000                734.702             233.093             1574.86             0                   
185000              3800                1118.84             383.939             91.4087             198.735             
300000              3800                925.167             263.858             535.963             0                   
185000              3800                971.242             987.229             212.583             0                   
185000              6500                1252.58             408.703             8.75215             213.684             
205000              6400                762.283             233.093             70.2621             20.321              
300000              4400                750.15              263.176             110.19              0                   
300000              3400                776.203             1367.91             891.222             0                   
300000              3800                1258.35             323.476             26.6556             0                   
185000              5200                835                 245.522             1883.71             0                   
205000              6400                828.392             664.708             0                   0                   
185000              5200                759.497             195.881             2084.86             356.434             
