85000               3920                2346.42             179.054             2.24524             13.2603             
39000               2870                2468.63             118.092             619.427             0                   
39000               4050                2114.87             150.342             1.10215             22.8664             
61000               2860                1632.99             111.832             532.889             5.23255             
85000               2960                2034.97             167.675             54.806              27.2659             
39000               3380                2122.25             165.08              218.063             30.8107             
41000               2830                2164.03             133.3               198.878             14.7289             
39000               2650                3138.69             178.731             13.7643             0.0243602           
39000               2970                2705.57             119.083             449.264             15.3321             
65000               3020                2063.86             206.705             29.3195             32.095              
63000               3610                1576.94             98.4275             480.315             11.2563             
61000               2880                1717                113.78              459.849             0                   
84000               3180                3059.36             168.859             5.02912             2.46534             
61000               3890                1640.99             99.4721             356.877             0.962218            
83000               3100                1811.26             140.476             198.042             0                   
61000               3800                2384.56             156.992             4.22932             7.19714             
39000               3140                2917.43             130.599             406.579             6.94935             
41000               4210                2305.53             137.35              16.2071             15.41               
60000               2800                2317.48             164.636             89.1428             22.4354             
83000               3700                1495.53             124.243             640.213             0                   
39000               3750                2167.54             172.046             0.92347             30.0235             
39000               3240                2431.68             113.828             582.784             13.0934             
41000               2810                2265.96             174.646             93.7848             12.2821             
83000               4000                1612.31             99.4721             433.024             0                   
39000               3490                2058.81             120.642             273.197             33.464              
83000               3270                1587.55             111.832             564.23              0                   
39000               2620                3014.47             174.463             28.1523             28.6883             
78000               3450                2990.22             164.232             0.694906            0                   
39000               2860                2596.75             158.957             489.143             24.3766             
80000               2800                2208.7              158.583             103.588             6.91219             
39000               2990                3104.95             157.106             415.632             1.29931             
39000               3630                1656.95             140.628             551.964             0                   
41000               2880                1718.24             109.706             440.581             0                   
41000               2770                2273.79             121.423             501.769             8.04677             
59000               2760                2590.77             142.991             420.864             3.19275             
39000               4210                1845.19             144.625             124.691             31.2313             
41000               3550                1807.63             115.684             182.937             26.3977             
63000               3630                1797.17             147.272             20.8873             27.4055             
39000               3460                1636.46             116.19              573.203             24.1206             
57000               3080                2420.07             182.948             18.7647             30.5287             
63000               3080                1995.02             121.558             209.416             17.7424             
85000               3410                2011.84             153.759             18.3268             0                   
61000               3730                1471.48             99.4721             510.844             0                   
60000               3050                1969.49             127.496             46.8112             30.6412             
39000               3490                2732.78             132.822             403.811             11.8272             
39000               3800                1702.72             148.565             431.819             27.7736             
60000               3410                1522.02             130.841             396.76              17.2537             
60000               3960                1601.31             148.796             335.797             10.6688             
60000               2800                2265.26             174.646             99.4887             4.22298             
63000               2730                2442.74             142.991             486.959             16.8811             
63000               3030                2468.23             197.29              29.4541             29.0321             
39000               2790                3050.15             166.192             94.6156             0.0243602           
39000               2790                3157.51             166.192             9.60839             33.0316             
41000               4010                1624.65             98.9872             316.957             0                   
83000               3050                1806.22             127.496             123.86              15.6561             
41000               2730                2425.55             174.884             494.862             20.9195             
39000               3160                2482.51             113.719             506.195             20.7187             
41000               3900                1625.21             108.312             296.347             24.645              
39000               3270                2403.27             119.886             593.501             0                   
41000               3660                1597.98             97.5747             449.049             27.8148             
57000               3410                2533.57             141.104             19.5164             28.3924             
60000               4020                1686.15             119.511             254.975             17.4518             
41000               2900                1693.75             109.706             498.82              32.4921             
61000               2620                3183                166.192             9.51043             35.3597             
41000               4020                2307.62             128.961             39.1305             6.67577             
41000               4270                2263.93             129.305             24.7144             0                   
39000               3740                2772.95             175.197             0.429327            9.22788             
65000               3020                2038.39             206.705             60.7715             0                   
41000               2900                1853.8              149.861             380.394             33.1388             
39000               3330                2460.2              113.828             489.144             29.9829             
41000               2860                2881.13             177.948             47.6324             4.87157             
39000               3720                1630.74             121.616             484.583             32.9851             
86000               3020                2554.74             188.982             33.2919             20.0551             
57000               3380                2338.44             161.463             3.53932             18.1721             
41000               2950                1719.91             164.425             384.969             20.6314             
60000               2960                2217.27             134.465             124.567             0                   
83000               2910                1672.06             111.832             524.868             5.23255             
39000               3370                3092.07             150.333             3.12008             23.0185             
62000               3220                2586.98             143.18              12.7995             38.0272             
41000               2840                1769.17             111.276             421.754             30.0708             
56000               3320                2806.09             150.458             13.3936             0                   
39000               3050                1743.37             137.422             502.24              33.0397             
41000               3600                2171.82             177.661             4.20519             0                   
63000               2850                2118.72             134.097             259.636             22.1657             
39000               3540                2660.76             162.2               439.407             0                   
85000               3790                2304.71             191.034             1.2988              13.2603             
39000               3560                1993.58             163.002             352.707             0                   
59000               2670                3115.67             166.071             34.2113             8.02436             
41000               3960                1622.01             97.8292             322.681             17.013              
41000               4020                1585.3              146.769             238.628             0                   
39000               3000                1780.46             153.513             515.228             18.5831             
63000               3210                3068.97             168.859             9.53913             2.46534             
41000               3000                1869.63             126.332             80.4138             37.0374             
39000               3170                2496.8              159.679             10.1047             37.0316             
39000               3380                2662.25             150.458             2.79853             0                   
78000               3080                2459.71             156.377             17.8781             20.0551             
41000               3770                1890.27             169.87              4.28328             19.4214             
41000               2840                1653.23             151.827             523.991             7.36523             
41000               2820                2711.55             154.91              326.998             3.32878             
60000               4020                1625.33             97.8292             300.02              10.6688             
61000               2700                2979.24             166.192             306.98              0.0243602           
39000               3220                2578.5              141.104             20.1518             15.5561             
41000               4160                1728.02             147.272             59.1645             2.60482             
39000               2990                2518.34             149.499             476.393             0                   
39000               3800                1622.84             140.628             496.219             15.5853             
58000               3490                2000.63             170.337             23.521              0                   
63000               3870                2614.61             182.696             3.11839             0                   
39000               2940                2568.36             173.814             443.617             9.66451             
83000               3050                1814.45             141.222             113.73              27.5073             
39000               3200                3204.35             162                 65.3801             0                   
39000               3960                2694.61             179.242             0.429327            0                   
39000               3990                1643.37             125.646             564.198             6.9838              
41000               3960                1751.05             134.995             218.349             26.9809             
41000               3430                1538.77             99.4721             559.346             17.2537             
41000               4150                1557.99             98.4309             479.061             7.24104             
60000               4150                1725.02             147.272             76.9513             2.60482             
41000               3110                1883.98             146.171             19.1069             27.9145             
64000               3020                2011.66             121.558             251.735             6.08913             
63000               3890                1612.62             106.627             337.831             9.58352             
63000               4210                2272.85             129.305             19.2465             2.76918             
83000               3050                1796.51             137.354             129.584             32.6677             
39000               3910                2295.59             153.285             11.2507             0                   
60000               2820                2235.39             121.423             532.997             1.04677             
39000               3620                2954.42             165.859             0.429327            0                   
63000               4040                2402.9              160.625             3.59491             0                   
41000               3080                1874.77             127.625             68.854              0                   
56000               2700                2809.69             158.505             419.364             2.07642             
60000               2790                2392.89             141.872             153.751             30.3444             
41000               3490                1821.12             119.481             142.08              5.33018             
61000               2940                1622.26             131.099             554.27              20.68               
39000               3140                2619.01             140.255             96.8073             22.6503             
39000               2650                2675.95             158.505             430.106             17.584              
58000               2820                2292.23             170.337             404.261             1.04677             
59000               2720                3165.53             166.071             12.9128             33.0316             
65000               3100                2020.24             172.221             19.1069             27.9145             
39000               3750                2008.26             142.181             33.3371             32.2378             
39000               4110                1891.5              144.625             54.815              26.148              
39000               3410                2615.79             141.104             9.70318             29.6917             
59000               2670                3154.86             166.071             25.9187             16.1513             
41000               3330                1634.18             158.055             429.445             17.2537             
41000               3330                1828.56             127.496             71.8976             33.5345             
39000               2860                2550.76             128.718             465.08              33.3283             
41000               3500                1598.21             96.1364             507.644             7.03329             
39000               2860                2406.42             127.448             614.372             33.5066             
39000               2910                2438.15             114.72              596.246             23.4784             
41000               4100                1670.33             111.297             282.572             10.6688             
41000               3550                1849.91             134.425             17.8579             0                   
39000               3030                1775.64             137.274             507.244             0                   
39000               2620                3188.7              166.192             9.53986             21.753              
39000               3590                2540.03             115.82              500.635             0                   
83000               3460                1811.65             127.278             209.817             0                   
39000               2640                2597.05             158.505             544.733             1.17912             
63000               2940                2563.65             173.684             33.6511             1.3492              
64000               3100                1836.69             127.496             172.562             0                   
61000               3000                1811.73             137.354             73.2361             32.6677             
41000               2770                1905.41             151.009             492.434             0                   
83000               3020                1593.02             116.045             567.616             0                   
63000               3400                1676.21             97.4816             504.844             0                   
77000               2780                2972.11             166.192             240.776             0.0243602           
39000               2790                2941.01             174.463             105.727             21.6822             
39000               2620                2975.75             174.463             156.825             13.7417             
39000               2670                3283.29             166.192             9.51043             9.45066             
41000               2800                2287.81             141.872             161.38              30.3444             
39000               3820                2754.88             159.699             0.429327            32.6915             
76000               3480                2420                146.946             17.6169             26.0935             
41000               2840                1644.54             111.832             507.048             16.0064             
39000               2960                1782.22             141.263             476.753             39.33               
61000               3490                1493.93             125.47              614.711             24.6952             
41000               4160                1724.53             147.272             85.4975             10.851              
39000               3930                1664.02             125.646             499.336             0                   
41000               3850                1474.95             98.9872             457.912             0                   
39000               3460                3153.52             150.333             3.12008             8.28758             
63000               2850                2150.72             154.558             207.138             1.1418              
77000               3050                2503.71             166.398             30.3557             11.0606             
39000               2760                2823.29             172.426             394.736             25.9772             
41000               4160                2319.44             158.881             5.1064              7.62732             
41000               3030                1905.49             167.247             45.6698             6.4951              
61000               3160                1602.96             111.832             441.268             0                   
61000               4000                1610.86             147.638             406.384             0.962218            
83000               3870                2557.92             160.625             3.11839             0                   
41000               3410                1736.36             157.992             437.195             0                   
56000               3060                2448.58             184.989             18.7647             22.4228             
39000               3630                2717.99             178.602             0.429327            22.2616             
39000               2650                2994.24             171.417             282.176             0.0243602           
39000               3800                2013.07             120.642             259.817             22.0177             
83000               3480                1498.82             124.243             645.988             17.2537             
41000               2860                2127.07             134.465             152.134             1.04677             
83000               3020                1617.22             111.276             567.784             14.1565             
61000               3430                1532.32             99.4721             546.593             17.2537             
39000               3590                1971.64             169.938             195.308             30.3865             
39000               2860                2579.48             167.824             416.041             33.3283             
80000               3150                3282.57             179.054             5.67867             2.46534             
61000               3000                1821.45             127.496             67.512              15.6561             
41000               2960                1639.93             111.832             586.364             0                   
41000               3850                1637.97             171.249             310.498             0                   
58000               3400                1699.22             96.1364             490.626             14.0333             
63000               2790                1880.11             141.059             551.231             0                   
41000               3660                1819.56             147.272             6.2473              10.7693             
41000               3740                1495.15             119.361             436.977             0                   
39000               3540                2546.09             115.82              493.704             0                   
