262000              7950                1059.95             791.314             1286.84             140.418             
124000              7200                2017.55             224.603             1078.47             20.8309             
119000              10150               1443.54             192.163             602.009             67.9458             
119000              8400                1622.42             704.171             994.933             0                   
273000              8400                1112.12             351.402             767.038             0                   
359000              6300                3425.51             716.872             1218.96             68.2454             
135000              7300                2691.6              262.673             1477.31             0                   
135000              9900                1167.99             649.802             152.919             95.4715             
171000              6700                1578.99             643.314             1185.27             0                   
271000              6600                2664.87             390.422             1651.93             5.21798             
124000              7200                1741.09             754.554             1044.66             69.1263             
176000              9250                1099.01             358.97              805.872             3.94202             
267000              6700                2541.72             879.217             462.048             91.0287             
182000              6300                2864.37             657.166             1503.63             37                  
119000              9200                1558.75             158.959             1337.65             0                   
267000              9100                1846.76             681.105             13.3382             21.4689             
175000              9650                1314.28             145.036             92.4225             76.3997             
119000              9200                1980.67             553.217             149.115             65.5064             
119000              8900                1620.07             161.888             832.161             64                  
124000              7500                3150.72             764.194             367.404             45.8145             
135000              6800                3111.2              254.715             999.34              0                   
309000              6600                3060.24             685.994             1293.38             38.19               
171000              6700                1868.66             567.544             1112.71             86.5449             
271000              6600                2587.79             233.704             1661.27             35.7924             
136000              9200                1405.31             513.062             1076.03             0                   
311000              8100                1708.08             216.905             115.738             0                   
182000              8850                1404.77             720.898             63.7893             142.574             
135000              6600                2517.61             449.369             2419.48             3.72864             
263000              6600                3430.96             785.553             1429.77             37.8626             
176000              6700                2270.78             379.937             774.817             109.155             
219000              6900                1672.06             432.021             556.377             80.8986             
119000              9200                2091.66             648.381             216.347             4.25566             
175000              8300                994.668             623.92              309.023             47.0899             
216000              6600                3655.93             866.032             1337.55             106.892             
173000              8400                1869.32             442.874             28.793              3.59021             
135000              6600                2966.23             649.354             1460.17             85.8147             
171000              7200                1437.56             538.102             1373.8              69.0054             
124000              8900                2574.44             303.118             193.149             33.8475             
135000              6600                3065.39             612.014             1861.41             67.9364             
136000              9650                1190.4              137.091             265.866             0                   
136000              9950                1174.8              521.257             443.468             0                   
271000              6700                2174.98             196.452             936.122             0                   
273000              9200                996.009             117.954             1075.64             0                   
135000              6600                2570.67             595.067             2042.66             44.0657             
135000              7300                2584.02             554.385             1612.18             0                   
313000              8000                1132.87             513.062             2089.02             2.26806             
222000              8600                1837.46             745.81              14.0133             3.61206             
232000              6600                2735.68             351.655             1836.78             0                   
231000              9150                1085.67             113.483             578.16              88.044              
128000              8200                2570.82             306.364             415.118             1.66623             
175000              7600                1780.32             485.035             48.7838             103.122             
127000              7600                1373.09             162.368             290.344             73.7228             
271000              8150                1818.06             577.199             10.3996             57.3025             
124000              7700                2050.45             775.833             1079.43             0                   
221000              8250                1311.66             665.314             1408.9              0                   
265000              7000                3330.93             298.639             161.505             0                   
232000              6600                2785.07             591.575             1779.03             67.9364             
215000              6700                2983.93             297.626             356.73              108.027             
186000              9450                960.727             513.062             727.882             0                   
124000              7700                3233.12             337.49              109.548             19.7595             
320000              6200                3916.39             1132.01             3221                55.3843             
227000              8000                1256.05             121.466             2206.25             2.26806             
360000              6400                4192.3              425.869             1819.19             192.259             
128000              8700                2692.85             541.42              346.747             0                   
136000              7100                1462.16             150.058             674.001             48.6694             
128000              9250                2669.67             245.527             195.29              1.80018             
175000              8300                991.428             140.641             312.263             47.0899             
119000              10200               2293.76             771.017             67.4223             68.8263             
185000              7700                1417.74             122.023             883.896             49.566              
135000              6800                2653.03             243.591             1703.73             42.3272             
119000              7700                1904.86             155.046             1564.4              0                   
271000              5900                4113.5              1174.73             3154.25             376.876             
221000              7000                1381.18             735.544             1713.75             11.1263             
135000              9150                1122.22             208.403             273.082             73.7237             
171000              6700                1459.63             158.981             1357.22             0                   
273000              6100                4675.01             1057.98             1585.56             113.476             
124000              7300                1950.71             656.785             1582.64             69.1263             
221000              6700                1706.85             160.913             1130.95             0                   
313000              8400                1113.52             246.142             622.734             0                   
135000              7900                1118.24             574.057             663.039             84.3861             
119000              10500               2138.73             266.038             218.959             3.77049             
171000              7000                1399.74             226.125             1598.18             69.1263             
182000              6600                2556.48             591.575             1899.49             146.492             
135000              7600                1170.87             563.127             284.859             3.62402             
124000              7300                1929.47             651.268             1811.45             11.1263             
349000              6000                3170.94             1152.22             3839.08             1.57066             
124000              8200                1959.45             185.27              1132.31             17.7374             
124000              7900                2635.05             612.17              147.322             48.8666             
222000              9150                1407.81             142.402             120.249             57.4083             
221000              6700                1403.18             686.544             1398.24             0                   
128000              6700                2364.18             657.422             875.574             1.66623             
173000              6600                2225.89             551.17              2923.3              0.607881            
309000              6600                3081.11             654.824             1390.67             86.7025             
182000              6600                2783.59             242.479             1799.32             0                   
226000              6600                3142.23             737.514             1531.1              0                   
213000              7600                1309.52             627.922             240.849             11.69               
175000              9150                1912.37             202.941             35.9382             16.3864             
271000              9150                1791.45             251.561             23.8846             3.61206             
136000              8750                1074.65             352.53              1324.69             49.9624             
124000              7500                3486.2              782.769             229.617             8.57703             
230000              6200                4362                1089.87             3083.68             135.679             
222000              8100                1597.81             720.14              27.1365             118.821             
309000              6600                2842.06             554.221             1421.46             35.7924             
124000              7200                2477.74             735.718             409.046             27.6532             
128000              6700                2484.32             268.789             553.795             1.66623             
271000              8650                1781.49             175.104             16.7438             42.328              
215000              6700                3372.37             315.081             107.602             42.1878             
227000              8750                1227.88             121.466             1590.77             2.26806             
222000              9650                1032.23             131.965             482.478             28.7476             
309000              6600                3260.73             285.542             1241.95             0                   
355000              7400                2462.2              278.084             204.9               0                   
128000              7700                2812.08             402.007             166.041             87.8455             
273000              7700                1320.61             589.166             1562.58             0                   
135000              8600                1166.37             695.248             210.775             132.136             
219000              6900                1972.16             643.314             430.705             0                   
271000              6600                2545.53             514.364             1791.81             90.8462             
227000              7900                1232.94             135.835             1374.28             92.1835             
220000              6600                3486.34             611.17              984.874             0.118644            
222000              8850                1242.81             672.708             117.172             92.9039             
177000              6700                2597.55             258.895             558.953             64.1477             
136000              7000                3297.56             562.042             395.881             121.1               
182000              7100                1488.4              730.661             425.687             35.2397             
135000              7100                1560.99             174.76              82.9654             6.11402             
175000              7100                1606.3              321.372             59.4578             0.002445            
271000              6600                2884.59             631.236             1552.03             0                   
221000              7300                1386.73             484.828             1837.07             0                   
271000              9100                1967.67             230.651             0                   57.3025             
119000              8100                1993.99             661.649             186.257             103.622             
260000              6300                2734.32             760.039             1659.75             32.3452             
227000              8200                1135.21             124.724             1748.04             33.0033             
136000              8900                1094.94             128.727             1718.02             17.3363             
219000              7500                1410                321.691             1284.53             58                  
227000              8250                1176.57             513.062             1615.09             2.26806             
221000              6700                1569.29             567.544             1211.54             107.943             
135000              7600                1193.6              146.001             242.857             3.62402             
273000              8400                1115.43             117.91              1134.99             39.773              
226000              9450                961.242             513.062             609.202             0                   
119000              10150               1780.12             184.609             153.953             13.4723             
171000              6900                2121.2              203.231             353.736             0.848769            
264000              8600                1132.56             599.109             318.543             17.241              
182000              6600                2725.84             196.545             2312.84             10.8498             
174000              6700                3253.26             657.422             291.798             118.143             
176000              9450                1057.97             130.397             781.956             28.4533             
135000              6600                2813.61             682                 1917.63             18.2939             
221000              6700                1502.88             186.511             1306.52             47.7286             
321000              6600                3113.89             547.295             1158.92             50.8521             
262000              9150                1719.35             540.457             17.7333             19.8214             
263000              6700                3237.47             601.099             196.732             98.8304             
135000              7800                2611.23             702.252             1553.84             0                   
124000              7450                2084.58             567.544             474.469             116.027             
175000              6600                2730.71             476.217             1610.62             162.483             
119000              9400                1826.67             200.58              618.876             0                   
260000              7400                1486.45             830.285             601.52              0.647182            
273000              8950                1128.41             117.91              484.85              39.773              
136000              9400                1018.8              128.727             1286.79             17.3363             
271000              9700                1134.54             133.682             537.973             7.4951              
273000              8000                1120.54             682.042             1654.84             1.33753             
313000              8650                1070.26             531.137             340.897             0                   
215000              6700                2929.75             528.231             257.342             0                   
313000              8500                1061.7              613.05              1312.27             0                   
182000              6600                2497.79             196.545             2681.97             47.8498             
175000              8100                1015.19             128.311             1014.03             17.241              
124000              8700                3216.38             611.424             61.8543             39.569              
222000              6700                2308.71             218.855             721.892             92.7647             
271000              6600                2747.89             433.466             1494.63             76.7924             
299000              6200                3739.64             1144.19             2525.5              0                   
213000              7400                1853.68             486.521             52.077              0.0951969           
124000              7700                2630.97             490.881             660.175             0                   
136000              8950                1100.84             612.511             743.837             0                   
135000              8600                1691.59             605.908             23.2611             98.2915             
175000              8650                1362.49             495.028             155.145             103.35              
119000              10200               2035.88             228.347             421.402             4.25566             
224000              9700                1570.47             168.378             68.2861             8.35601             
171000              6700                1610.14             158.981             1254.01             86.5449             
273000              8600                1441.87             198.011             191.292             0                   
119000              8600                1952.14             215.977             59.185              71.9637             
135000              7100                1706.39             460.897             56.6147             66.8224             
260000              7500                1475.44             540.246             1110.98             0.683328            
271000              6400                3855.51             354.05              3066.46             68.5003             
313000              8000                1313.13             127.152             1925.43             27.2681             
270000              6700                1956.61             643.314             993.513             55.1554             
175000              9150                1351.87             607.796             76.787              45.5302             
78000               8200                3075.38             678.541             275.014             27.0869             
271000              8100                1838.92             208.116             10.0682             84.2509             
226000              8650                994.925             334.309             352.87              0                   
135000              9700                1068.19             602.9               310.42              35.0574             
311000              8100                1223.76             140.113             357.921             0                   
176000              6600                3931.78             973.926             1229.57             7.26711             
231000              6600                2437.31             589.495             2677.34             47.8498             
220000              6600                3237.28             525.316             1165.73             71.933              
128000              7200                2747.47             295.772             214.322             67.6662             
219000              6900                1680.05             197.185             508.802             94.1037             
136000              8450                1093.75             153.924             1493.07             0                   
119000              8900                1491.72             853.555             301.276             41.0108             
219000              6900                2403.19             276.268             194.573             24.2818             
119000              8100                1523.92             865.993             335.54              70.5456             
119000              9700                2089.26             262.843             72.8724             13.7841             
128000              6700                2332.12             369.207             694.699             100.406             
119000              8400                1632.23             666.446             779.836             64                  
136000              9450                1209.59             424.515             421.76              0                   
