370000              3650                1922.54             600.402             2551.97             150.025             
557000              2850                5050.95             418.258             2596.07             349.906             
465000              2900                4988.2              767.047             2620.86             25.6463             
362000              2800                5662                739.371             3602.58             45.0336             
462000              3200                2381.11             875.509             2372.53             367.071             
179000              3700                1990.85             838.097             1904.4              202.344             
179000              3550                2031.31             416.631             1393.19             99.1072             
471000              2900                4204.12             402.138             2882.27             161.223             
370000              3650                2012.47             578.071             2401.19             0                   
190000              3300                4681.76             733.618             3039.21             0                   
279000              3500                2371.93             721.806             2902.01             289.281             
194000              3650                3965.83             657.668             45.6987             10.853              
555000              2900                3124.87             776.99              4531.14             520.166             
356000              3450                2063.11             416.631             2423.35             67.7266             
194000              3250                2943.4              878.842             1272.28             714.483             
651000              3000                2842.53             841.784             3406.32             510.426             
190000              3500                4537.18             572.988             3237.73             61.2653             
468000              4100                2839.65             548.533             598.053             0.368873            
384000              3800                3622.12             748.78              45.7754             120.912             
190000              2950                5467.51             638.106             1713.67             247.449             
190000              2900                4376.96             508.901             3464.2              195.718             
658000              3050                4165.39             604.527             1254.16             229.062             
362000              2750                5675.18             806.827             4192.47             38.2882             
649000              2850                3859.12             539                 3833.58             236.208             
276000              2900                5183.11             524.066             2705.32             210.269             
556000              3000                3581.27             539                 4137.61             0                   
194000              3250                4004.64             959.411             140.956             54.0038             
365000              3250                2222.63             719.616             3967.44             136.629             
279000              3700                2294.32             951.813             887.729             84.0558             
278000              3850                2142.15             730.866             1453.2              0                   
474000              3000                3316.84             940.928             3712.15             449.773             
194000              3100                2634.08             840.663             2796.15             3.15418             
275000              2850                5598.76             814.402             2906.65             209.714             
190000              3450                4012.61             685.111             2680.87             382.331             
560000              3250                3140.7              627.257             770.973             461.375             
190000              3250                5469.99             799.659             1195.36             271.028             
179000              3700                2664.26             498.4               897.039             133.646             
651000              3000                3706.86             912.982             2609.49             523.579             
190000              2800                5851.47             739.371             3524.85             175.998             
276000              3050                4635.44             555.796             3486.37             0                   
652000              2900                2980.84             776.99              4812.59             448.669             
190000              2950                5416.14             935.118             1599.51             107.098             
194000              3700                2860.36             602.01              75.3993             4.82258             
190000              2850                5128.81             832.988             3591.72             687.776             
356000              3800                1946.31             416.631             2822.48             14.3097             
557000              2850                4499.6              403.905             2865.85             0                   
194000              3300                2702.78             515.92              687.306             453.27              
190000              2750                5268.75             948.747             4597.47             0                   
557000              3450                4047.24             436.766             3413.61             0                   
386000              3150                4139.47             529.39              841.103             117.122             
384000              3800                3202.21             856.598             14.5514             440.789             
270000              3800                1955.62             589.601             3013.21             150.025             
386000              3150                4767.94             667.341             191.911             120.319             
277000              3050                5139.03             868.773             1283.8              291.995             
468000              3200                2353.41             914.097             1763.06             15.1819             
642000              2900                4972.03             592.154             2438.51             432.119             
190000              2800                5069.84             739.371             4192.69             102.108             
177000              3300                3475.28             849.536             1904.3              575.551             
280000              3450                2300.71             928.45              1315.86             481.952             
190000              2950                5064.48             602.036             1846.24             64.4219             
646000              3100                2488.96             719.616             3102.32             0                   
555000              3100                2703.9              826.84              2544.49             4.02638             
466000              2900                4796.57             616.828             2550.25             577.132             
557000              3250                3954.24             370.842             3312.17             37.2681             
384000              3800                3592.69             944.207             16.3331             207.477             
386000              3150                4939.92             745.237             105.928             321.47              
557000              2850                4864.07             387.717             2799.61             496.961             
735000              2850                3842.67             613.409             3526.43             165.206             
474000              2750                4787.56             819.284             5332.96             116.385             
471000              2850                3933.9              341.836             3468.92             37.2681             
179000              3700                2595.76             421.44              965.749             351.736             
190000              3400                5020.75             919.599             257.255             551.359             
190000              3400                4555.47             906.818             523.954             777.926             
647000              3100                2931.95             458.728             2788.59             430.383             
465000              2850                4662.61             575.333             3118.44             0                   
194000              3150                4169.25             937.177             908.135             2.97032             
190000              3350                4736.73             551.525             2102.3              188.384             
190000              2800                5384.45             816.666             3974.87             674.106             
365000              3050                3119.12             782.468             2760.09             513.493             
384000              3500                3102.01             812.765             23.1927             254.382             
558000              3100                4449.17             559.668             814.1               0                   
642000              2850                5113.76             677.954             2563.79             343.292             
194000              3450                3973.37             846.693             7.80372             0                   
190000              2900                4604.87             508.901             3385.53             509.517             
285000              3250                2266.77             500.577             1420.24             408.341             
276000              2850                5031.6              747.961             3974.69             314.525             
194000              3100                2315.67             500.577             3234.8              223.915             
370000              2800                4545.7              859.893             4395.14             138.128             
185000              3250                2390.27             885.648             1645.16             572.568             
455000              3050                3725.65             659.632             4361.23             0                   
468000              3100                2243.85             500.577             3275                136.629             
194000              3700                2247.62             549.223             715.069             216.336             
565000              3800                3535.37             646.82              9.57166             0                   
560000              3100                3607.94             672.263             976.98              248.182             
454000              2750                4847.37             816.814             4992.23             14.6847             
190000              2900                4775.47             508.901             3051.55             21.4365             
650000              3150                4329.57             558.458             2513.65             90.5238             
651000              3000                4450.28             929.757             1987.36             329.291             
280000              3400                2196.65             831.807             2223.01             461.426             
194000              3250                2398.86             733.587             3612.08             4.02638             
362000              2850                5498.71             822.855             3236.84             0                   
651000              3000                3233.81             920.98              3338.2              279.542             
465000              3000                4257.27             620.489             2898.67             608.299             
384000              5000                2840.73             932.34              34.1124             317.226             
278000              3700                2060.33             416.631             1461.75             0                   
194000              3300                2882.34             604.486             547.855             297.145             
467000              3250                3115.59             580.005             956.602             440.418             
555000              3150                2337.04             500.577             3014.66             3.15418             
362000              3000                4647.59             945.931             2573.49             133.702             
372000              3200                2482.19             807.454             2039.1              436.769             
194000              3150                2553.14             947.459             2481.07             262.625             
471000              2850                3870.44             490.402             3791.55             251.002             
670000              3150                3698.39             512.248             1022.7              78.4114             
377000              3150                2636.76             916.621             2348.78             77.1253             
471000              2850                5077.95             490.402             2678.51             468.033             
651000              3000                3454.87             812.96              2740.06             673.149             
645000              3050                3230.23             580.175             2192.99             430.765             
473000              3200                4597.68             713.508             129.764             214.935             
464000              3450                2180.99             851.608             2176.95             290.102             
194000              3200                4458.3              838.87              85.0124             182.287             
647000              3250                3035.12             458.728             2956.32             157.856             
277000              3000                5103.12             638.106             1670.77             321                 
647000              3350                2994.64             458.728             2321.36             381.3               
194000              3150                3511.32             948.085             1756.73             429.385             
660000              3400                2223.54             729.077             4511.09             51.5236             
642000              3000                4323.17             877.878             2293.46             782.624             
745000              2900                3129.59             796.155             4439.67             405.574             
642000              2900                4659.57             707.652             2656.59             37.2681             
190000              3000                5419.41             913.214             1330.75             364.511             
194000              3300                2602.27             463.769             796.406             3.46089             
377000              3300                2335.03             915.674             1646.94             144.776             
642000              2850                3955.47             336.161             3359.16             37.2681             
384000              3800                3414.84             950.661             11.5472             661.601             
194000              3100                3293.7              930.123             2492.61             0                   
555000              2800                4525.87             727.31              4669                136.107             
365000              3100                2256.92             719.616             3219.66             15.1819             
177000              3400                3562.48             911.019             1184.38             525.098             
276000              2850                4603.1              914.857             4264.39             160.922             
370000              3200                2601.88             500.577             1479.1              15.1819             
752000              3100                3712.2              524.866             2052.7              121.19              
190000              3600                4299.58             641.05              2798.47             0                   
179000              3700                2549.93             416.631             1035.47             3.15418             
293000              3700                2415.11             554.031             536.176             4.83602             
841000              2950                3102.44             806.186             4263.21             279.542             
190000              3250                5193.34             943.583             1140.92             2.96189             
280000              3300                3604.09             932.263             422.46              43.6312             
280000              3750                3711.7              953.205             11.6012             74.2645             
471000              3150                4455.55             490.402             2504.57             420.675             
280000              3850                2977.72             624.401             56.3817             49.2764             
557000              2850                4380.24             336.161             2998.07             309.283             
473000              3100                4973.94             667.341             152.917             0                   
560000              3000                3106.28             823.357             3664.9              647.703             
194000              3150                4521.23             736.917             300.581             0                   
557000              2850                4338.2              336.161             3094.31             149.605             
473000              3250                4367.83             512.248             1032.2              8.17103             
645000              3150                3272.42             599.496             848.29              0                   
194000              3600                3733.47             918.151             7.80372             311.575             
190000              2900                5071.95             604.794             2917.53             296.443             
554000              4250                2477.15             500.577             1013.35             0                   
194000              3350                3232.6              676.996             96.7511             94.3158             
746000              2850                3544.96             605.56              3736.83             5.0357              
735000              2850                3763.61             539                 3623.52             52.1663             
194000              3250                2685.13             772.89              1533.77             664.178             
555000              3500                2332.53             719.616             3245.27             0                   
361000              3050                4067.67             521.225             4039                4.90611             
745000              2900                3221.35             868.487             3998.73             224.417             
190000              3550                4796.07             903.99              987.326             673.602             
277000              3100                3416.79             800.339             1416.52             545.259             
285000              3450                2292.56             500.577             3387.71             174.202             
356000              3800                1954.9              749.982             2810.62             81.376              
278000              3700                2538.97             876.675             1330.63             0.00735254          
744000              2950                3065.68             877.593             3691.4              499.448             
190000              3150                4288.89             796.191             2137.57             726.389             
276000              3200                4228.78             529.592             2961.22             471.823             
464000              3100                2750.19             816.593             2636.45             160.261             
194000              3300                2313.81             463.769             1241.52             507.989             
179000              3500                2969.95             866.987             1008.01             390.226             
190000              3250                4991.48             691.53              1156.31             357.165             
181000              3500                2887.81             947.608             1404.79             175.659             
190000              2750                5035.28             840.44              5041.02             71.6704             
469000              4100                3434.64             817.192             48.2438             148.869             
549000              4300                2370.55             763.046             828.548             38.2723             
738000              3100                2933.9              560.55              2687.17             305.405             
278000              3700                1994.93             416.631             1958.65             284.292             
652000              3150                4685.72             667.341             172.032             125.879             
555000              3050                3134.36             936.51              2467.23             626.46              
277000              2950                5605.61             869.035             1630.57             130.019             
642000              2900                4664.9              799.882             2584.06             438.722             
179000              3550                2165.52             776.583             1356.47             0                   
371000              3250                2524.74             609.119             1129.39             369.463             
565000              3450                4242.61             791.342             1.82399             338.915             
365000              3450                2285.63             953.386             1288.97             362.687             
560000              3050                3344.32             542.194             1401.63             178.99              
179000              3550                2184.78             421.71              1239.72             232.871             
194000              3700                4531.33             808.927             7.80372             495.527             
194000              3300                4293.22             865.416             85.0124             334.118             
194000              3300                2741.62             463.769             688.573             300.605             
190000              3100                4712.9              508.901             3227.42             459.435             
179000              3650                1948.96             416.631             2514.42             162.288             
179000              3650                2064.17             467.722             2344.17             0                   
