42000               2510                1768.21             159.426             8.63422             1.1173              
65000               2450                1649.7              112.334             433.331             0                   
67000               3160                1551.33             153.563             15.0513             51.0516             
42000               4250                1470.38             123.408             110.892             0                   
42000               2640                1579.57             166.792             455.449             21.5085             
42000               3890                1375.34             96.0521             478.687             0                   
42000               2750                1528.6              113.261             85.7786             24.8632             
42000               4000                1357.87             148.999             316.764             17.0833             
38000               3600                2923.83             153.71              269.64              0                   
62000               2700                1687.28             134.524             79.5214             44.3001             
38000               2740                2877.03             155.719             281.484             0                   
42000               3950                1502.92             105.291             250.537             58.9955             
42000               3700                1578.33             191.85              31.1408             0                   
42000               3580                1405.1              130.687             480.929             0                   
42000               3690                1977.06             125.439             1.48119             30.0274             
61000               4250                1492.99             124.469             65.5862             0                   
65000               2670                1495.52             136.652             441.977             9.30411             
42000               2650                2487.07             156.348             10.012              0                   
61000               3640                1504.57             131.129             44.2824             0                   
42000               2410                2153.79             156.092             508.595             0                   
42000               3170                1481.23             159.465             16.5565             35.7481             
86000               2440                1551.01             123.22              539.557             0                   
42000               2380                1603.52             126.636             546.31              25.4355             
42000               4030                1422.93             177.344             140.413             0                   
61000               3330                1380.49             114.091             161.414             9.60171             
38000               3490                2943.56             158.054             244.665             0                   
42000               2390                1843.4              143.383             377.258             34.42               
42000               2500                2118.81             144.804             229.712             0                   
42000               2980                2410.16             159.148             10.012              0                   
42000               3170                1459.98             123.181             13.0631             82.863              
42000               3000                1422.67             120.611             25.1267             46.1043             
42000               2450                1780.65             134.407             9.85554             35.7282             
42000               3830                1347.5              194.051             466.277             14.1578             
42000               3060                1499.08             152.954             11.6507             66.5755             
38000               2880                2889.23             151.951             325.878             8                   
42000               3750                1511.6              95.3524             395.519             0                   
65000               2390                1593.74             101.138             481.778             69.6269             
42000               3920                1323.41             165.803             453.601             0                   
65000               2450                1659.87             171.383             430.295             0                   
42000               4550                1930.84             125.694             8.32021             2.33154             
38000               3490                3018.31             191.282             37.6347             64.5393             
61000               4140                1499.96             148.686             94.1951             0                   
42000               2860                1608.18             152.389             20.2313             45.5176             
42000               4000                1269.78             107.945             370.759             1.34262             
65000               2440                1522.16             112.334             552.637             21.5085             
38000               3240                2969.25             176.217             178.391             47.567              
42000               3810                1406.98             170.062             315.698             0                   
42000               2420                2155.78             143.383             381.791             0                   
42000               3000                1394.53             120.611             79.3246             71.4907             
38000               2930                3066.35             173.268             48.5623             84.793              
42000               4000                1613.2              138.794             5.1263              3.28219             
38000               3120                2915.74             178.785             29.4502             103.704             
42000               2500                1682.83             114.203             407.315             69.6269             
65000               2720                1501.88             112.334             473.24              27.5501             
65000               2440                1542.78             130.094             577.224             0                   
42000               2410                2039.77             146.167             622.229             0                   
42000               2530                1646.38             135.304             28.7764             57.6818             
42000               3890                1562.69             121.489             27.8569             3.31591             
42000               3610                1855.51             131.575             1.48119             0                   
42000               3220                1304.15             141.965             340.651             79.2232             
42000               2460                1580.55             106.091             548.689             0                   
42000               2450                1696.32             148.149             14.0901             47.1006             
38000               3000                2897.86             167.489             171.98              93.46               
38000               2960                2959.17             177.883             110.855             96.2287             
42000               4060                1479.33             97.5448             268.272             50.8609             
38000               3100                2950.61             201.375             29.1757             65.5582             
84000               2440                1545.26             113.296             568.826             0                   
42000               2440                1586.21             96.7406             476.098             53.9143             
42000               4140                1325.82             136.062             341.918             0                   
63000               2440                2203.25             150.071             254.585             0                   
38000               2760                3235.62             229.747             238.465             30.7111             
38000               3440                2742.7              175.417             301.157             0                   
38000               3460                2697.68             151.118             356.457             0                   
38000               3360                3006.52             187.95              60.7055             9.54994             
63000               2460                1568.62             99.9675             574.329             0                   
61000               2380                1689.78             129.381             496.036             35.063              
38000               3290                2937.91             191.282             29.1757             87.0373             
65000               2700                1531.47             110.124             477.744             0                   
42000               2750                1577.37             168.924             53.9686             3.82008             
62000               2450                1754.96             134.524             4.27469             29.4362             
61000               4000                1257.91             102.498             413.37              29.294              
42000               3050                1922.72             134.088             174.87              0                   
60000               2780                1531.19             146.106             46.5947             0.504169            
60000               2950                1460.36             141.288             69.878              37.2714             
42000               2420                2063.53             163.037             419.787             0                   
61000               3890                1239.14             113.011             400.407             35.8896             
38000               2790                2828.43             189.402             301.049             41.3719             
61000               3780                1262.48             102.57              332.633             0                   
42000               2690                1545.81             150.698             199.65              11.4954             
61000               4020                1375.94             97.0274             417.564             0                   
42000               3030                1908.07             141.72              358.196             0                   
61000               4000                1296.15             104.32              311.151             0                   
42000               3860                1331.04             165.803             414.474             34.0213             
60000               2730                1465.39             110.607             173.365             14.8113             
38000               2740                2802.02             179.746             324.94              0                   
61000               2600                1591.99             137.219             234.185             16.1361             
61000               2440                1602.05             140.213             122.588             1.1173              
38000               2900                2826.09             213.338             116.347             85.2928             
42000               2920                1246.71             113.807             391.702             47.6455             
42000               3360                1221.46             102.943             380.058             62.015              
38000               2800                2949.3              165.801             256.945             16.108              
42000               3420                1539.4              118.347             37.7228             56.3849             
63000               2430                1792.38             127.049             414.818             23.0856             
42000               2920                1235.5              102.598             410.619             72.5949             
61000               3640                1547.85             158.916             16.9565             0                   
42000               3250                2018.54             178.823             1.48119             0                   
38000               3130                3068.59             223.266             44.7373             2.65678             
42000               3060                1378.82             120.611             55.9635             0.504169            
60000               2750                1600.59             124.248             22.6138             20.6635             
42000               3310                1371.33             131.882             87.5252             13.0639             
42000               2550                2098.77             157.541             272.699             0                   
42000               3700                1422                96.0521             319.198             54.8554             
42000               3330                1446.31             112.456             125.589             0.504169            
66000               2440                1755.46             195.347             455.603             0                   
42000               3940                1272.23             102.498             434.811             29.294              
61000               2550                1555.38             134.551             487.468             29.8454             
63000               2440                1627.3              166.792             525.369             0                   
42000               4250                1471.56             104.744             261.879             38.5997             
61000               4140                1338.97             117.257             194.931             22.9037             
42000               3780                1298.87             98.2973             484.852             81.9158             
38000               3020                2887.22             163.709             194.497             0                   
65000               2560                1659.07             101.138             395.206             12.4374             
38000               3020                3116.92             186.965             39.619              60.7421             
42000               2810                2642.46             168.902             4.5049              80.5439             
38000               3660                2999.56             216.109             37.4077             8.33429             
42000               2500                1696.43             96.7406             385.096             12.4374             
42000               2380                1584.49             103.386             568.311             25.4355             
61000               2440                1598.3              150.434             134.421             16.4686             
42000               3610                1435.69             106.673             257.1               0.406973            
42000               3970                1622.55             118.077             325.457             0                   
42000               3330                1239.56             124.073             408.386             54.303              
38000               2990                3054.93             170.357             38.9807             105.409             
42000               2420                1929.44             147.641             475.279             0                   
38000               2800                2938.29             178.707             279.151             30.5337             
38000               2800                2763.85             151.422             414.614             41.5319             
42000               3160                1376.23             120.611             120.54              35.4539             
60000               2750                1639.53             164.358             70.9031             14.8113             
38000               2970                2923.59             177.883             29.1757             68.6461             
83000               3500                1838.43             152.48              12.626              0                   
42000               3860                1469.19             95.3524             422.051             34.8565             
42000               2810                1760.45             136.295             5.67581             57.6039             
42000               3140                1612.19             97.1614             478.517             0                   
61000               3580                1360.98             102.498             182.545             0.504169            
42000               2440                1757.02             140.213             85.5947             1.1173              
42000               2920                1230.54             131.066             395.16              72.5949             
61000               4250                1448.76             102.498             94.1951             0                   
83000               3810                1830.05             119.713             36.42               9.4934              
38000               3300                2943.51             227.203             48.6164             7.32813             
38000               3410                3018.45             209.929             39.1159             42.4863             
65000               2420                2041.01             141.72              432.274             0                   
60000               2800                1479.51             114.003             137.884             42.9255             
42000               3500                1602.21             184.484             167.259             0                   
42000               3310                1712.92             135.304             8.63422             29.2665             
42000               3080                1689.28             118.677             429.509             0                   
86000               2440                1528.26             112.334             516.012             21.5085             
42000               2870                2477.47             177.62              10.012              0                   
38000               3140                2839.88             229.781             100.352             111.15              
42000               2890                2298.59             128.074             23.4847             0                   
101000              3690                1826.3              173.9               7.5511              0                   
61000               3390                1449.94             104.676             116.88              11.4822             
41000               2800                3250.05             226.995             231.124             191.211             
42000               3700                1482.56             100.671             283.021             31.6885             
42000               4160                1966.78             126.154             1.48119             6.03794             
60000               2970                1498.18             116.561             56.4422             0.504169            
42000               3000                1611.14             184.484             149.042             0                   
38000               3110                2887.6              162.728             233.967             48.9198             
42000               2610                1778.64             128.686             308.128             12.4374             
38000               2740                2792.48             174.625             465.07              20.6435             
38000               3130                2935.95             219.421             29.1757             92.4078             
61000               3890                1519.75             123.162             20.9312             0                   
42000               3890                1455.88             148.077             451.267             0                   
38000               3150                2900.64             228.816             69.1176             53.4316             
38000               3280                3085.35             171.166             52.1608             11.7982             
42000               2440                1663.07             164.035             426.314             25.4355             
38000               2970                2931.71             202.542             66.8118             0                   
38000               2870                3181.02             188.843             156.701             14.3958             
42000               2440                1754.45             112.334             462.91              0                   
38000               3020                3045.83             178.785             91.0083             0                   
42000               2720                1613.16             96.2204             447.358             31.6473             
42000               3750                1455.83             196.893             108.701             0                   
38000               2910                2804.68             151.422             350.27              56.2414             
42000               2530                1971.31             128.148             387.342             8.34795             
42000               3200                1643.57             166.792             428.482             0                   
38000               2820                2839.06             189.402             247.601             0                   
42000               3250                1268.65             111.506             318.278             44.2397             
61000               2440                1774.39             180.129             39.6345             1.1173              
63000               4160                1969.45             126.154             1.48119             0                   
65000               2440                1615.82             146.932             520.369             0                   
42000               2410                1699.51             97.7387             443.447             69.6269             
89000               2440                1712.66             195.347             471.954             0                   
42000               2840                1489.58             110.607             137.349             3.82008             
42000               4030                1342.74             96.0521             444.986             68.9527             
42000               2390                1717.07             150.06              424.655             85.1032             
61000               4000                1380.36             102.498             129.105             0                   
61000               3890                1239.39             102.57              378.722             19.0938             
61000               3890                1346.39             129.088             321.352             0                   
42000               2450                1558.57             149.074             522.363             9.42734             
42000               2390                1656.12             121.272             446.459             70.3849             
42000               3700                1531.03             144.878             381.227             0                   
42000               2450                1787.46             146.467             8.63422             97.306              
