42000               3070                1624.57             182.088             411.881             96.373              
61000               3970                1437.3              123.598             29.5411             124.225             
42000               4050                1631.43             222.661             272.947             7.04159             
42000               3140                1859.82             120.504             20.9462             71.6848             
60000               2600                3675.93             189.055             46.9754             68.7084             
38000               2660                3142.98             179.34              15.612              97.8403             
209000              2650                3270.63             210.248             31.6547             14.8417             
125000              2590                3400.38             176.549             388.888             22.948              
105000              2880                1913.4              118.458             123.618             44.1773             
133000              2670                3051.51             223.402             309.488             26.5949             
38000               3780                2567.95             178.325             81.7909             56.9637             
42000               3200                1659.86             106.001             392.834             101.022             
38000               3420                2753.58             165.149             1.67544             108.046             
42000               3940                1585.19             229.29              136.654             127.828             
122000              2880                2343.42             198.371             4.09854             14.8988             
81000               3400                1680.22             189.19              338.193             56.7128             
83000               2550                4393.27             229.997             459.33              27.4757             
102000              2640                2188.23             132.683             486.594             39.7044             
61000               4060                1479.25             106.837             60.5956             55.2073             
42000               3800                1633.9              201.339             164.899             115.707             
107000              3800                1669.6              212.166             4.60609             6.13835             
107000              4160                1666.51             194.133             4.28033             1.75173             
83000               2570                4087.38             215.947             301.846             5.59287             
42000               3680                1312.43             120.825             436.35              43.8363             
130000              2890                3410.71             227.39              1.456               0                   
43000               2710                3443                163.344             49.8508             84.6217             
42000               3550                1491.08             171.04              310.451             18.8932             
42000               3680                1935.76             109.803             242.356             0                   
108000              3020                3865.94             196.032             -3.55271e-14        62.3333             
121000              3550                1770.59             225.43              273.986             9.67115             
61000               4100                1463.98             165.922             149.11              0                   
38000               3360                2796.3              170.585             82.31               145.295             
84000               2580                3280.86             177.957             606.07              142.787             
63000               2920                1930.56             120.504             84.0176             31.0522             
38000               2650                3267.86             174.976             1.67544             43.9814             
108000              2570                3690.41             188.178             50.7357             0                   
126000              2690                2542.87             223.696             277.889             66.2682             
81000               3550                1465.25             200.126             423.913             0                   
99000               4200                1767.31             183.574             1.65789             34.8945             
38000               3270                3119.27             169.745             1.67544             36.4042             
39000               3440                1892.12             222.919             149.347             79.0651             
87000               2610                3611.75             227.673             98.6108             57.7932             
123000              3060                2050.03             158.689             2.41295             100.766             
42000               4280                1590.46             194.159             60.9264             72.4806             
42000               3910                1700.39             206.488             197.49              51.0974             
42000               4270                1437.08             108.464             354.547             0                   
42000               2710                1679.34             108.326             439.201             32.0824             
100000              2580                3640.58             229.535             306.216             0                   
130000              2680                2897.35             164.952             118.413             6.43409             
109000              2670                3675.05             228.67              -9.05942e-14        17.3002             
43000               2550                3567.77             203.685             360.629             69.7825             
82000               2770                3354.55             211.574             1.67544             125.554             
60000               2670                1809.5              203.591             579.406             6.38838             
38000               3370                2774.54             229.807             8.54306             102.379             
38000               4010                2614.06             186.857             22.7698             0                   
38000               3480                2789.97             199.007             1.67544             129.485             
42000               2610                2671.28             150.227             407.672             0                   
123000              2810                2164.45             195.615             0.425727            107.657             
61000               3910                1470.61             124.274             162.029             0.246554            
82000               3030                1734.09             119.906             145.258             69.812              
147000              2660                3345.3              222.55              180.744             0                   
130000              3010                3562.27             191.205             0.867474            0                   
127000              2630                3917.89             229.255             0                   20.3768             
104000              2930                1797.28             145.671             159.861             0                   
85000               3750                1634.26             129.511             18.1141             0                   
42000               2930                1674.37             98.0066             382.055             66.9471             
64000               2700                3134.78             166.705             217.407             138.918             
87000               2640                3519.8              227.673             75.8275             105.53              
80000               2670                1754.87             186.422             580.927             31.7545             
61000               4420                1503.32             109.521             113.748             16.1792             
65000               2670                2311.63             135.137             447.305             0                   
108000              2870                3599.27             220.205             -3.55271e-14        93.4257             
107000              3820                1755.14             151.69              5.24082             7.4977              
125000              2550                3744.22             166.124             353.407             0                   
82000               2610                3454.75             173.076             374.046             68.0693             
209000              2560                3122.58             227.092             546.526             146.017             
43000               2590                3153.35             176.628             278.124             147.897             
82000               2830                1936.48             119.021             28.3249             53.1832             
88000               2680                2020.97             229.804             394.869             11.8395             
149000              2630                3472.06             183.303             109.488             12.632              
85000               2610                2548.06             190.824             413.398             0                   
42000               3440                1405.52             96.5214             438.824             0                   
42000               2880                1739.35             101.447             416.361             0                   
42000               3860                1375.37             98.265              418.993             11.4076             
63000               2920                1618.01             139.006             537.365             90.2026             
61000               4810                1465.17             113.334             90.378              110.715             
43000               2580                3427.71             229.024             152.462             129.962             
120000              2680                2854.89             220.381             237.881             50.1814             
57000               2720                3123.05             177.742             37.0938             5.62653             
42000               3690                1641.8              175.65              138.109             121.234             
103000              2610                3783.9              217.674             245.842             38.6339             
38000               2660                3199.06             223.129             1.67544             133.271             
63000               2820                2021.93             198.696             277.353             152.103             
123000              3310                1646.77             161.635             314.681             1.65276             
42000               4420                1614.66             200.363             7.47989             27.4773             
43000               2590                3003.3              160.734             383.305             90.9665             
42000               2930                1777.71             228.554             355.117             17.8139             
42000               3200                1933.6              160.108             3.04817             0                   
67000               2590                3410.14             228.501             101.916             169.948             
86000               4130                1714.84             163.591             4.60609             0                   
81000               2690                1947.35             216.237             414.51              57.6099             
83000               3900                1359.03             119.22              604.95              3.34535             
82000               2650                2050.36             109.803             478.628             90.4177             
61000               4700                1519.67             106.821             8.72128             75.1671             
190000              2560                3091.15             228.492             550.485             122.823             
61000               2660                2046.53             108.065             404.002             51.1666             
42000               4050                1581.2              166.793             223.776             108.756             
123000              2810                1975.2              137.543             3.38809             101.84              
42000               4580                1654.51             130.636             7.54812             7.96869             
42000               2680                1786.19             176.909             461.326             0                   
65000               2860                1588.91             115.686             519.996             0.281264            
83000               3610                1398.77             138.38              426.462             6.25538             
66000               2910                1921.93             145.671             9.10772             0                   
209000              2530                3273.63             229.431             408.942             93.5777             
43000               2560                3495.99             163.64              223.755             46.9387             
38000               3180                2957.73             184.396             6.35164             128.126             
86000               2800                1966.12             174.205             176.556             123.357             
65000               2600                3130.97             213.788             256.056             142.471             
42000               4160                1645.95             217.478             181.516             34.6647             
38000               2670                3349.22             175.902             1.67544             0                   
125000              2550                3741.58             193.989             252.548             0                   
38000               3610                2742.47             163.68              75.6648             0                   
42000               3360                1813.41             209.098             2.15705             10.8557             
61000               3770                1433.36             146.374             294.279             60.8017             
60000               3850                2165.23             179.141             1.65789             88.9115             
42000               2980                1882.56             120.982             3.04817             0.0526078           
42000               2650                1756.31             203.987             528.737             47.6704             
59000               2880                2225.76             221.449             4.09854             65.2552             
61000               4450                1607.15             158.575             4.6702              101.245             
42000               2620                2343.48             114.29              439.485             27.5806             
83000               2850                3210.72             165.19              1.67544             38.9864             
61000               2890                1892.53             221.511             109.686             55.235              
167000              2600                3626.84             199.232             7.33623             69.0775             
61000               4440                1546.66             110.362             29.9308             85.1489             
105000              2650                1932.47             113.296             560.37              54.8748             
109000              2800                2169.39             170.645             276.962             94.2899             
63000               2890                1864.45             160.185             40.6746             65.0437             
165000              2630                3392.63             205.523             192.829             0                   
78000               2600                4128.92             210.532             233.872             42.9144             
86000               3690                1534.76             207.734             320.61              0                   
111000              2600                3561.71             196.64              75.485              120.525             
65000               2730                3066.15             162.299             249.434             84.6054             
110000              3680                1768.51             185.992             344.42              0                   
42000               2600                2791.34             199.99              428.302             16.8498             
42000               2650                2046.61             112.768             556.825             90.4177             
104000              2890                1599.44             168.471             580.892             0.115843            
79000               4350                1471.24             106.734             125.332             124.153             
61000               3770                1332.27             161.738             395.152             74.2927             
42000               4470                1586.12             131.292             1.65789             90.7564             
61000               3480                1348.91             149.205             513.202             0.672778            
104000              2950                1928.61             178.877             2.41295             121.594             
38000               3290                2520.52             229.871             200.193             101.34              
83000               3430                1499.9              166.635             522.886             18.9644             
42000               3740                1754.24             124.357             98.6718             91.4372             
81000               3390                1862.84             121.174             57.9988             2.544               
91000               2820                1992.89             214.818             289.896             32.0824             
60000               2850                1658.46             229.755             369.704             87.8191             
60000               2680                1730.91             183.047             623.117             0                   
42000               4550                1344.51             122.063             337.43              32.6737             
61000               3810                1544.29             111.76              6.12001             0                   
38000               3920                2629.79             171.83              3.79752             12.3271             
83000               3550                1466.32             150.467             424.002             26.5715             
42000               4610                1399.59             143.738             323.609             43.8058             
78000               2760                3128.59             176.909             78.2984             0                   
38000               2740                3243.84             216.331             8.2112              0                   
62000               3290                1690.38             217.624             402.932             0                   
38000               2650                3236.72             189.022             8.2112              129.296             
130000              2560                3721.02             215.769             157.024             30.4963             
102000              2580                3401.15             174.757             438.121             50.4271             
42000               2980                1644.15             97.5876             437.681             86.3214             
42000               3800                1752.15             221.834             177.56              0                   
86000               2590                3267.25             195.347             209.25              85.4729             
123000              2810                2034.58             174.676             3.38809             73.916              
60000               2670                2871.5              218.852             323.181             0                   
42000               2620                2418.73             128.861             342.536             0                   
151000              2580                3068.32             209.455             515.751             118.104             
80000               4030                1832.38             202.889             1.65789             86.5603             
155000              2660                3862.57             228.572             -4.26326e-14        44.221              
105000              2620                2109.19             188.875             515.796             29.9359             
155000              2660                2976.15             189.591             10.6268             2.88758             
124000              3060                1573.88             191.479             529.867             12.3033             
65000               2590                3033.43             162.299             365.317             121.633             
42000               4410                1520.41             136.613             306.605             2.30501             
85000               3970                1549.77             178.324             4.18348             125.082             
42000               4410                1596.76             226.876             146.97              0.18034             
39000               3500                2004.78             220.072             85.3325             51.3583             
42000               2780                2194.87             224.316             131.036             115.567             
144000              2670                3497.74             169.176             301.115             3.33959             
43000               2550                3617.36             174.306             354.783             99.5023             
61000               4280                1521.01             136.684             3.884               124.225             
84000               2750                3011.17             229.115             34.5644             6.41834             
42000               4330                1630.54             138.91              1.79938             26.4986             
42000               2700                1699.35             127.533             492.155             54.4638             
108000              2610                3440.7              171.756             13.219              20.9609             
42000               2920                1735.26             139.59              26.8841             31.0104             
112000              4040                2082.74             196.165             1.65789             68.5129             
81000               3480                1394.91             119.22              604.293             0                   
42000               4050                1863.33             118.896             1.65789             21.5047             
42000               4110                1849.97             120.778             1.65789             75.131              
42000               3880                1318.96             130.677             440.902             3.34535             
