95000               3600                2421.01             169.112             0                   32.1953             
95000               4380                1664.69             115.42              392.549             14.5149             
95000               3210                1726.92             169.2               362.878             50.7484             
144000              3810                1432.44             119.996             169.115             50.9083             
95000               3450                1651.18             124.959             431.725             0                   
144000              4050                1465.11             166.1               95.3946             3.73724             
95000               3900                1519.84             158.348             175.457             27.7117             
144000              4050                1357.83             111.681             260.127             18.9712             
144000              4350                1492.87             123.163             81.6905             0                   
144000              4350                1578.64             175.645             56.9285             0.631311            
144000              4050                1316.75             130.984             195.551             39.4131             
121000              3390                1984.3              130.043             51.7602             12.9808             
95000               3390                1948.59             166.193             105.158             17.5299             
121000              3150                2265.17             168.619             2.52289             50.5312             
95000               3240                1906.12             149.167             15.6656             58.1475             
144000              3510                1603.71             151.733             223.747             0                   
95000               3120                2009.52             157.476             3.08382             50.5312             
95000               3300                1713.7              136.154             201.385             47.2939             
119000              3300                1646.31             122.147             431.725             0                   
120000              4020                1730.65             119.279             281.592             31.5941             
95000               4050                1421.86             129.972             202.985             36.9689             
95000               4050                1713                156.915             3.68929             43.9611             
95000               3180                2397.27             172.082             247.834             0                   
144000              4410                1568.21             116.944             255.264             0                   
95000               4260                1870.31             118.746             21.7719             0                   
95000               3240                1714.59             151.891             332.711             5.87221             
146000              3690                1864.81             129.91              204.755             12.1992             
119000              3120                1962.36             126.35              254.047             44.3514             
144000              3960                1608.47             161.396             74.1945             47.1276             
144000              3570                1408.87             133.661             365.11              0                   
95000               3090                2395.34             183.753             0                   43.4724             
95000               3810                1792.58             154.366             3.68929             49.5936             
95000               3300                1664.35             122.147             435.738             47.9788             
95000               4680                1561.15             115.42              390.839             24.7923             
95000               3240                2046.12             130                 26.1257             28.2293             
95000               3120                1761.47             139.169             345.502             55.8314             
114000              4320                1773.45             120.445             25.5804             0.095417            
95000               3630                2014.61             128.052             25.1633             0                   
95000               3150                2545.76             168.573             0                   0                   
95000               4050                1659.99             161.554             2.99461             28.4384             
95000               3120                2270.13             204.748             0                   22.6982             
119000              3690                1567.68             126.386             359.022             22.9178             
121000              3240                1901.45             166.954             27.8433             47.2939             
144000              3750                1272.2              143.487             158.759             46.5322             
95000               4410                1604.66             121.187             89.8854             25.4531             
95000               4050                1542.92             145.588             69.624              50.356              
119000              3240                1791.69             122.147             272.514             0                   
95000               4350                1558.47             119.939             337.254             42.4996             
144000              3960                1677.54             172.217             46.1245             42.0438             
95000               3480                1982.95             133.605             2.35123             42.2706             
95000               4290                1597.58             119.939             459.857             0                   
144000              3960                1485.36             116.102             76.3556             25.0437             
144000              3570                1334.77             143.487             236.797             22.7371             
129000              4110                2354.03             147.311             3.99582             4.81773             
144000              3810                1204.26             106.671             332.15              50.0945             
144000              4200                1475.82             116.879             135.507             3.07462             
95000               4710                1718.3              106.671             334.773             0                   
144000              3810                1494.99             115.944             96.9211             40.0805             
95000               3120                2210.4              144.721             97.1478             47.6654             
95000               4110                1554.69             129.078             32.7304             41.7134             
95000               3120                2123.18             125.252             123.608             47.6654             
144000              4200                1275.9              122.88              257.681             0                   
144000              3630                1829.46             124.685             172.01              33.2585             
95000               3090                2328.51             173.908             35.459              35.7932             
95000               4410                1712.45             172.782             2.09015             0.631311            
95000               3870                1963.76             121.587             76.5657             46.665              
95000               3870                1468.16             145.588             267.92              50.356              
95000               3570                1981.6              141.952             4.08078             14.1669             
144000              4350                1461.01             136.269             79.9844             26.2494             
144000              3570                1524.8              146.968             209.529             52.9131             
95000               4710                1669.17             119.09              261.72              31.3384             
119000              3960                1291.97             148.168             260.808             21.3595             
144000              3660                1393.03             163.32              121.942             47.9809             
144000              3960                1513.32             169.084             237.106             9.63866             
95000               3390                1752.78             120.445             313.266             0                   
118000              3240                2037.42             129.252             9.11667             45.1218             
95000               4410                1616.95             121.187             42.2933             5.12125             
95000               3180                1749.19             137.688             401.629             50.7484             
95000               3330                2406.48             189.644             0                   10.6122             
95000               3240                1821.08             120.445             246.825             0                   
119000              3480                1818.7              148.005             193.86              15.7922             
95000               3120                2330.59             156.467             164.244             3.38197             
95000               4350                1665.74             139.695             5.48998             18.3175             
95000               3120                1938.98             187.928             261.658             50.7484             
95000               4500                1591.26             119.933             273.72              49.6864             
95000               3240                1752.43             122.007             329.652             58.2211             
119000              3120                1957.71             141.606             227.807             50.7484             
144000              3660                1314.65             143.487             138.573             22.7371             
95000               3480                1726.27             120.445             336.724             26.8638             
119000              3120                1779.26             125.037             331.383             50.7484             
144000              4200                1442.33             119.349             83.6821             46.6331             
144000              3630                1253.43             143.487             220.697             39.3754             
95000               3450                2079.02             129.318             115.827             0                   
144000              4200                1374.47             118.073             131.916             35.2317             
144000              4140                1834.88             121.076             53.081              8.72279             
95000               3210                1816.45             175.044             371.126             0                   
95000               4530                1743.13             110.976             374.5               0                   
144000              4200                1578.94             150.666             54.9536             26.5021             
95000               3120                2054.31             128.734             273.5               10.8796             
144000              3900                1633.98             154.478             87.9823             1.34138             
144000              3960                1340.93             113.297             282.262             0                   
75000               3270                2268.43             204.748             0                   42.2228             
144000              4200                1475.9              166.428             75.473              26.2494             
95000               3090                1844.56             208.345             417.882             82.7949             
95000               3780                1602.91             121.587             335.323             48.3688             
95000               4230                1749.62             153.794             74.6423             0                   
95000               3120                2256.14             209.879             0                   35.3227             
95000               4260                1556.04             128.51              340.112             0                   
144000              3960                1655.99             176.986             51.4127             25.0437             
95000               3870                2412.41             177.705             2.02                0                   
120000              3660                1874.54             125.427             112.357             45.0629             
95000               4020                1548.99             122.147             69.6646             20.2859             
95000               3180                1896.38             125.037             360.988             31.3559             
144000              3720                1255.61             114.585             339.348             33.6557             
95000               4860                1608.95             114.513             329.304             39.1907             
95000               4260                1526.49             123.279             429.184             46.125              
95000               4710                1623.77             116.213             329.304             5.91499             
95000               3180                2377.71             194.745             0                   35.3227             
118000              3090                1894.72             235.478             370.069             50.7484             
75000               3210                2463.87             228.228             17.705              63.9317             
95000               4200                1748.51             119.538             5.76079             27.5679             
144000              3960                1539.9              138.932             64.0833             50.8739             
95000               4170                1550.78             139.043             448.109             0                   
120000              4650                1634.79             118.474             313.766             0                   
95000               3420                2163                177.603             0                   50.8588             
95000               4410                1908.03             114.307             260.265             0                   
95000               3150                2002.37             130.168             80.8102             56.255              
121000              4080                1716.22             123.497             226.316             5.40132             
95000               3960                1669.22             180.94              305.37              0                   
95000               4110                1574.49             125.972             112.587             0                   
144000              3510                1520.6              169.052             300.019             0                   
95000               3210                2080.13             160.574             325.669             4.53057             
95000               3270                2269.28             204.748             0                   2.42892             
150000              4110                2437.18             142.022             3.35123             0                   
95000               3150                2500.21             168.492             0                   13.4235             
120000              3810                1959.85             127.617             97.2935             0                   
144000              3900                1161.14             116.069             301.655             15.1253             
144000              4200                1397.6              152.66              97.3743             3.73724             
95000               3960                1453.39             145.588             176.102             50.356              
144000              3810                1349.69             134.985             300.399             50.0945             
121000              3090                2368.89             173.908             0                   50.4344             
144000              3960                1217.82             106.671             328.919             3.74663             
95000               4140                1570.34             126.386             503.662             0                   
95000               4350                1854.12             192.684             2.76956             24.7836             
95000               4200                1783.58             118.979             22.84               50.7826             
95000               3120                2101.35             204.748             2.52289             50.5312             
95000               3120                1773.84             154.277             327.069             22.9266             
95000               3120                2003.99             125.037             270.11              39.9614             
95000               3120                2033.5              153.992             246.671             50.7484             
95000               4620                1774.02             106.671             334.773             16                  
120000              3720                1890.86             166.257             178.729             12.1992             
121000              3150                1985.31             135.829             46.5294             50.5312             
95000               3480                1654.58             135                 391.563             51.805              
95000               3270                2083.57             187.27              2.35123             15.648              
144000              3660                1627.89             174.613             209.478             0                   
95000               3690                1545.36             126.386             414.942             22.9178             
95000               3120                2640.43             194.786             49.2187             0                   
95000               3390                2460.1              160.6               0                   0                   
95000               4470                1772.91             117.042             211.621             18.62               
95000               3210                2509.87             164.624             137.921             2.69748             
144000              3960                1313.42             182.607             298.201             0                   
119000              3090                2142.33             177.603             42.7389             55.4616             
144000              3900                1367.64             167.8               328.919             0                   
95000               3120                2386.56             159.035             143.426             26.3791             
95000               4170                1818.37             116.37              162.812             48.2466             
119000              3210                1909.91             164.459             302.855             36.3881             
119000              3210                1832.48             205.9               348.384             13.6228             
119000              3330                1672.11             122.147             289.633             20.2607             
95000               3360                1751.14             149.167             76.0775             40.6194             
95000               3090                2376                169.248             43.3238             50.604              
95000               4500                1848.31             161.106             2.76956             5.10389             
95000               4500                1737.28             119.538             5.76079             0                   
95000               3120                2633                174.629             103.651             0                   
95000               3120                2076.01             125.252             208.853             22.9545             
95000               3120                2248.68             195.803             198.451             0                   
119000              3570                1655.93             150.381             322.91              13.6023             
120000              3660                1826.46             173.014             133.712             0                   
144000              3750                1425.41             166.356             138.573             18.9905             
144000              3750                1576.04             136.092             120.861             0                   
144000              3870                1217.34             131.055             373.723             44.6302             
95000               3240                2149.22             166.396             59.9051             0                   
95000               4080                1550.23             119.933             443.527             48.3361             
95000               4200                1626.93             166.302             5.76079             10.1729             
95000               4110                1831.39             114.905             290.577             50.9917             
144000              3780                1242.01             123.111             423.459             41.4749             
119000              3210                1861.71             147.569             319.723             28.028              
95000               3330                1981.66             172.957             237.027             0                   
95000               4350                1986.98             170.032             2.0715              7.6239              
95000               4170                1536.69             130.258             422.73              23.8241             
144000              3480                1421.29             133.661             380.542             8.49542             
144000              3960                1307.02             108.027             274.123             50.0945             
167000              3630                1451.58             188.955             143.793             51.5416             
95000               3210                2000.83             176.655             315.138             26.8253             
95000               4770                1804.88             119.524             294.971             0                   
119000              3360                2130.36             128.052             36.069              0                   
119000              3960                1216.76             111.574             340.909             0                   
95000               3270                1809.38             128.526             10.7228             22.1954             
144000              4200                1375.64             142.33              153.034             17.3396             
95000               3540                2086.31             152.052             26.1257             0                   
95000               3120                2543.86             190.221             161.491             0                   
