78000               3120                1612.61             140.351             63.1425             41.0656             
104000              3630                1307.09             149.432             373.056             23.6798             
104000              4410                1375.68             114.216             478.328             15.9326             
104000              3690                1226.66             126.975             447.621             48.1279             
104000              4200                1749.39             137.933             11.8833             20.7581             
85000               3750                1311.23             143.374             460.882             47.4236             
195000              3210                4504.19             214.374             4.29246             0                   
146000              3300                2361.15             130.416             90.9389             11.4946             
78000               3210                1730.14             165.224             33.5253             0.953722            
85000               4170                1310.69             136.232             516.504             47.3316             
124000              3150                1595.64             156.954             519.442             0                   
85000               3210                1994.49             175.571             473.642             0                   
85000               3810                1223.76             133.459             567.823             41.9368             
104000              3960                1724.9              136.248             11.2386             44.9016             
120000              3180                2176.95             117.458             418.446             41.8046             
104000              3750                1316.94             107.137             210.927             37.1546             
170000              3060                1615.81             184.972             482.249             22.8062             
85000               4500                1381.77             126.191             425.285             0                   
144000              3060                1720.09             146.258             478.681             52.6544             
170000              3060                1837.98             184.125             356.442             30.5906             
85000               4470                2294.13             168.586             56.6212             0                   
144000              3150                1472.57             132.625             501.081             5.95463             
124000              3090                1617.03             155.573             94.6521             27.4127             
104000              3270                1499.03             126.672             88.6043             52.2354             
85000               4380                2496.88             152.529             18.8523             7.01562             
85000               4260                1266.9              102.803             547.238             49.9617             
85000               4260                1265.17             132.828             610.457             0                   
170000              3150                2581.41             156.441             13.7195             14.0593             
85000               3150                2218.54             186.198             236.612             0                   
85000               4350                1257.6              126.191             550.957             15.9894             
85000               3300                2923.7              192.064             15.8579             48.639              
78000               3210                1523.69             138.302             134.477             0.412702            
104000              3870                1451.05             133.333             125.62              0                   
104000              3600                1503.51             176.073             146.641             17.7877             
106000              4410                1369.52             124.625             568.416             0                   
170000              3210                2372.64             132.625             249.249             0                   
170000              3030                1820.76             129.641             476.503             52.6544             
85000               4290                2356.73             161.662             122.01              0                   
85000               3780                1959.72             137.824             5.79381             33.9417             
104000              3810                1596.3              113.614             155.154             8.25907             
85000               4110                1636.66             159.815             355.676             0                   
85000               4470                1360.23             122.32              620.514             0                   
85000               3480                2066.54             176.664             5.79381             39.4322             
85000               4170                1247.91             132.828             610.13              20.5134             
104000              3120                1328.43             139.154             257.709             62.6142             
120000              3180                3269.29             186.468             0                   2.80812             
170000              3150                2295.36             168.41              81.9921             0                   
170000              3150                2908.03             174.277             7.93203             0                   
85000               3480                1714.1              185.027             546                 0                   
85000               3150                2129.86             190.317             353.197             0.483572            
85000               4470                1673.73             149.718             360.859             0                   
168000              4470                2225.67             174.548             3.71806             0.107185            
149000              4170                2320.86             135.932             11.9368             0.107185            
110000              4620                2228.78             145.196             3.5138              0                   
120000              3030                3085.46             194.594             14.4118             14.8598             
150000              3090                1672.8              155.425             417.082             0                   
125000              3420                1721.56             143.22              624.434             0                   
170000              3180                1618.11             116.233             552.331             13.5994             
170000              3060                1512.68             132.625             523.395             51.4411             
85000               4560                2413.47             149.914             71.2215             0                   
120000              3240                2486.97             133.783             159.408             0                   
78000               3120                1482.28             129.211             85.7867             31.5594             
144000              3090                2273.26             145.572             362.283             0                   
85000               4260                1336.05             151.716             476.222             0                   
120000              3240                2155.26             121.778             449.197             0                   
170000              3150                3076.56             200.323             0                   23.7161             
104000              3420                1269.02             113.5               278.339             39.2159             
144000              3450                1576.68             114.755             522.176             0.163363            
78000               3120                1689.52             182.195             62.3054             51.1071             
104000              3120                1327.32             170.7               300.517             62.4265             
104000              3960                1680.66             159.403             19.9177             16.001              
85000               3390                3025.97             212.848             15.8579             0                   
85000               4110                1319.76             102.803             493.651             13.0302             
104000              3420                1315.01             112.112             233.913             47.5707             
110000              3600                2612.5              144.244             7.3                 54.7897             
170000              3090                2112.56             148.91              353.388             7.66709             
104000              3630                1219.62             134.247             381.697             59.5443             
120000              3180                2628.83             133.783             47.1544             0                   
104000              3090                1723.79             155.573             42.804              48.3888             
170000              3030                1606.74             128.992             585.497             0                   
143000              4470                2363.6              127.957             13.2902             47.4222             
104000              3480                1253.48             112.798             372.883             52.6066             
170000              3150                2509.68             203.012             14.0261             0                   
170000              3300                2503.06             195.623             7.85239             22.3837             
170000              3270                1464.81             132.625             546.965             0                   
85000               4050                1206.23             144.326             484.276             41.2541             
170000              3120                2056.11             197.709             379.537             0                   
170000              3240                3014.6              198.462             7.79494             3.3155              
120000              3420                2610.13             153.735             47.1544             0                   
143000              4620                2345.65             129.659             13.6214             32.2446             
120000              3030                3073.35             194.594             14.4118             52.299              
104000              3420                1585.1              129.211             42.804              46.3008             
170000              3060                1772.59             132.625             385.801             26.4322             
85000               4020                1956.26             168.126             1.25165             30.5714             
85000               3300                2345.03             174.041             253.933             0                   
170000              3150                2855.55             200.323             0                   48.4305             
85000               4140                2436.32             178.223             127.504             0                   
85000               4230                2489.18             155.536             0                   0                   
129000              4380                2564.08             132.219             47.5846             28.4534             
104000              3750                1332.11             107.137             208.681             50.0762             
85000               4410                1609.23             189.727             419.38              0                   
124000              3750                1723.51             173.259             10.1123             50.8581             
120000              3090                2709.71             215.995             37.2423             21.3893             
85000               4230                1275.34             120.697             620.265             47.3316             
120000              3030                2891.59             182.985             80.6196             0                   
85000               4500                1925.02             189.727             305.868             0                   
78000               3120                1548.52             129.211             66.948              15.1671             
144000              3060                1791.87             174.022             518.925             16.4751             
78000               3270                1377.77             145.047             194.804             21.5081             
104000              3420                1264.04             170.7               313.054             63.4899             
78000               3120                1339.61             126.672             194.804             52.6301             
85000               3300                3019.7              199.675             15.8579             39.0891             
104000              3750                1374.18             109.344             188.541             19.1924             
85000               4260                1452.97             102.803             429.664             0                   
78000               3210                1718.14             183.682             56.329              0.319776            
78000               3360                1637.36             172.721             61.8349             39.2367             
85000               4110                1514.64             120.081             402.249             11.8461             
104000              4020                1488.22             116.008             204.921             0                   
78000               3360                1512.7              135.68              66.948              50.3195             
78000               3210                1364.12             122.892             168.36              38.5505             
85000               4110                1303.82             102.803             527.501             44.5893             
170000              3360                1845.15             154.293             418.831             0                   
104000              4110                1699.51             144.321             11.8833             31.0805             
85000               3150                1681.76             146.648             542.458             1.31452             
85000               3930                1254.57             132.828             605.111             38.1705             
170000              3060                1618.43             116.233             503.431             27.6155             
170000              3060                1651.05             116.233             431.014             0                   
85000               3450                3036.56             199.675             15.8579             26.1823             
85000               3900                1237.47             133.459             502.757             49.9781             
170000              3390                2871.94             200.323             0                   31.0969             
104000              3690                1982.81             124.177             538.335             0                   
85000               3780                1979.36             156.434             4.54216             22.1354             
144000              3060                1697.62             174.022             513.407             52.6544             
110000              3600                2692.03             144.244             7.68827             10.3598             
104000              3630                1647.43             124.724             60.3654             0                   
110000              4320                2579.46             135.812             3.43088             0                   
104000              3600                1272.56             133.832             194.781             47.5707             
78000               3120                1663.65             158.045             92.103              14.1698             
104000              3360                1723.76             184.598             34.9465             22.8056             
170000              3030                1874.5              156.116             434.549             39.3475             
170000              3300                2467.6              164.649             9.23256             32.7366             
120000              3030                3091.89             194.594             14.4118             0                   
120000              3090                2666.69             183.055             28.4535             27.0533             
120000              3090                2618.19             143.787             87.3168             51.8573             
144000              3150                1590.4              116.233             503.705             37.8943             
85000               4080                2485.63             174.238             -7.10543e-15        50.4764             
104000              3750                1476.81             173.782             149.313             39.7108             
110000              3330                3060.11             184.135             0                   52.0638             
104000              3450                1438.86             113.426             162.442             27.5014             
85000               3840                1877.05             141.655             35.4727             48.7303             
170000              3330                2910.74             182.669             0                   51.8483             
85000               3900                1289.49             143.142             428.584             25.6745             
104000              4200                1893.28             168.409             0.636456            14.3864             
85000               3630                2026.42             163.117             9.38884             51.206              
85000               3360                2337.49             143.056             283.963             0                   
133000              3480                2847.53             237.026             7.20451             13.791              
110000              4320                2569.53             132.219             7.74484             28.4534             
85000               3540                3076.17             199.675             15.8579             12.4917             
85000               4260                1244.12             126.191             550.957             27.5146             
85000               3810                2633.84             198.443             124.888             0.163837            
170000              3060                1567.35             139.334             537.622             11                  
144000              3030                1704.26             116.233             513.407             52.6544             
110000              4290                2633.43             132.219             26.5788             48.0649             
170000              3450                2392.93             130.416             77.0497             0                   
85000               3270                3126.18             200.696             62.0269             0                   
85000               4350                1421.8              113.405             449.415             52.5169             
212000              3240                4764.9              209.878             0.819247            0                   
170000              3030                1788.8              195.941             484.883             0                   
78000               3210                1720.74             165.224             24.1131             25.4455             
85000               3210                2024.85             130.014             450.87              0                   
85000               3150                2448.71             171.296             174.115             0                   
170000              3060                2024.59             176.403             312.607             16.7141             
168000              4380                2212.08             126.066             45.995              0                   
170000              3090                2378.85             199.816             290.47              0                   
125000              3120                1363.34             144.883             163.065             44.4684             
125000              3090                1326.71             130.007             278.129             51.5432             
144000              3030                1655.49             116.233             522.678             0                   
168000              4290                2421.6              142.378             12.9067             0                   
104000              3870                1647.02             124.023             74.1685             13.7772             
168000              4380                2412.43             184                 3.02                13.7688             
120000              3090                2629.82             138.218             48.8644             27.0533             
104000              3990                1345.13             129.769             609.38              0                   
168000              4380                2296.79             126.066             3.71806             10.0594             
144000              3390                1644.27             116.233             384.785             0.849433            
85000               3930                2741.19             173.708             0                   0                   
104000              3720                1633.29             171.872             53.9533             0                   
104000              3030                1749.6              170.129             34.9465             36.0484             
144000              3030                1811.53             158.432             473.85              37.3934             
125000              3060                1907.31             187.985             33.3918             43.8693             
104000              3450                1510.21             140.287             162.442             9.28531             
101000              3180                2314.53             124.108             328.972             0                   
170000              3210                2511.03             144.649             49.5613             52.3838             
170000              3060                1618.01             176.676             524.311             3.50987             
78000               3360                1571.05             147.951             81.9501             0.953722            
85000               4410                1371.21             102.803             545.688             2.63015             
85000               4200                1415.99             102.803             490.518             34.5169             
78000               3120                1371.61             126.672             160.958             21.7196             
125000              3120                1383.65             128.98              143.059             44.4684             
78000               3120                1545.77             129.211             74.8418             50.0399             
78000               3210                1532.23             149.309             132.953             9.43383             
