172000              2800                1912.44             609.885             183.666             0                   
172000              2250                2507.63             525.923             538.541             64.9086             
362000              2250                1542.2              330.885             1611.8              6.07107             
268000              3150                1583.84             236.838             2449.43             21.2544             
172000              2750                2229.67             452.261             834.117             0                   
451000              2700                1448.78             284.886             2343.58             0                   
272000              2700                1256.5              246.265             2375.62             62.643              
172000              3000                1234.33             572.659             1706.18             84.8062             
172000              3300                1419.48             398.108             688.607             96.3601             
451000              2950                1458.77             264.874             2023.84             91.7733             
172000              2250                2517.43             640.649             525.669             59.9405             
268000              3150                1666.85             244.365             2342.91             0                   
272000              3200                1220.79             266.54              2439.48             35.1324             
172000              3300                2205.64             681.783             1.62098             8.76813             
172000              2750                1444.56             290.551             1324.31             56.7664             
172000              2750                2496.65             526.704             560.871             21.2455             
172000              2250                1826.86             406.668             1486.78             31.342              
362000              2500                1575.32             392.739             1393.55             88.4616             
362000              2750                2109.2              549.453             868.395             0                   
272000              2950                1267.25             235.886             2467.55             23.6653             
172000              3000                2681.73             650.971             -1.13687e-13        81.9533             
268000              2750                2806.34             632.079             41.6072             64.1658             
457000              2700                3035.69             546.684             434.9               45.7389             
172000              3050                2212.57             623.388             9.85263             93.1311             
172000              3800                1735.34             479.668             390.526             81.7549             
451000              2700                1463.71             247.821             2180.97             29.6173             
172000              2800                1555.94             493.065             553.992             0                   
268000              3150                1543.61             239.346             2488.79             50.2259             
261000              3450                1326.2              418.155             1599                6.26549             
172000              2250                2422.93             626.58              595.948             94.7329             
362000              2500                1949.28             492.604             957.815             66.6755             
172000              3800                1886.94             555.304             209.23              24.851              
268000              2750                2564.8              604.346             187.964             29.5058             
272000              2950                1210.39             572.659             2448.05             87.6322             
172000              3500                1263.63             271.565             1802.06             7.57642             
172000              2500                1413.34             293.26              1812.7              0                   
172000              2500                1563.02             347.542             1691.69             95.8849             
268000              2500                1718.86             375.352             1085.16             67.8519             
172000              2250                2862.56             623.768             125.009             0                   
451000              2950                1559.65             264.874             1906.23             49.8428             
172000              2500                1453.13             529.371             1357.71             52.5993             
172000              3300                1404.99             493.065             703.094             156.604             
172000              2750                1402.64             426.298             1711.83             20.8296             
261000              3450                1286.96             418.155             1457.58             86.6483             
268000              2500                2476.72             620.471             237.186             81.3253             
172000              2500                2620.74             553.802             410.677             30.6497             
272000              2700                1291.03             306.693             2345.64             23.6653             
172000              3300                1867.69             539.916             268.547             62.5159             
362000              2500                1553.87             373.397             1607.36             0                   
172000              2800                2034.29             592.439             74.2216             53.1837             
451000              2700                1396.39             280.769             2202.84             79.5282             
362000              2250                1862.44             488.415             1202.59             92.2181             
172000              3000                2576.1              653.449             -1.13687e-13        0                   
362000              2750                1898.86             585.557             980.149             49.0293             
272000              3200                1228.53             544.558             2389.72             94.3812             
172000              2800                1633.1              465.091             474.983             76.8319             
172000              3300                1454.86             437.802             655.063             0                   
172000              2250                2943.03             690.919             72.4084             2.9239              
362000              2500                1905.81             609.782             1051.98             41.0533             
172000              2750                1255.59             544.558             1513.18             148.967             
172000              3000                1251.27             270.658             1815.71             51.8664             
172000              3300                1983.74             558.893             112.433             0                   
268000              2500                2771.37             639.377             68.0425             90.0352             
362000              2250                2033.93             531.414             1044.97             0                   
172000              2250                2120.64             429.442             883.201             26.0447             
172000              2800                2211.37             681.783             0.841567            22.1769             
172000              2750                1329.54             489.576             1625.88             0                   
172000              3250                1239.98             309.659             2035.67             32.8676             
172000              3000                1300.49             434.249             1232.35             119.244             
268000              2500                1666.39             356.902             1398.41             97.3929             
172000              2750                1821.19             473.065             742.304             167.493             
172000              2750                2900.96             629.782             92.0329             45.6046             
362000              2250                1536.57             319.48              1618.92             95.6311             
172000              3300                1621.12             574.147             486.989             85.9618             
451000              2700                1392.25             239.103             2400.11             3                   
172000              3800                2120.5              636.109             8.25911             33.381              
172000              2800                1384.48             419.025             725.444             8.40849             
362000              2250                1719.23             350.751             1364.84             0                   
268000              2500                1708.35             544.558             1010.3              92.0857             
362000              2250                1848.82             479.883             1269.12             0                   
268000              2750                1935.17             391.139             1044.17             26.2298             
172000              2750                1554.25             465.48              1135.43             169.898             
172000              2750                1488.54             465.48              1201.14             202.391             
172000              2500                1376.41             296.13              1955.09             96.2862             
172000              3500                1617.91             434.249             1328.24             0                   
272000              2950                1332.26             306.693             2316.22             0                   
172000              2750                2589.37             704.859             1.0903              86.3514             
272000              2700                1349.15             544.558             2345.34             27.2919             
172000              2750                1691.45             380.962             1107.99             20.6533             
172000              2750                2779.6              698.856             136.041             51.3144             
362000              3000                1629.97             428.897             1274.16             0                   
172000              2250                2064.84             450.818             924.287             96.7903             
457000              4100                1229.84             684.222             2521.68             2.18034             
172000              2750                2700.43             562.332             450.671             0                   
172000              3500                1370.08             347.719             1283.96             76.5099             
362000              2250                1905.96             415.575             1178.91             47.0782             
172000              2250                2726.53             584.835             286.519             79.0586             
172000              2250                2258.71             480.066             757.837             69.9413             
362000              2250                1462.2              347.408             1501.7              88.4616             
172000              2500                2831.02             709.188             178.583             0                   
172000              2500                1382.13             387.818             1833.44             39.2482             
362000              2500                1960.27             413.181             895.115             0                   
172000              3500                1267.87             258.607             1840.78             47.7337             
172000              2750                1443.75             544.558             1325.12             126.725             
172000              3800                1869.92             536.813             226.181             0                   
172000              2250                2717.36             690.914             267.21              33.7985             
172000              2250                2503.37             600.12              691.427             0                   
172000              3250                1442.63             376.11              1447.32             28.498              
172000              2250                1901.74             400.259             1087.39             86.435              
362000              2750                1916.16             461.951             918.254             64.7298             
172000              2800                1927.76             603.964             165.739             159.325             
172000              3300                1492.27             404.947             615.818             49.3264             
451000              2700                1362.75             244.957             2464.99             36.3641             
362000              2500                1497.28             319.48              1658.22             72.5799             
172000              2750                2425.41             599.028             401.36              96.3826             
172000              3050                1904.22             514.169             301.502             39.6125             
272000              3200                1240.24             684.222             2391.92             61.5963             
172000              2250                1790.71             422.174             1477.24             95.654              
172000              2750                1231.13             327.435             1856.37             84.9213             
172000              3300                1453.99             493.065             654.103             114.047             
272000              3200                1241.85             275.772             2025.44             67.1601             
172000              2500                2157.51             556.947             673.634             87.4675             
269000              4400                1240.44             528.162             2733.58             25.2912             
272000              2700                1274.37             572.659             2374.93             83.1151             
172000              3250                1841.64             411.695             1046.42             0                   
268000              2500                1917.34             392.747             944.262             100.624             
172000              2750                1618.03             609.18              1069.28             95.6554             
172000              3500                1343.34             336.314             1577.43             0                   
172000              2750                2945.87             751.208             34.1441             10.7484             
172000              3550                2184.66             647.521             3.06666             47.6176             
272000              2700                1391.04             257.397             2357.58             0                   
172000              3300                1633.93             464.437             476.071             23.1512             
172000              2250                2708.45             577.344             322.96              0                   
172000              2750                1231.92             572.659             1855.59             130.344             
451000              2700                1380.48             280.769             2306.39             44.87               
272000              2950                1204.93             266.54              2453.5              69.1601             
172000              3000                1289.27             308.042             1369.29             83.7625             
272000              3200                1212.46             572.659             2445.97             59.0898             
362000              2250                1728.98             427.904             1319.06             65.6986             
362000              2500                1760.02             584.76              1190.55             14.2568             
172000              2500                2797.06             755.34              110.158             27.5872             
362000              2250                1516.57             330.885             1637.43             41.8139             
172000              2750                1517.2              306.098             1172.48             95.0572             
172000              3300                1963.65             601.982             129.813             116.617             
172000              2750                1294.22             544.558             1474.65             205.348             
172000              3550                2156.06             603.826             3.90273             0                   
172000              2500                1345.84             325.891             1964.27             52.8355             
172000              2250                2917.79             684.523             40.3302             86.5475             
362000              3000                1895.03             396.035             1155.3              0                   
172000              2800                1469.97             493.065             638.119             151.473             
362000              2250                1706.43             461.017             1436.55             14.2568             
172000              2500                1514.5              478.182             1670.67             0                   
268000              2500                2081.49             437.515             818.223             83.181              
172000              3300                1730.28             545.999             379.717             0                   
172000              3300                1416.23             493.065             693.7               37.6329             
172000              2750                2290.33             493.012             713.506             94.4975             
172000              3000                2946.21             648.309             69.4597             0                   
272000              2950                1608.1              288.342             2085.66             0                   
268000              2500                1936.19             530.57              815.566             11.6374             
172000              2750                2851.26             658.039             121.714             90.3697             
454000              4800                1257.45             528.162             3001.33             0                   
172000              2750                1242.4              572.659             1845.11             63.3213             
362000              2500                1504.31             378.02              1489.31             51.5018             
362000              2500                2145.48             610.169             891.282             0                   
172000              2250                2013.1              466.262             1254.85             43.3234             
172000              2500                1764.57             357.508             1405.07             0                   
172000              3800                2039.31             589.328             56.8659             5.89955             
362000              2250                1504.76             544.558             1440.89             88.4616             
357000              3650                1245.74             609.18              1656.4              78.3665             
362000              2750                1823.3              572.252             1140.56             0                   
269000              3200                1224.55             528.162             1943.2              129.968             
172000              2500                2264.4              531.78              459.38              0                   
172000              2800                1970.21             602.041             123.291             112.421             
272000              3200                1354.26             257.397             1906.31             0                   
172000              3800                1732.67             496.488             377.33              58.0499             
362000              2750                1703.35             346.982             1176.64             0                   
172000              2500                1938.17             539.927             875.422             132.587             
172000              2250                2244.32             566.044             792.617             26.0447             
362000              2500                1614.6              544.558             1281.81             94.2181             
451000              2950                1454.68             273.046             2198.45             0                   
272000              3200                1255.9              735.804             2376.26             8.25141             
172000              2800                1360.57             493.065             747.522             130.657             
172000              2250                2320.35             479.841             822.26              5.35086             
172000              2250                1594.76             466.514             1635.45             55.2995             
172000              2500                1352.91             318.635             1957.2              10.838              
172000              2500                2949.59             665.884             48.0721             77.4177             
172000              3000                1524.11             318.497             1342.24             0                   
172000              3000                1276.37             262.905             1773.78             0                   
172000              2500                1940.66             497.969             1299.32             81.9478             
172000              3250                1662.35             371.716             932.366             93.0734             
362000              2500                1622.19             340.923             1191.81             36.8876             
172000              2750                1270.89             291.803             1497.99             25.2323             
369000              3850                1255.68             528.162             3375.25             0                   
172000              3000                1334.75             365.46              1213.55             162.804             
172000              3550                2166.21             593.592             12.9193             93.1311             
172000              2750                2224.97             654.651             620.756             76.4772             
172000              3500                2556.28             643.735             0.738169            10.7808             
172000              2750                2188.16             628.535             764.933             29.8781             
172000              2250                2957.17             679.466             9.96682             35.4357             
172000              2800                1516.4              402.061             591.71              85.9618             
