119000              3750                1038.23             187.61              247.696             0                   
75000               3240                4631.29             238.653             347.249             0                   
74000               3750                1476.71             135.653             29.6601             49.8377             
119000              3750                1033.35             98.1746             254.477             5.07107             
101000              3120                1112.04             88.1724             372.898             3.04159             
125000              4410                3348.11             210.542             -7.10543e-15        0                   
78000               4350                3426.49             239.66              -2.84217e-14        11.0685             
119000              2760                1178.5              145.45              87.891              39.2491             
56000               3120                5447.01             186.418             310.487             0                   
119000              3510                1095.39             92.6731             127.691             10.6872             
80000               2910                4732.83             221.174             471.721             0                   
101000              3300                1291.66             225.264             2.73002             8.3927              
101000              3060                1107.66             166.618             272.812             24.5298             
60000               3000                1465.82             198.863             39.5416             20.769              
119000              2610                1234.87             168.677             257.445             30.7929             
54000               2970                1486.53             135.653             41.7451             12.6729             
36000               4050                1549.36             129.971             355.749             50.0599             
145000              4410                2984.21             236.291             -7.10543e-15        3.3205              
36000               4050                1552.58             155.393             188.405             0                   
36000               4110                3655.67             239.442             -1.42109e-14        11.6827             
101000              2610                1222.27             120.121             178                 35.6477             
36000               2970                1619.44             134.947             0                   28.5064             
119000              2880                1123.88             107.908             380.242             30.7947             
119000              3660                1087.31             125.136             108.072             15.72               
101000              3510                1325.2              177.163             7.83332             3.85633             
101000              3510                1326.43             115.254             6.15114             3.85633             
36000               4050                1701                131.011             16.0496             30.1801             
119000              3750                1151.33             161.933             143.374             9.19762             
78000               3030                1543.74             134.947             0                   40.5429             
99000               4470                3591.61             196.484             -7.10543e-15        0                   
54000               2970                1510.16             141.748             0                   22.0932             
119000              2610                1249                235.772             193.262             30.7929             
101000              2760                1173.15             220.53              50.0503             60.8894             
212000              3840                4542.89             238.96              -1.42109e-14        51.424              
119000              2700                1371.52             121.245             0                   21.3824             
36000               2910                4967.89             213.252             369.62              0                   
119000              2730                1317.87             135.673             251.972             0                   
36000               4200                1624.83             130.954             260.858             23.3136             
119000              3240                1134.89             144.147             188.348             29.5558             
101000              3090                1133.22             92.0856             371.224             19.2128             
36000               3900                1597.25             138.684             0                   0                   
82000               2970                4689.01             197.613             321.397             0                   
119000              2910                1165.05             171.259             0                   37.1913             
100000              2910                4647.84             205.302             508.233             0                   
36000               4200                1648.42             129.907             184.627             29.9616             
36000               4050                1703.62             129.907             202.717             47.8131             
119000              3510                1065.94             232.833             241.773             4.83256             
59000               4770                3773.74             234.193             -3.55271e-14        12.9745             
119000              2880                1094.57             113.056             299.268             50.9665             
169000              3930                4933.68             235.53              -1.42109e-14        5.09204             
119000              3360                1091.61             133.899             431.788             0                   
101000              2610                1272.08             130.989             166.012             47.0805             
36000               2910                4876.04             205.302             340.254             15.132              
36000               3120                5236.99             184.986             437.969             0                   
101000              3120                1096.2              208.354             347.195             4.12719             
119000              2850                1120.02             194.097             241.922             39.3948             
119000              2910                1250.32             239.947             0                   31.8288             
54000               3900                1807.53             216.167             -7.10543e-15        4.04074             
101000              2910                1144.39             106.385             387.308             21.8109             
212000              3900                4232.31             235.53              -1.42109e-14        0                   
119000              3030                1161.03             200.243             299.037             0                   
81000               4290                3506.68             206.014             -7.10543e-15        11.3497             
101000              2790                1339.38             169.638             9.72626             45.3809             
36000               4050                1764.23             130.955             0.0644101           8.7234              
36000               4050                1595.78             129.907             290.025             45.337              
78000               3030                1475.89             141.748             41.6514             2.18622             
36000               4590                3459.82             207.733             -2.84217e-14        0                   
188000              3750                5375.7              239.242             -1.42109e-14        25.2022             
145000              3030                1158.12             105.025             256.616             10.9974             
124000              2730                1996.64             216.94              84.3655             8.4698              
101000              2820                1343.55             234.62              0.0310984           35.6116             
80000               3360                4733.65             192.28              424.244             0                   
59000               2910                5408.48             237.512             63                  9.01043             
54000               3960                1538.22             163.736             364.603             0                   
36000               3750                1760.88             130.955             0                   38.2005             
36000               3750                1411.94             154.423             272.598             45.0552             
119000              2970                1098.33             102.204             249.537             41.1882             
119000              3270                1093.88             212.768             161.572             9.93237             
36000               3360                1522.7              148.838             0                   44.6677             
36000               4140                3590.43             213.969             -1.42109e-14        1.63065             
119000              2640                1248.45             120.121             43.242              36.1185             
36000               3510                1457.45             137.42              146.496             48.9121             
119000              2700                1196.96             120.121             297.15              21.1279             
170000              2940                1649.48             161.526             6.45804             0                   
119000              2610                1396.23             121.245             0                   48.2797             
59000               3210                5027.07             239.779             0.776388            0                   
101000              2790                1735.91             238.237             162.888             0                   
54000               3810                1450                135.653             85.4794             49.8377             
145000              3870                1008.37             120.212             333.311             0                   
36000               2910                5145.81             205.302             407.314             4.82622             
119000              2670                1373.54             193.491             207.633             21.1279             
101000              2790                1870.75             204.373             178.472             0                   
145000              2970                1356.07             148.724             27.3485             30.7126             
145000              2910                1498.97             154.014             110.521             0                   
101000              2640                1186.97             228.736             264.184             30.7929             
36000               3600                1766.18             130.955             0                   47.7898             
101000              3510                1107.89             105.184             335.254             3.04159             
188000              3570                5558.17             238.067             -1.42109e-14        0                   
101000              3180                1087.05             142.762             327.787             28.1879             
59000               2910                5289.64             223.036             237.106             11.0857             
36000               3660                1422.88             154.423             334.064             9.85906             
77000               4380                3856.95             222.374             -2.84217e-14        0                   
101000              2790                1369.56             169.385             304.259             0                   
56000               2970                5702.85             205.302             185.363             0                   
83000               4500                3427.56             207.733             -2.84217e-14        39.2462             
101000              2760                1252.23             220.225             0.86926             54.2728             
145000              3660                1038.34             135.502             241.773             9.43336             
119000              2850                1375.4              239.941             82.144              15.1323             
145000              3630                1105.07             87.8936             162.379             0                   
101000              2910                1184.87             198.592             48.865              56.5692             
127000              2760                1620.44             161.526             0.0310984           5.40862             
36000               3060                4650.95             233.812             328.244             0                   
95000               3210                4685.69             212.111             356.874             0                   
119000              3600                1061.52             196.145             313.485             0                   
101000              3180                1153.61             88.1724             269.156             0                   
98000               2670                1571.08             199.55              140.59              31.9978             
101000              2790                1333.56             194.097             85.6148             42.2102             
188000              3840                5752.58             235.535             -1.42109e-14        6.07701             
101000              2790                1499.69             133.915             379.072             0                   
74000               3630                1440.8              141.435             176.13              40.2417             
119000              3570                1034.72             164.451             389.008             10.4288             
101000              2790                1564.24             237.702             280.849             0                   
56000               2970                4919.42             200.488             531.024             0                   
101000              2790                1191.24             122.25              343.781             50.4654             
145000              2850                1843.64             236.964             54.2726             0                   
144000              2880                1496.44             187.729             0.0310984           8.25725             
85000               3720                1806.53             153.542             6.45804             0                   
36000               2940                5079.93             197.613             221.975             0                   
59000               2970                5099.88             208.932             0.776388            0                   
36000               2970                1573.12             134.947             0                   47.5429             
119000              3120                1251.48             234.221             67.285              2.99083             
101000              2850                1989.93             194.738             0                   0                   
36000               2910                4977.37             205.302             260.415             10.6678             
36000               4200                1661.17             129.971             352.143             14.6997             
36000               3060                1505.09             135.653             108.628             19.6729             
36000               4170                3498.64             207.733             -2.84217e-14        33.0456             
124000              2880                1668.04             217.377             0                   13.4877             
56000               2910                5169.41             228.877             211.042             0                   
101000              2760                1892.97             233.853             5.02277             5.40862             
119000              3900                1035.72             87.8936             208.912             0                   
86000               4680                3330.62             211.324             -7.10543e-15        0                   
101000              3120                1252.65             219.129             64.9016             25.2917             
54000               3120                4455.21             205.302             407.884             0                   
36000               4050                1537.34             155.393             306.019             0                   
119000              2670                1243.48             212.91              62.1716             34.4972             
168000              2730                1928.07             236.567             138.025             16.6405             
145000              3030                1298.85             115.97              3.26544             30.5847             
119000              2850                1125.76             107.908             380.242             0                   
145000              3120                1262.55             117.379             2.73002             2.99083             
145000              3330                1045.72             119.217             188.55              0                   
145000              3630                1130.69             144.115             161.871             0                   
60000               4740                3355.85             207.733             -2.84217e-14        5.15279             
82000               3270                4494.89             213.252             268.316             0                   
169000              3840                5179.82             235.53              -1.42109e-14        20.3591             
74000               3660                1444.46             135.653             116.66              49.8377             
57000               4620                3619.12             237.797             -3.55271e-14        6.89198             
36000               2970                1568.12             141.748             0                   2.3016              
57000               3870                1993.36             188.213             0                   0                   
36000               4350                1587.07             130.011             324.866             35.1724             
62000               4500                3533.22             193.535             -2.84217e-14        0                   
119000              3510                1035.98             87.9658             274.285             10.4288             
36000               3750                1445.29             141.435             89.3742             40.2417             
59000               2910                5221.87             223.036             287.858             3.95698             
36000               3900                1412.59             165.458             303.229             23.4112             
119000              2760                1211.66             210.818             0                   51.0097             
119000              2880                1264.15             102.204             215.817             21.8789             
119000              2970                1184.06             115.97              65.437              44.6688             
36000               3750                1599.44             183.934             62.1716             0                   
36000               3330                3572.19             194.851             0                   0                   
187000              3990                2368.34             238.603             -1.42109e-14        47.2038             
36000               2910                4923.73             213.252             501.775             0                   
62000               2910                4871.97             207.183             449.014             5.18039             
75000               3300                3440.33             201.321             22.8452             0                   
119000              2790                1137.48             145.45              317.922             39.3948             
101000              3570                1306.94             107.147             65.2255             0                   
54000               3210                4836.59             197.613             243.952             0.320511            
36000               4200                1677.61             130.196             250.506             0                   
101000              3120                1253.68             108.713             117.302             0                   
127000              2640                1504.57             202.186             -7.10543e-15        34.7909             
36000               3210                5014.29             237.475             218.981             0                   
36000               3900                1411.65             154.423             306.038             33.8349             
145000              3720                1013.7              147.652             346.657             0                   
36000               3300                4687.53             237.892             281.767             0                   
36000               3900                1585.48             130.865             364.603             0                   
36000               3570                1661.85             135.533             342.116             0                   
56000               3750                1398.7              154.423             361.013             41.591              
36000               3360                1457.69             141.748             180.637             2.18622             
36000               4050                3594.61             207.733             -2.13163e-14        19.5669             
188000              3840                4755.38             239.196             -1.42109e-14        50.6835             
101000              2700                1723.43             182.186             0                   20.6652             
119000              3360                1216.18             128.446             0                   0                   
101000              2730                1600.15             133.915             248.838             8.45839             
36000               3900                1547.16             133.577             355.749             38.9312             
101000              2910                1134.03             188.037             413.402             21.8109             
101000              3060                1302.19             145.632             425.46              0                   
101000              2730                1416.29             141.245             0                   55.3599             
119000              3660                1076.72             177.574             127.463             1.32944             
101000              2610                1439.43             143.695             0                   31.0474             
119000              2970                1164.8              235.53              316.649             10.7214             
54000               3510                1514.32             135.653             6.15114             19.9032             
