54000               2850                2081.88             219.333             63.1029             31.1287             
78000               3000                1713.18             228.789             0                   3.48028             
74000               4020                1703.39             117.237             55.0751             0                   
35000               3030                2508.35             220.663             110.472             0                   
81000               2700                1459.83             127.942             395.842             0                   
81000               2910                1275.25             192.536             286.168             23.3594             
81000               3210                1325.33             110.18              329.546             21.0621             
54000               3960                1796.07             117.602             5.11818             0                   
145000              2940                1255.63             113.593             199.265             10.564              
119000              3600                1053.52             104.338             59.4216             5.46327             
119000              2790                1473.58             150.784             0                   0                   
77000               2910                2325.68             177.738             13.5873             0                   
54000               2940                2005.81             205.544             116.403             0                   
119000              2880                1214.75             117.358             228.043             23.1181             
78000               3180                1904.59             173.964             0                   2.55553             
54000               3750                1264.01             131.35              367.634             0                   
81000               2730                1310.95             138.958             383.531             33.8394             
54000               2970                1511.96             137.843             5.04292             29.3243             
54000               3030                1449.92             124.821             64.8205             23.3736             
54000               3510                1759.48             172.061             -7.10543e-15        0                   
119000              3030                1207.86             208.974             209.171             0                   
77000               3000                2403.09             209.363             -1.42109e-14        0                   
119000              3510                1054.2              103.416             245.927             0                   
81000               3180                1260.07             107.381             375.715             12.7603             
54000               2970                1403.88             167.243             54.8354             0                   
119000              3270                1058.88             112.17              78.3255             27.3824             
145000              2970                1265.82             167.307             90.9904             23.3282             
54000               2910                2019.57             225.283             16.3914             10.7984             
119000              3420                979.212             224.287             172.159             15.4588             
98000               3540                1197.95             107.475             244.716             0                   
54000               3690                1820.46             117.237             0                   31.4776             
98000               3660                1158.1              134.067             229.691             0                   
119000              3480                1012.93             124.671             165.382             25.5306             
81000               2730                1453.61             207.421             355.492             27.3855             
95000               3660                1769.41             117.237             15.2869             31.4776             
119000              3210                1006.8              152.438             213.09              13.4538             
119000              3600                999.628             131.095             99.0642             0                   
35000               3600                1767.51             226.465             397.038             0                   
78000               3090                1937.45             173.964             0                   37.2184             
81000               2700                1285.34             124.11              399.58              27.3855             
164000              2760                1806.06             178                 0                   4.78623             
119000              2820                1428.9              139.707             209.274             32.1271             
35000               3180                2353.75             227.517             47.9747             0                   
35000               3210                2301.6              232.861             32.7397             0                   
54000               4050                1555.52             120.958             35.8411             2.70534             
119000              3570                1035.87             103.416             333.884             0                   
78000               2940                2136.83             160.789             52.3858             1.66079             
125000              2760                1956.61             189.164             241.39              0                   
119000              3270                1178.34             141.008             0.71534             24.4137             
119000              3450                1043.79             197.248             99.0642             2.85712             
119000              2820                1410.2              218.665             51                  0                   
119000              3360                1009.67             103.984             218.116             12.4332             
99000               2790                1589.32             172.902             94.0508             36.3755             
106000              2730                1452.44             191.682             361.527             0                   
78000               2910                2039.4              175.767             144.567             0                   
78000               2940                1742.95             153.943             64.4997             31.5178             
54000               3150                1175.28             134.047             0                   29.1474             
54000               4080                1471.17             120.958             233.53              0                   
54000               3900                1285.39             121.513             241.308             11.5153             
119000              3120                1007.97             133.209             249.997             1.89949             
119000              2910                1290.1              203.447             62.1716             24.1367             
35000               3480                2055.08             154.965             92.0773             0                   
81000               2940                1356.99             124.11              404.629             0                   
54000               2940                1561.72             155.323             79.4634             34.7087             
98000               2760                1397.85             123.876             438.177             8.26092             
145000              3030                1357.71             114.376             25.4959             0                   
145000              3090                1243.85             105.499             177.391             0                   
79000               3210                1451.59             239.67              -7.10543e-15        82.4828             
35000               3090                2708.4              194.657             10.0817             7.1133              
119000              3360                1039.68             222.322             17.0507             34.1584             
81000               2700                1509.1              145.159             335.242             39.2949             
119000              3030                1266.52             184.576             115.219             0                   
119000              2880                1546.16             188.213             -7.10543e-15        23.066              
54000               3210                1339.85             153.075             0                   0                   
54000               3450                1235.51             121.544             395.245             7.93821             
54000               3060                1228.86             194.94              94.0139             0                   
81000               2970                1314.63             209.121             287.818             0                   
104000              2760                2066.81             210.644             241.39              7.11333             
119000              3420                1184.12             110.908             0                   0                   
95000               3690                1739.78             126.034             0                   1.8346              
35000               3660                1984.9              213.54              31.7805             27.4713             
54000               3150                1174.99             184.126             2.12817             26.9493             
99000               2790                1612.44             164.314             0                   31.3044             
54000               4050                1292.52             121.513             343.418             0                   
98000               3000                1615.45             123.209             5.01164             18.2256             
119000              3450                973.823             236.348             227.553             57.7353             
95000               3990                1716.65             117.237             0                   6.19559             
54000               2910                2098.81             169.5               152.29              0                   
119000              2880                1185.92             105.801             286.678             27.9618             
119000              2940                1343.42             108.319             52.2022             7.10593             
54000               3660                1294.63             121.513             194.606             8.43175             
35000               3630                2231.11             236.596             60.016              27.4713             
74000               3570                1593.43             118.079             0                   24.7191             
119000              3030                1286.92             133.262             62.1716             34.297              
144000              3420                1183.17             168.853             0                   13.6775             
81000               2760                1629.58             133.135             334.3               1.28116             
81000               3600                1263.91             107.381             344.412             24.0488             
54000               3750                1285.14             121.544             271.291             16.5863             
119000              2880                1156.79             160.812             242.029             25.7573             
119000              3210                998.041             103.634             369.281             4.49499             
54000               3180                1130.56             171.094             177.367             28.8003             
35000               3450                1653.32             228.542             34.8258             30.0006             
74000               3150                1169.19             144.661             4.50682             11.3807             
54000               2970                2213.29             234.757             -1.42109e-14        0                   
99000               2940                2036.48             183.58              0                   0.454893            
54000               2880                1656.89             151.717             160.037             11.4077             
35000               3360                1663.21             185.567             28.0582             31.515              
107000              3090                1255.85             111.814             324.425             0                   
54000               3600                1227.77             121.544             390.595             0                   
80000               3870                1320.01             121.544             316.374             0                   
81000               2730                1345.68             179.28              367.31              3.36761             
74000               3090                1209.3              163.11              121.322             29.1474             
54000               3030                1110.47             139.263             303.593             0                   
81000               2820                1309.22             192.536             356.8               0                   
99000               2850                1704.99             188.213             0                   0                   
144000              3360                1181.41             203.009             0.433456            0                   
119000              3420                1006.38             193.546             39.6386             17.9686             
54000               3270                1086.76             139.263             359.864             0                   
54000               2910                2033.59             160.289             0                   10.7917             
81000               2790                1353.37             124.11              302.115             31.4814             
35000               3570                2178.71             234.43              75.3991             27.4713             
107000              3480                1279.07             107.381             344.412             31.1093             
54000               2970                1310.04             124.703             138.628             19.3618             
99000               2970                1215.7              216.571             266.312             16.8432             
74000               3360                1135.61             134.047             54.0924             28.8003             
81000               2700                1469.47             169.851             245.199             0                   
145000              3120                1238.69             109.861             117.549             13.564              
119000              3600                1018.79             111.473             26.4225             27.283              
119000              2790                1634.28             173.172             -7.10543e-15        0                   
78000               2850                2001.39             176.491             71.8856             31.1287             
119000              2790                1336.24             146.74              162.493             0                   
54000               3120                1107.48             153.268             374.744             2.92108             
119000              3120                992.834             103.984             293.281             4.49499             
81000               2760                1352.74             196.316             337.123             27.3855             
119000              2970                1601.15             232.457             -7.10543e-15        13.1175             
54000               4110                1853.55             155.401             -7.10543e-15        30.5058             
81000               2700                1482.89             153.801             295.915             0                   
75000               3750                1758.27             117.237             62.1716             0                   
54000               3450                1732.78             126.595             0                   31.0354             
102000              2730                1776.12             214.274             195.977             0.0706549           
81000               3450                1174.62             107.381             354.301             4.23382             
119000              3360                1071.42             237.187             0.433456            0.248001            
54000               3120                1246.12             124.703             257.834             15.0343             
54000               3270                1125.84             149.811             189.613             31.6744             
81000               2790                1391.38             181.66              293.542             27.3855             
54000               2970                1457.1              124.703             8.8783              0                   
119000              3270                1080.72             168.177             202.542             1.89949             
35000               3660                1816.56             181.851             394.66              0                   
119000              3600                1045.21             121.52              0                   0                   
54000               3120                1203.96             156.197             183.138             0                   
54000               2850                2152.15             173.964             17.305              39.5963             
35000               3600                1689.42             172.355             425.813             0                   
119000              3300                1068.2              111.473             0.71534             15.7491             
119000              3360                974.098             196.514             147.114             15.9238             
74000               3330                1108.55             132.421             359.864             0                   
35000               3660                1823.84             172.355             361.418             0                   
54000               2850                2108.89             194.657             0                   2.41468             
119000              3600                949.753             116.205             116.33              19.8597             
119000              2880                1327.79             120.732             0                   23.066              
54000               3360                1952.1              151.144             -7.10543e-15        0                   
119000              3510                1041.49             132.505             301.955             0                   
54000               3960                1842.47             161.794             -7.10543e-15        31.6055             
54000               3180                2017.91             181.053             0                   0                   
54000               3120                1160.64             208.565             104.184             30.1389             
54000               3120                1129.51             226.338             142.998             79.9413             
81000               2880                1366.14             166.319             400.533             16.6807             
119000              3450                1099.32             174.455             0.433456            0                   
54000               3120                1158.91             231.134             126.465             101.415             
35000               3660                1532.42             202.086             384.052             0                   
98000               3060                1552.99             114.376             15.1064             0                   
74000               3990                1699.77             118.72              170.824             0                   
119000              3000                1375.83             198.456             -7.10543e-15        38.3797             
95000               3780                1713.24             147.501             0                   0                   
119000              2940                1273.52             105.499             115.219             0                   
119000              3270                1185.18             212.043             174.702             0                   
54000               3510                1205.01             123.233             321.387             25.5263             
54000               3780                1681.32             120.532             62.1716             30.7114             
78000               2910                1908.61             231.894             96.4378             28.1657             
54000               3960                1670.55             120.532             0                   27.6777             
74000               3420                1146.41             134.047             138.132             22.3584             
119000              3000                1251.69             169.871             90.9904             41.3026             
99000               2880                1385.04             136.73              0                   23.066              
54000               3060                1166.58             188.58              196.686             9.44748             
98000               2820                1370.66             123.396             513.961             0                   
78000               3780                1553.51             124.679             87.127              0                   
119000              2760                1841.55             224.11              176.387             0.998893            
119000              2880                1134.11             142.073             307.352             23.8538             
75000               3120                1400.13             187.279             0                   35.7097             
54000               4080                1778.8              117.237             132.814             27.1542             
54000               3210                2129.23             233.352             -1.42109e-14        0                   
54000               3840                1770.3              118.72              153.94              0                   
119000              2790                1420.19             179.209             96.3626             4.78623             
74000               3210                1169.03             173.167             44.8266             11.3807             
119000              3360                1081.33             219.485             0                   16.8249             
119000              2880                1397.91             208.399             98.5858             0                   
54000               2940                2025.12             173.964             6.38632             31.1287             
119000              3360                1063.36             234.151             22.802              12.1931             
54000               3720                1802.95             117.237             0                   0                   
54000               2850                2153.88             169.5               49.7257             0                   
54000               2970                1257.76             135.415             167.983             15.0343             
