300000              5000                2858.92             669.569             2788.92             408.071             
185000              5200                1439.03             446.981             473.327             214.142             
285000              5800                721.49              235.414             2110.03             115.242             
290000              7100                635.046             235.528             2408.22             227.274             
185000              6500                1408.01             517.127             57.0947             12.863              
300000              6400                2104.05             679.667             0.473889            226.115             
300000              5200                1850.88             607.73              281.247             200.934             
185000              6500                1130.55             1210.11             186.166             125.815             
185000              6400                1327.79             1226.38             57.366              99.6317             
300000              5200                1740.44             491.599             410.06              111.813             
285000              8400                713.681             702.806             433.612             0                   
290000              7700                631.494             235.528             615.478             0                   
300000              5000                1221                317.777             3986.42             90.7658             
300000              5200                914.693             288.57              841.658             72.3808             
300000              6400                2010.93             586.554             10.6481             91.7274             
300000              5000                1250.31             415.498             4145.68             50                  
185000              5200                1306.14             1702.16             606.214             216.698             
290000              7100                798.058             259.586             59.9565             0                   
185000              6500                1366.23             523.32              57.366              209.932             
290000              6000                798.375             209.375             1154.04             0                   
290000              6400                677.786             235.774             118.571             202.335             
285000              5600                770.573             203.262             1874.48             0                   
300000              5000                3209.18             766.307             2436.2              513.135             
185000              5200                1184.9              375.865             704.562             10.2535             
290000              5400                676.041             197.605             1556.41             110.071             
185000              5200                2090.95             569.985             108.265             170.375             
300000              5000                2839.73             693.855             2915.53             176.24              
290000              5400                675.629             184.75              2790.53             64.6874             
300000              5800                1984.27             1561.18             2.82352             0                   
290000              5800                680.626             210.134             1077.15             56                  
285000              8400                713.586             283.611             2509.32             0                   
185000              6400                800.979             216.658             2547.45             82.7939             
300000              5000                1156.91             301.123             4239.08             137.122             
390000              5000                3143.05             679.712             2976.66             0                   
290000              6000                726.216             203.252             1173.65             132.969             
185000              5400                1956.8              543.014             250.052             40.5505             
185000              6400                1016.09             1232.26             421.766             174.794             
300000              5000                3342.81             816.91              1938.78             185.277             
285000              7100                1068.16             489.061             6.44469             45.6531             
185000              7100                951.203             335.448             380.509             0                   
185000              6400                786.885             1301.31             940.896             88                  
300000              5800                1900.97             542.53              48.9583             91.7274             
290000              5800                680.511             183.316             2728.84             173.325             
300000              5000                3444.85             841.007             1858.98             101.125             
185000              5600                1941.05             620.26              364.03              0                   
300000              5200                1533.88             604.967             510.262             200.934             
285000              7100                1103.26             368.747             1.39767             0                   
300000              5200                1084.22             356.408             639.01              153.55              
185000              5200                966.058             249.572             904.732             0.763032            
300000              5000                1309.87             288.446             3989.01             277.856             
390000              5000                3173.76             774.492             2567.41             1.65229             
402000              6400                667.719             517.461             65.8946             93.2094             
185000              5200                967.485             250.962             900.533             216.34              
285000              5400                750.859             257.357             2591.98             115.242             
185000              5400                1183.81             1676.74             702.739             0.763032            
185000              6400                811.226             1209.7              509.358             0                   
185000              5200                1053.48             303.22              817.313             132.666             
300000              5800                1814                459.62              75.8008             0                   
185000              7100                986.107             336.167             353.358             174.431             
300000              5800                1094.05             364.023             631.062             183.87              
300000              5200                970.106             1515.04             787.65              0                   
389000              7100                978.285             628.78              14.0577             0                   
200000              5200                876.679             1574.86             916.264             153.55              
300000              5200                974.84              255.005             901.322             207.381             
185000              6400                1254.93             1255.47             107.141             191.006             
185000              5600                914.939             235.778             1134.39             0                   
290000              7100                666.218             226.111             2860.41             0                   
300000              5800                1782.17             1533.7              51.0576             0                   
200000              5200                989.964             1596.02             828.347             302.764             
185000              5600                869.926             252.426             1821.48             84.2192             
185000              5800                772.165             1301.31             952.333             0                   
300000              5000                2791.62             766.307             2963.65             357.227             
402000              6400                656.433             496.401             108.668             0                   
185000              6400                1218.26             396.41              134.655             195.344             
185000              5200                831.099             209.245             2017.8              195.427             
185000              5200                2312.67             611.917             6.23527             0                   
185000              5400                878.446             1680.88             998.753             0                   
300000              5200                1994.28             558.969             362.11              0                   
185000              6200                830.085             220.468             1878.56             168.872             
402000              7700                699.342             427.401             27.1938             0                   
290000              6400                664.738             238.095             105.108             0                   
290000              6400                678.115             523                 61.0379             149.209             
389000              7700                830.963             531.829             0                   0                   
290000              6400                802.804             309.694             34.0823             129.937             
300000              5000                1186.12             251.904             4273.5              0                   
290000              7700                705.594             235.824             23                  52.2577             
185000              5200                895.467             259.607             1157.11             67.3983             
300000              5200                1446                375.81              643.05              89.7149             
300000              5000                3407.32             784.48              1972.51             48.8427             
300000              5200                997.648             360.999             758.711             0                   
300000              5000                2929.72             665.552             2863.46             639.007             
185000              7100                1305.39             444.289             104.208             38.4257             
390000              5000                3479.28             798.808             2193.46             34.7778             
290000              7000                724.496             235.592             30.8112             84.9027             
285000              6400                824.71              222.58              1259.19             108.255             
300000              5000                2955.68             766.307             2692.16             444.635             
285000              5800                767.386             258.206             1351.34             186.859             
185000              6400                1182.95             1211.65             135.305             0                   
384000              7100                1044.33             779.637             2.90221             76.2346             
185000              5800                979.721             1210.11             431.559             143.373             
300000              5800                1103.74             374.42              616.433             0                   
300000              5000                1442.18             341.255             3937.92             1.05948             
185000              7100                744.465             235.824             653.623             86.7687             
185000              5800                1203.58             397.136             156.466             0                   
185000              7100                729.734             1209.7              653.639             0                   
300000              5000                1376.29             415.498             3600.3              50                  
285000              7800                713.552             283.65              412.656             86.2245             
290000              7100                644.455             235.528             608.273             0                   
300000              5000                3271.57             735.664             2359.01             385.366             
185000              6700                962.365             316.514             399.442             40.3018             
285000              7000                735.978             235.414             326.887             206.868             
290000              6400                664.719             523                 126.98              56                  
384000              7100                1067.97             806.562             1.54607             19.1636             
185000              5400                795.152             215.379             2432.73             92.3999             
285000              6500                729.677             233.144             2123.37             0                   
290000              7700                629.965             235.528             2691.18             54.0711             
185000              5200                838.865             213.088             2109.58             0                   
300000              5000                2995.85             701.402             2766.89             732.807             
185000              5800                1062.54             289.227             805.482             156.713             
300000              5000                3133.81             708.596             2515.43             324.701             
185000              5400                1385.42             407.26              585.161             0                   
185000              6400                1062.97             363.98              257.815             0                   
390000              5000                2917.74             635.654             3035.71             0                   
300000              5200                912.662             1575.08             903.723             72.3808             
285000              7100                915.889             702.806             39.5034             64.0115             
185000              6500                1325.82             490.269             121.25              92.056              
185000              6200                2115.91             591.411             64.0627             0                   
185000              5400                826.921             209.245             2616.54             226.619             
200000              5200                983.554             1596.75             832.687             77.5137             
402000              7100                639.473             427.401             149.213             0                   
290000              5400                670.952             203.252             2598.28             0                   
185000              6400                768.998             225.331             2552.94             0                   
185000              5600                2191.72             620.26              0                   0                   
185000              5800                2178                603.393             14.759              97.5576             
185000              7100                725.9               1301.31             955.143             0                   
390000              5000                3315.57             727.449             2347.5              0                   
285000              6400                874.213             223.001             1133.19             0                   
285000              5600                761.531             198.645             1977.86             186.859             
300000              5800                987.427             259.815             800.988             85.7189             
200000              5400                796.455             1923.73             1365.79             533.384             
185000              5200                1996.56             562.278             415.083             170.375             
185000              5800                753.406             224.821             2315.57             226.619             
285000              6400                962.747             337.383             30.9469             0                   
300000              5000                2755.67             2560.86             3004.06             499.919             
300000              5000                1476.23             446.141             3087.2              0                   
290000              5400                679.036             182.899             2792.19             191.761             
185000              6500                748.771             233.144             1675.89             190.308             
300000              5000                1331.78             349.769             3398.75             175.328             
290000              7700                686.77              226.111             523.266             110.071             
200000              5200                954.3               1574.86             840.048             2.21815             
185000              5800                782.482             226.408             734.624             174.424             
285000              8400                713.681             283.611             433.612             0                   
402000              7100                630.055             609.63              527.46              110.071             
300000              5800                842.712             291.161             961.242             0                   
285000              7700                716.961             310.614             2493.81             0                   
185000              5200                2051.77             588.338             362.1               80.5853             
300000              5200                848.345             253.096             1706.65             62.7883             
300000              5000                2766.68             699.241             2993.72             722.808             
300000              5000                1238.15             279.542             4085.95             394.706             
290000              7100                663.123             226.111             2862.08             110.071             
300000              5000                1665.41             397.681             3272.89             0                   
300000              5000                1202                249.006             4272.84             209.754             
185000              6400                855.437             293.119             460.298             215.489             
300000              5000                1261.27             369.087             3868.44             228                 
300000              5000                3340.36             769.284             2153.61             147.175             
290000              6400                694.136             222.905             511.729             173.203             
185000              5800                1028.1              312.373             390.025             190.569             
300000              5000                1471.33             339.215             3758.79             200.206             
185000              5800                757.772             226.602             2412.88             0                   
185000              5800                983.701             1220.82             438.289             0                   
185000              5800                2003.68             553.015             153.502             17.8668             
185000              5200                1895.32             500.596             485.218             0                   
290000              7100                640.693             235.528             2215.97             173.203             
185000              5200                883.041             268.778             1713.36             42.4342             
185000              5800                1154.92             355.921             201.559             120.353             
185000              5200                915.749             1682.98             961.283             17.3983             
185000              7100                940.059             1209.7              380.525             0                   
300000              5200                1771.55             607.794             322.784             242.3               
185000              6400                769.354             225.331             955.143             0                   
285000              6400                1096.87             723.828             0                   0                   
185000              5200                1005.54             1673.97             877.205             204.848             
185000              6200                820.641             220.468             1886.01             0                   
185000              6100                720.22              244.873             2466.88             134.219             
185000              5800                797.842             226.602             1538.25             0                   
402000              7100                634.647             521.232             436.636             54.0711             
185000              5200                882.57              273.545             1638.22             159.522             
185000              7100                725.9               233.144             955.143             0                   
300000              5000                3408.99             741.866             1893.94             294.765             
290000              5800                690.064             181.08              2227.43             0                   
290000              7100                638.059             235.528             703.975             227.274             
300000              5000                1578.79             360.62              3835.6              58.6057             
300000              5200                1611.45             451.427             522.745             0                   
185000              6500                728.6               1301.31             954.61              4.83282             
185000              6500                738.363             233.144             1686.3              0                   
290000              5400                686.459             203.252             1262.12             0                   
290000              6400                675.223             233.093             2411.44             93.2094             
185000              5600                781.502             226.602             1888.28             168.872             
185000              7100                788.607             235.824             617.333             182.284             
185000              6400                974.378             367.596             556.442             182.284             
185000              5200                2211.02             620.26              0                   0                   
