82000               7400                1905.67             252.919             185.728             12.0027             
178000              6200                2851.14             669.816             3338.77             0                   
178000              6900                3141.06             213.868             2367.71             22.7105             
120000              7700                3821.47             608.48              61.6341             37.0364             
82000               7700                1283.95             176.96              2593.65             30.2579             
178000              6600                2900.42             661.335             2343.31             25.0726             
82000               9350                1490.85             170.946             0                   0                   
135000              6200                3912.95             965.783             3050.34             6.62502             
82000               8150                978.482             1011.46             1041.63             0                   
81000               9250                3390.18             1207.34             749.721             229.401             
82000               8300                909.193             127.297             623.286             0                   
178000              6600                2793.53             244.881             2456.08             12.8867             
129000              7100                3160.67             932.636             2155.81             51.5723             
269000              7100                4115.89             836.071             1851.49             51.9517             
82000               8650                936.275             1011.46             573.619             0                   
82000               8300                920.413             1072.33             453.75              55.3852             
224000              6900                3950.55             310.176             2220.39             0                   
82000               7750                3874.14             331.081             70.6461             77.1697             
397000              6800                4482.59             1033.19             1493.36             145.254             
178000              6100                3009.81             365.868             2314.54             0                   
131000              7500                4066.96             672.504             50.3156             6.00735             
269000              7150                4211.24             1177.13             1820.41             68.9618             
82000               8800                988.314             168.582             484.978             0                   
82000               7800                978.076             1208.55             445.398             16.3817             
82000               10250               1450.1              123.9               2620.81             0                   
82000               9750                1559.49             127.065             2532.88             0                   
82000               8650                1099.72             844.552             16.8899             0                   
82000               8150                1048.63             804.449             761.205             0                   
82000               7900                2236.42             214.65              42.9616             0                   
81000               9550                3394.51             1207.34             1623.68             204.008             
397000              6800                4475.89             1133.11             1551.32             157.202             
130000              7200                3119.07             732.057             3290                0                   
131000              7400                1280.88             349.459             600.064             17.2248             
81000               7800                3579.51             1030.91             2067.62             140.709             
446000              6600                4692.01             1132.9              1802.28             358.226             
404000              6300                4450.3              1181.49             1607.29             259.467             
82000               7900                1406.02             126.318             1773.18             67.3584             
176000              6900                3832.57             731.774             2404.19             6.04163             
177000              8550                701.464             127.297             253.011             0                   
129000              8350                1118.53             121.513             473.078             65.6514             
82000               8350                1229.31             850.103             8.89039             112.801             
82000               7800                981.319             1094.35             152.35              0                   
224000              6400                3983.65             588.231             2248.63             0                   
82000               7800                965.855             1161.59             780.544             82.4464             
81000               8300                3492.68             1213.12             2108.69             157.301             
224000              6400                3891.52             299.516             2207.72             36.2528             
130000              6600                3188.11             1209.42             2196.99             0                   
82000               7400                1677.72             145.884             290.949             32.7619             
178000              6900                2926.22             208.282             2805.54             6.38468             
311000              6600                4087.88             858.025             2007.89             13.2717             
130000              6900                3165.91             632.168             2428.29             0                   
82000               7700                3877.84             302.658             68.3956             0                   
179000              7800                1367.21             804.617             393.786             0                   
130000              6700                3028.92             815.125             3154.38             0                   
82000               7800                1111.76             930.854             138.123             104.33              
130000              8000                756.119             1153.8              49.2127             34.9061             
81000               8050                3590.56             1207.34             1142.88             205.427             
222000              7900                1558.94             401.069             264.994             0.220582            
221000              7100                4180.99             912.616             1911.01             55.5801             
130000              6900                3080                1107.06             2819.88             6.38468             
178000              5900                2877.36             214.776             2775.24             6.38468             
359000              6800                4494.85             1181.49             1458.88             223.951             
401000              6100                4299.45             1231.44             2231.63             296.982             
130000              9100                772.802             127.297             23.0533             4.37842             
129000              7100                3538.28             661.311             2838.1              36.8222             
81000               7300                3613.12             1117.7              2066.47             125.198             
130000              6600                3253.21             1035.4              2103.26             0                   
82000               7200                1632.23             793.594             1580.81             121.366             
82000               8450                1378.74             126.318             1522.66             36.4178             
82000               7200                3633.9              310.103             324.446             0                   
263000              7300                2752.14             627.422             3800.04             0                   
311000              6600                4136.93             627.987             2000.4              11.0698             
176000              6900                3755.05             279.051             2792.44             23.5211             
82000               7400                1411.91             136.978             468.606             0                   
130000              7100                2983.22             1002.07             2552.55             46.102              
82000               8100                1196.11             983.089             588.735             29.0638             
82000               7600                1698.1              812                 140.208             29.9995             
129000              8300                1316.61             486.119             -2.84217e-14        0                   
82000               8750                1443.41             123.924             2581.56             1.81139             
176000              5900                3463.74             994.213             2725.65             0                   
82000               7950                1758.09             174.775             266.684             44.8283             
406000              6600                5024.61             1224.87             1473.03             287.699             
129000              6600                3132.32             839.985             2308.87             53.8094             
135000              6200                4048.16             872.878             2837                4.66523             
82000               10800               1512.06             123.9               2441.8              0                   
311000              6400                4117.46             300.299             2218.7              12.7946             
82000               8850                1006.99             880.248             62.3552             38.2971             
82000               8150                1095.66             718.662             596.885             57.704              
82000               7200                3875.69             629.818             68.3956             0                   
82000               10250               1584.79             123.9               2487.11             43                  
82000               7200                3753.08             297.799             223.569             32.1804             
82000               8850                1016.76             127.297             78.0069             54.1813             
224000              6200                2846.98             631.166             3342.71             0                   
130000              7700                1281.83             598.487             1734.95             70.3383             
82000               8550                948.044             1143.2              66.4112             53.9061             
129000              7100                3640.45             812.494             2401.76             97.2031             
81000               7600                3579.14             1086.2              2866.35             64.8172             
82000               7400                1392.04             145.323             768.394             17.2248             
127000              6900                3785.53             823.524             2237.6              0                   
135000              6200                4029.08             985.642             2755.17             25.7573             
82000               8100                1308.73             873.417             362.265             58.5409             
176000              5900                4014.9              701.957             2308.06             6.04163             
311000              7100                4108.92             326.577             1922.85             11.0698             
177000              8550                906.444             160.091             32.6502             0                   
82000               7600                1714.49             776.949             196.663             86.7863             
82000               8800                1566.73             184.689             0                   34.4481             
82000               8300                901.277             1185.74             729.25              48.2361             
311000              6800                3915.42             1030.48             1975.19             286.127             
82000               8850                871.721             959.52              225.794             14                  
130000              8000                915.219             127.297             0                   0                   
82000               7800                1207.58             1076.11             442.023             98.3852             
82000               8350                908.044             1210.93             243.588             0                   
82000               7200                1481.81             1094.2              1800.98             88.5855             
129000              6400                2872.99             677.232             2591.53             7.90297             
177000              8000                704.259             127.297             48.3154             0                   
81000               8850                3447.18             1172.22             2309.64             261.211             
135000              6700                4167.35             965.783             2726                0                   
262000              5900                3978.51             629.544             2312.31             0                   
132000              7500                3879.11             609.1               224.893             5.41623             
130000              7400                1314.82             143.372             1233.73             49.9532             
81000               7100                3581.27             1117.7              2596.29             97.2031             
129000              6600                3563.72             661.311             2829.94             97.2031             
224000              5900                3682.47             223.772             2541.29             15.1118             
81000               8550                3588.39             1207.34             1100.25             216.237             
221000              6800                3898.91             1183.21             1572.44             6.31015             
82000               8100                1145.7              647.648             1387.1              13.7247             
82000               7400                1394.54             126.91              1578.97             67.3584             
81000               9750                3354.93             1207.34             920.757             192.387             
82000               7700                3652.51             488.153             221.124             0                   
399000              7100                4617.08             632.254             1516.91             15.1208             
224000              7100                4174.33             1069.27             1943.97             74.1796             
130000              6400                3071.73             1209.42             2375.75             8.30143             
130000              6400                3073.58             1002.07             2950.37             0                   
130000              6400                3150.1              1008.77             2575.72             69.595              
82000               8150                1887.3              812                 125.687             30.8053             
311000              6800                3792.94             1030.48             2050.43             228.655             
224000              5900                2855.16             461.369             2833.72             0                   
130000              7100                3086.86             1035.4              2228.75             0                   
82000               10250               1605.87             123.9               2219.52             0                   
173000              7900                1516.47             137.366             280.85              0.220582            
176000              6400                3836.59             274.352             2389.65             27.6972             
81000               8100                3534.24             1141.7              2838.51             92.7025             
269000              7100                4275.61             381.996             1819.86             19.5801             
178000              5900                3257.58             242.553             2594.41             53.8094             
82000               9400                909.283             1152.52             216.552             36.6145             
82000               7900                1993.92             586.075             35.7213             0                   
82000               9800                1535.59             123.9               2491.72             77.2134             
269000              6600                4251.2              342.129             1908.92             32.8342             
82000               9400                1162.36             158.436             6.92144             15.872              
178000              6100                2689.59             748.091             2682.35             1.51828             
82000               7800                916.081             962.395             734.849             82.5387             
82000               8150                1136.45             511.595             529.465             16.0054             
178000              5900                3092.8              690.801             2771.65             0                   
224000              7100                4034.26             1051.09             2045.4              12.6948             
81000               8000                3537.32             1213.12             1279.71             126.898             
82000               8150                1121.98             129.502             769.766             17.0078             
178000              5900                2898.75             570.569             2770.21             34.9524             
216000              6700                2784.5              669.816             3132.74             0                   
81000               8750                3492.84             1207.34             680.605             244.912             
130000              6400                3187.57             921.373             2573.38             103.887             
82000               7200                1567.98             910.881             1563.62             123.518             
178000              5900                3217.22             318.193             2686.71             0                   
82000               8800                1507.85             570.958             -2.84217e-14        0                   
167000              6800                3594.02             1172.22             2032.6              129.716             
81000               8550                3607.54             1207.34             1030.5              145.851             
82000               7900                1622.97             232.838             287.761             7.05094             
82000               7700                3893.58             381.321             50.3156             35.3072             
270000              6800                4121.58             1112.92             1573.63             195.415             
82000               7000                3883.43             661.311             607.308             80.0766             
130000              8000                726.348             907.227             50.5723             0                   
130000              7400                1409.62             131.661             1318.42             73.453              
130000              8550                724.417             907.227             224.206             0                   
311000              6900                4196.55             541.042             2106.01             36.8425             
82000               9250                1554.71             123.9               2480.16             57.2134             
176000              6400                3514.97             853.416             2780.45             3.31129             
81000               9250                3607.67             1172.22             499.782             228.924             
81000               7800                3570.99             1229.86             2050.61             149.888             
361000              7100                4584.83             730.926             1486.55             54.4505             
129000              6800                3568.56             1119.82             2267.41             122.514             
131000              7200                4019.89             730.559             50.3156             117.236             
178000              6400                2983.7              214.776             2442.26             51.3115             
176000              6400                3897.44             555.087             2292.08             21.4758             
269000              7100                4088.68             1201.43             1862.65             4.10826             
129000              7100                3535.45             321.823             2460.5              92.7025             
82000               7200                1847.06             241.466             1869.36             17.4591             
82000               9350                905.707             127.297             569.728             4.37842             
178000              6400                2849.86             441.77              2747.98             0                   
176000              6900                3929.76             259.932             2492.92             0                   
82000               7200                3920.37             330.118             50.3156             9.82149             
130000              6900                3121.09             1209.42             2607.71             0                   
129000              8850                1074.31             121.513             473.722             0                   
129000              8850                1202.77             150.715             0                   72.7283             
82000               8850                948.515             442.087             115.817             4.37842             
82000               8300                1281.15             127.297             4.63567             0                   
129000              6400                2791.93             776.774             2967.73             1.51828             
130000              6900                3118.87             1035.4              2501.9              92.9374             
130000              6700                3138.66             501.154             2756.89             0                   
176000              5900                3931.13             294.373             2347.53             0                   
178000              7100                3205.92             298.193             2217.4              0                   
82000               7400                1555.75             134.877             1188.12             0                   
