735000              3000                3742.8              950.489             4103.75             196.121             
180000              3650                3253.58             712.332             118.653             32.7746             
363000              3350                2634.62             721.056             2416.22             0                   
180000              3250                2553.13             751.757             2888.54             52.0537             
171000              3350                3877.21             856.032             304.388             23.2977             
368000              3600                3315.53             886.708             208.984             87.3551             
171000              3350                3860.11             510.895             1280.93             4.77315             
370000              3050                4141.41             613.008             2872.55             175.44              
277000              3600                3345.89             886.708             171.107             185.554             
171000              3100                2828.2              640.003             2959.88             10.2002             
171000              3150                4262.55             675.901             1076.57             149.896             
180000              3700                2392.72             562.151             1124.23             91.1594             
270000              3100                4103.89             479.044             1511.18             14.4393             
270000              3050                4065.38             760.942             2638.41             250.09              
180000              3650                2910.84             637.849             427.2               142.035             
550000              3000                4451.45             582.82              2817.22             75.3499             
268000              3800                3234.46             727.015             890.234             9.29761             
377000              3850                2471.41             595.507             1025.83             86.1628             
171000              3150                3147.58             747.916             2123.04             36.0683             
171000              3100                4542.66             539.848             1119.35             8.31152             
171000              3450                3823.33             669.438             453.441             262.547             
171000              3100                3772.28             492.553             1947.02             91.8813             
271000              3100                3104.24             470.222             2651.76             0.909111            
180000              3350                2515.79             563.338             1444.05             323.617             
363000              3400                3822.09             589.46              811.733             42.1777             
646000              3900                2640.5              526.123             1612.65             176.722             
748000              3050                4012.68             619.509             3097.84             24.9682             
463000              3150                4746.6              909.706             952.276             599.422             
363000              3150                3137.6              569.156             2015.09             0                   
171000              3800                3290.15             831.053             861.8               9.29761             
277000              3550                2467.26             621.19              1442.99             196.649             
171000              3850                3870.1              773.693             86.4589             251.083             
171000              3200                4427.56             704.825             609.987             0                   
454000              3050                4590.55             686.05              1622.58             45.7625             
171000              3500                3504.88             472.25              1893.61             58.7241             
271000              3100                2889.73             574.166             2786.65             0.909111            
461000              3300                2913.94             629.328             868.031             140.316             
180000              3400                3058.87             886.708             282.167             128.253             
171000              3150                2912.41             541.375             2250.87             142.452             
280000              3350                2396.97             571.684             1574.45             61.0467             
354000              3650                2749.2              934.865             1143.43             2.0384              
376000              3700                2881.61             588.975             1164.43             66.4447             
457000              3050                4323.92             509.551             2322.25             49.0282             
550000              3000                4852.86             927.961             2383.72             46.4122             
171000              3250                4109.66             912.608             560.107             243.687             
180000              3400                2505.84             886.708             892.617             139.279             
262000              3600                2902.55             748.739             1816.5              0                   
180000              3400                2493.83             590.832             919.279             393.267             
355000              3100                4505.59             765.103             1103.16             71.1764             
171000              3100                2832.49             474.629             2967.86             10.2002             
171000              3350                3592.94             468.168             1665.3              180.546             
457000              3050                4391.78             606.434             2256.24             213.743             
640000              3150                4797.94             750.732             817.146             179.461             
277000              3350                3145.11             886.708             358.049             200.259             
171000              3300                3739.6              899.17              380.125             311.621             
451000              2950                4418.48             876.277             3027.79             59.3129             
356000              3850                2441.49             526.554             1971.19             107.608             
171000              3400                2936.17             748.739             1977.97             0                   
171000              3300                4170.58             763.861             168.515             300.653             
171000              3100                3426.39             574.166             2468                21.2401             
364000              4300                2512.06             546.236             2837.72             74.4003             
180000              3300                2902.17             511.726             1278.39             389.957             
264000              3300                2693.24             721.056             3127.31             0                   
361000              3200                4077.75             761.105             627.053             86.5114             
171000              3650                3954.02             955.372             90.2782             198.901             
171000              3200                4542.87             712.959             538.955             165.418             
279000              3600                4253.3              909.468             78.0945             752.79              
171000              3200                4565                899.17              509.841             166.066             
277000              4200                2509.45             750.251             800.31              83.819              
180000              3650                2821.17             560.741             523.994             228.121             
357000              3000                5092.71             927.961             2422.38             142.982             
180000              3350                2322.97             563.338             1689.29             191.328             
457000              3050                4159.09             549.989             2500.42             149.475             
280000              4050                2651.65             593.429             839.435             38.5818             
372000              3050                3035.93             705.804             3679.36             161.559             
451000              3250                3774.18             636                 630.705             20.6098             
355000              3050                4378.43             632.556             1719.13             18.3333             
274000              3050                3793.52             863.161             2438.57             95.2113             
550000              2950                4756.23             621.059             3212.18             64.0223             
363000              3150                2565.61             543.325             2560.4              0                   
171000              3800                3362.77             905.22              692.9               169.684             
180000              3350                3061.38             674.279             609.8               389.65              
270000              3100                4356.6              539.848             1238.33             11.6745             
640000              3150                4945.38             954.937             673.385             261.625             
171000              3300                4403.54             539.848             1137.42             8.31152             
171000              3600                2709.25             543.325             2014.2              0                   
552000              3150                4920.14             790.006             990.489             153.29              
457000              3350                3584.79             687.22              223.422             19.0931             
361000              3200                2781.58             509.874             1525.54             122.442             
454000              3350                2753.41             509.874             1554.76             111.906             
349000              3600                3500.82             820.095             698.704             0.384667            
277000              3700                2865.66             892.791             599.405             40.4435             
271000              3300                3079.47             532.8               895.894             393.799             
171000              3350                2705.42             470.222             2742.59             45.7973             
171000              3200                3602.89             544.254             991.609             0                   
180000              3650                2980.62             687.033             349.313             263.144             
271000              3650                2825.07             511.579             980.326             172.633             
180000              3900                2593.87             593.429             706.57              78.8186             
449000              3850                3270.3              816.744             915.122             7.70898             
550000              3000                4614.19             591.146             2643.11             46.4122             
362000              3450                3757.75             479.044             1709.3              0                   
171000              3450                3826.74             756.422             455.783             3.05551             
370000              3300                2798.33             905.591             969.848             227.094             
451000              3000                4203.34             827.677             2805.92             29.8206             
455000              3250                2735.79             590.832             1506.44             230.101             
171000              3100                3481.69             497.444             2034.05             167.774             
461000              3300                3447.39             672.488             462.05              66.1629             
548000              3650                2721.48             511.518             1743.23             7.3168              
180000              3900                4041.13             737.483             280.604             28.9725             
264000              3200                3354.83             632.896             969.342             301.549             
171000              3300                3579.68             728.359             448.698             403.297             
171000              3550                3383.05             951.21              634.56              45.6097             
180000              3200                2567.74             836.662             3139.9              178.706             
273000              3700                2633.83             526.554             1779.31             283.935             
264000              3200                3758.99             647.38              727.907             189.264             
180000              3400                2640.87             896.939             707.183             189.479             
180000              3600                2569.1              588.975             833.932             272.954             
359000              3600                3337.96             465.011             2227.39             131.276             
273000              3500                2876.54             556.315             801.958             404.872             
183000              3150                3805.96             772.787             1349.42             33.9352             
367000              3500                3408.67             465.011             1586.38             5.64335             
285000              3250                4575.48             948.46              176.967             202.866             
180000              3300                2742.51             681.97              1456.51             270.821             
738000              3050                3382.38             928.22              4217.57             158.727             
273000              4000                2947.29             638.819             511.235             32.7746             
262000              3500                2792.29             470.222             2946.5              0.909111            
277000              3700                2385.94             591.081             1591.85             45.0944             
171000              3250                3490.59             624.745             870.058             354.59              
443000              3000                4946.93             899.17              2715.45             49.359              
279000              3650                2681.83             886.708             482.652             161.668             
180000              3850                2560.78             546.236             2434.69             74.4003             
171000              3850                3717.97             679.856             195.765             290.9               
466000              3500                3667.34             598.306             482.302             111.769             
455000              3650                2587.54             541.375             2849.31             8.30821             
180000              3700                2533.32             526.469             2208.25             240.291             
357000              3400                3751.41             759.95              563.459             0                   
171000              3250                3214.38             532.695             1088.87             338.082             
180000              3350                2776.26             532.8               894.912             405.176             
356000              3650                2490.46             526.469             2443.68             228.971             
640000              3150                4840.67             671.413             970.816             261.619             
267000              3400                3587.57             899.17              170.89              9.97109             
180000              3900                2842.12             526.469             1312.2              107.608             
268000              3350                3669.34             709.479             202.726             393.262             
270000              3250                2766.91             475.279             3251.31             0                   
455000              3500                2837.54             489.94              2180.1              9.82264             
265000              3500                2449.58             526.469             2235.11             274.004             
171000              3150                4001.05             605.551             1239.34             121.206             
171000              3250                3313.52             467.106             2594.65             53.9509             
171000              3350                3880.44             798.178             106.422             195.924             
640000              3150                4759.31             732.835             850.526             50.1372             
267000              3250                4102.87             763.824             343.211             23.4418             
180000              3550                2493.08             621.19              1436.29             313.114             
461000              3500                2933.72             593.429             872.653             32.7746             
368000              3600                3260.95             701.672             255.723             52.5828             
171000              3850                3380.8              614.158             494.417             323.003             
837000              3050                3578.59             912.199             3956.69             82.8719             
180000              3700                2531.25             701.77              1002.14             45.0944             
457000              3050                3991.73             505.838             2733.37             128.42              
180000              3400                3116.28             674.524             244.798             128.253             
367000              3500                3138.64             899.17              1039.49             16.1226             
354000              3350                3528.66             724.962             213.297             259.8               
180000              3300                2357.02             574.281             2058.64             55.1318             
171000              3500                2894.4              497.684             2597.56             10.2002             
461000              3300                3123.55             650.131             743.017             32.7746             
355000              3050                4517.77             767.809             1560.67             18.9062             
264000              3200                2781.44             721.056             1824.4              2.0384              
180000              3900                3328.1              688.434             179.063             58.499              
171000              3600                3682.18             660.532             651.581             0                   
363000              3150                2565.61             748.739             2560.4              0                   
363000              3150                2889.36             721.056             2161.48             91.6523             
455000              3650                2768.49             509.874             1741.06             86.3247             
171000              3250                3013.36             748.739             1228.78             209.031             
277000              3900                2436.12             913.834             906.264             234.678             
349000              3350                3546.65             932.863             253.262             25.7005             
349000              3350                3661.01             821.184             104.392             124.866             
171000              3300                4205.39             482.389             1408.19             38.4093             
280000              3500                2696.11             511.726             1265.33             252.884             
280000              3500                2485.18             656.773             1600.24             43.5379             
277000              3750                3315.33             658.756             425.257             53.627              
373000              3500                4106.94             867.919             135.752             75.5982             
457000              3050                4394.81             624.496             2358.63             46.8773             
180000              3900                2757.52             677.082             528.328             38.5818             
180000              3600                3013.61             934.717             399.411             135.756             
171000              3100                3871.99             471.539             1788.96             0                   
355000              3050                3927.54             675.401             2261.12             1.4753              
171000              3650                3587.89             866.246             175.968             33.7966             
370000              3250                3373.21             630.625             680.343             211.342             
180000              3700                4142.75             756.812             211.904             14.5729             
751000              3050                3614.56             932.647             3767.92             119.717             
183000              3250                4049.51             685.49              197.324             118.061             
180000              3750                2426.97             899.235             1015.82             161.559             
270000              3300                3412.7              465.011             2105.81             161.72              
180000              3350                2575.44             726.004             1042.24             367.854             
550000              3000                4865.21             672.65              2328.09             46.4122             
180000              3500                2714.53             887.428             363.306             270.193             
356000              3450                3194.28             465.011             2405.76             0                   
171000              3200                2876.24             511.518             1430.53             7.3168              
270000              3150                3784.86             550.355             1406.12             182.876             
270000              3300                3659.47             472.25              1672.93             4.77315             
270000              3150                3543.75             465.011             1621.23             166.392             
