173000              3550                2318.27             634.793             284.62              558.859             
271000              3750                2986.29             593.709             7.90407             0                   
185000              3150                3578.7              574.525             446.626             184.594             
563000              3200                2190.05             489.715             1436.08             67.6703             
265000              3450                1933.67             394.948             1365.57             55.6364             
273000              3100                3490.48             421.32              880.016             143.418             
458000              3150                3068.3              406.455             827.614             226.245             
378000              3050                3508.76             489.096             1581.16             45.0783             
748000              3050                3185.1              413.837             2266.32             29.381              
173000              3150                3516.96             789.247             1138.81             121.709             
271000              3350                1809.31             427.214             1209.61             272.307             
569000              3150                2686.01             489.574             1234.09             0                   
182000              3150                3074.86             383.236             1192.22             41.1578             
266000              3150                3833.37             497.868             699.563             26.9585             
378000              3200                2928.73             688.63              508.562             0                   
378000              3900                1714.08             362.262             1016.57             197.72              
172000              3850                3158.48             632.813             54.8999             0                   
177000              3150                2987.48             636.267             1633.89             147.473             
180000              3400                2001.61             435.01              207.661             0                   
271000              3400                1717.17             474.954             947.447             107.495             
273000              3150                3195.93             385.778             773.323             0                   
280000              3250                1981.15             394.948             1456.54             181.89              
472000              3200                2321.18             552.182             1190.32             3.74591             
367000              3150                3112.45             606.55              624.854             70.9411             
464000              3500                3582.19             723.912             -1.42109e-013       0                   
180000              3200                2207.08             459.914             1750.36             96.9335             
180000              3400                1753.26             427.214             874.396             220.387             
472000              3200                3027.52             464.881             267.823             88.4328             
180000              3400                2174.59             593.709             43.614              0                   
180000              3100                3516.4              910.299             1172.9              580.619             
173000              3800                2282.04             512.286             106.236             76.9498             
556000              3200                3169.91             438.524             183.144             0                   
467000              3500                2125.26             465.59              127.216             0                   
367000              3200                2422.34             373.224             1427.18             165.713             
173000              3800                2529.17             603.234             0                   186.078             
273000              3100                3185.65             460.608             1442.13             247.973             
378000              3900                1941.93             400.146             694.694             196.955             
173000              3550                2773.04             671.717             0                   372.457             
464000              3050                3511.85             552.14              1310.8              246.944             
378000              3250                2482.64             834.187             645.784             149.855             
177000              3200                3767.22             629.559             258.917             0                   
173000              3250                3253.65             634.457             17.6092             195.775             
265000              3200                2088.75             503.742             1879.82             0                   
458000              3150                3118.75             439.652             662.827             194.054             
748000              3050                3201.24             375.142             1873.59             46.1125             
378000              3900                2223.96             402.524             400.765             0.139315            
842000              3050                5059.71             866.394             868.944             251.251             
366000              3050                3827.89             673.819             969.596             0                   
648000              3050                3622.14             591.257             1079.12             55.8235             
180000              3250                1971.73             468.654             1521.16             47.3784             
378000              3800                1810.79             365.293             1106.92             84.7693             
180000              3100                3205.87             910.299             1335.93             554.225             
464000              3050                3374.18             516.976             1403.55             281.983             
172000              3900                2811.15             522.417             159.842             0                   
180000              3150                3379.17             748.167             725.509             241.657             
180000              3150                3192.96             956.345             929.418             482.18              
472000              3150                2689.06             545.186             945.235             72.5153             
273000              3100                3715.48             770.133             540.529             109.374             
369000              3150                2493.7              643.313             1482.26             71.8469             
379000              3200                2427.41             747.727             1255.27             143.152             
472000              3150                2374.92             584.134             1724.27             54.1813             
454000              3100                2481.28             571.542             2185.51             73.4137             
555000              3100                3590.75             617.007             596.661             238.847             
172000              3650                2663.23             467.587             406.382             310.83              
182000              3150                3486.42             461.134             829.639             0                   
185000              3400                2260.8              376.632             1492.38             200.176             
171000              3650                2657.3              475.564             970.652             213.406             
180000              3150                3052.37             944.255             951.498             350.409             
180000              3350                2171.69             404.757             470.811             124.946             
172000              3900                2474.66             450.557             442.979             132.786             
173000              3550                2488.62             447.516             871.748             348.211             
180000              3200                2251.31             427.214             1767.92             24.1742             
829000              3000                3798.2              665.441             1567.95             122.122             
180000              3200                2171.08             427.214             1744.43             332.968             
369000              3150                2377.94             388.108             1766.05             204.834             
280000              3300                2182.84             584.238             496.262             3.76315             
472000              3200                2854.83             560.778             491.962             190.082             
173000              3800                2117.27             553.257             302.773             32.5812             
467000              3500                2235.53             526.591             20.2076             0                   
472000              3200                2700.43             383.761             598.977             0                   
566000              3600                2134.75             414.821             561.644             0                   
551000              3100                3390.44             421.32              701.508             127.843             
177000              3200                3127.92             950.912             852.466             464.996             
180000              3200                2752.14             535.498             1136                0                   
280000              3200                2855.7              598.176             624.881             139.776             
180000              3150                3176.32             766.171             1045.11             100.147             
365000              3650                2298.74             422.687             722.097             0                   
555000              3100                3618.21             617.296             560.699             465.663             
273000              3150                2783.24             372.347             1307.38             105.912             
273000              3050                3735.18             691.144             1456.44             57.6012             
280000              3200                2647.43             594.193             1178.09             93.4077             
379000              3200                2445.08             772.399             1129.86             182.367             
566000              3600                2310.1              404.012             356.24              46.6809             
472000              3200                3196.43             560.778             205.935             190.082             
277000              3100                2478.7              436.69              1762.92             180.589             
280000              3200                3498.24             542.213             125.798             134.126             
653000              3150                3521.21             575.716             41.9916             0                   
478000              3000                3707.08             533.25              1816.82             0                   
172000              3900                2303.22             437.127             635.342             48.2873             
177000              3150                3365.62             842.807             650.576             362.407             
560000              3200                3779.66             615.244             23.1527             30.4808             
368000              3250                2793.55             547.419             329.78              154.558             
182000              3150                2705.47             343.336             1760.12             0                   
748000              2900                4521.08             737.869             2827.09             52.7863             
376000              3350                2001.05             370.938             779.192             0                   
171000              3650                3065.43             461.129             576.307             60.7912             
445000              3050                4174.16             619.471             1407.81             355.353             
368000              3250                2587.77             547.551             387.427             0                   
367000              3150                2800.71             411.865             1046.41             193.801             
572000              3050                3180.65             524.607             1816.76             0                   
465000              3200                3608.77             820.356             15.4839             79.9686             
282000              3350                2516.25             471.994             46.2965             89.2348             
277000              3100                2698.8              560.985             1519.47             0                   
470000              3050                3429.83             641.423             1469.62             8.09715             
185000              3250                2285.75             379.063             1157.63             292.141             
182000              3150                2789.86             633.95              1703.54             0                   
180000              3150                3101.25             909.581             999.422             318.385             
267000              3100                2975.27             359.877             1669.28             0                   
180000              3650                1727.17             498.153             854.853             184.482             
271000              3400                1730.71             435.01              889.758             0                   
185000              3100                2659.47             509.383             1844.95             0                   
566000              3600                2645.46             454.522             68.1003             0                   
660000              3250                2984.79             555.494             238.027             79.5652             
653000              3400                3437.92             509.407             15.4839             0                   
180000              3150                3227.26             824.579             866.523             173.626             
277000              3050                2811.81             500.828             2119.93             58.1022             
185000              3200                2894.7              612.801             799.408             248.792             
182000              3150                3022.8              591.361             1289.62             0                   
654000              3250                3006.63             536.712             122.252             0                   
177000              3150                2828.77             814.452             1172                246.415             
652000              3100                4354.05             580.058             578.544             12.4756             
468000              3050                3633.77             537.437             1355.74             98.3392             
271000              3400                1688.23             427.214             1118.75             171.291             
185000              3600                2662.13             376.632             765.082             197.725             
378000              3900                2047.04             365.337             600.915             84.7693             
569000              3150                2360.75             383.761             1654.95             3.74591             
277000              3100                2495.55             419.566             1762.34             26.8288             
660000              3250                2659.62             446.325             405.367             0                   
180000              3650                1784.02             498.153             471.028             0                   
282000              3350                2614.58             516.42              11.4466             5.61655             
182000              3100                3358.85             525.924             1320                0                   
280000              3200                3502.83             607.273             106.911             4.94222             
186000              3150                3603.16             808.005             634.28              121.128             
180000              3650                1751.39             435.01              592.23              56.9645             
379000              3200                2434.38             772.208             1132.42             300.625             
543000              3150                3309.3              546.392             400.165             0                   
657000              3050                3494.2              359.505             1683.42             66.1664             
180000              3100                3283.27             907.221             1483.2              535.256             
185000              3200                2462.46             487.473             1308.24             197.725             
378000              3050                3501.29             597.405             1598.71             86.1423             
466000              3100                2757.83             413.143             1479.89             229.648             
660000              3250                2390.53             406.455             668.11              0                   
180000              3200                2112.64             563.416             1809.22             345.173             
378000              3900                1797.59             384.206             950.792             0.139315            
180000              3300                2557.84             422.749             285.332             47.3784             
180000              3100                3183.5              910.299             1682.26             580.619             
177000              3250                2508.99             370.375             863.861             88.516              
271000              3350                1823.2              533.131             1407.37             203.988             
378000              3900                1895.15             398.085             805.421             94.2811             
173000              3550                2461.35             551.64              242.332             466.69              
173000              3800                2410.48             632.572             21.6809             69.8729             
478000              3050                3385.51             358.033             1763.66             66.1664             
180000              3650                1784.06             432.08              724.11              153.898             
660000              3200                2431.98             394.182             1024.86             26.3937             
367000              4000                2318.82             503.428             4.35229             31.6994             
180000              3150                3462.53             789.532             663.776             189.819             
660000              3200                2359.68             461.167             1295.59             0                   
378000              3050                3291.64             597.405             1721.01             0                   
748000              3000                4407.71             708.922             1586.98             41.857              
180000              3100                3504.44             958.828             1071.34             538.49              
180000              3150                3285.72             951.562             847.377             316.239             
379000              3200                2463.31             799.509             1111.22             522.23              
748000              3050                3721.37             476.884             1317.84             0.198152            
563000              3150                2310.48             514.808             1737.38             3.74591             
381000              6350                2056.23             852.591             14.4119             312.948             
280000              3500                2300.32             404.496             444.848             45.6683             
478000              3050                3420.38             381.61              1610.67             0                   
744000              3100                3961.26             643.519             505.554             50.6128             
177000              3250                2346.32             362.755             1044.61             0                   
458000              3050                3899.9              490.891             902.239             0                   
744000              3200                4132.79             924.493             22.1292             0                   
173000              3250                3060.04             509.078             41.8221             114.628             
657000              3050                3566                384.211             1412.04             0                   
472000              3200                2241.65             383.761             1228.33             37.2872             
173000              3800                2182.96             459.348             241.895             186.678             
478000              3050                3625.8              555.672             1430.69             0                   
180000              3650                2224.02             420.637             1272.52             0                   
273000              3100                3775.7              502.108             536.608             101.24              
172000              3650                2837.72             605.184             146.509             142.527             
273000              3150                3595.28             478.742             264.712             153.371             
173000              3250                3434.92             524.517             8.14353             0                   
180000              3150                3329.97             709.503             741.727             134.12              
180000              3150                3572.85             949.657             636.523             208.135             
569000              3200                2219.43             481.877             993.783             0                   
641000              3150                3427.24             463.873             232.384             0                   
478000              3000                3407.51             454                 2033.22             0                   
372000              3100                3279.56             460.608             1029.33             112.314             
185000              3200                3085.7              487.473             679.307             197.725             
458000              3150                3503.99             594.607             305.182             0                   
280000              3200                2419.05             409.663             1322.66             88.1124             
