284000              6400                1432.28             1158.66             -1.42109e-14        75.489              
284000              3400                1605.6              518.895             7.78605             66.3218             
297000              3800                879.94              1109.36             837.748             123.905             
284000              6500                1166.85             313.52              368.271             0                   
297000              3400                954.534             376.656             763.154             163.547             
284000              3000                1565.57             518.895             968.539             31.2402             
404000              3400                1385.23             441.7               616.726             0                   
185000              4800                1235.68             745.579             310.181             26.1783             
284000              6500                984.602             1035.89             449.118             30                  
284000              6700                822.092             1145.09             886.986             108.776             
284000              4400                842.129             317.174             488.21              30                  
284000              3000                1617.79             521.693             964.038             153.666             
297000              6500                816.899             296.595             1213.88             59.7309             
284000              3000                1647.59             478.619             1270.02             35.0816             
185000              3400                1580.27             536.506             0                   0                   
284000              3000                1189.34             366.555             1399.32             153.158             
185000              6500                1291.92             378.981             1590.09             60.3559             
185000              4800                977.641             805.258             517.52              39.2317             
284000              4400                1733.97             896.522             -2.84217e-13        0                   
284000              7700                1037.12             729.767             2.82437             36.4279             
404000              3400                1247.8              374.018             684.285             55.2029             
284000              3000                1686.63             514.35              1139.28             117.063             
297000              4400                1024.44             331.321             156.459             0                   
284000              6500                1078.77             309.435             470.231             159.976             
284000              7100                845.702             283.33              970.268             29.7309             
185000              3400                1559.15             528.523             0                   77.5881             
284000              7400                1398.32             822.561             -5.68434e-14        134.865             
284000              3400                910.239             267.371             1759.23             30                  
284000              6800                1658.81             786.767             -1.42109e-14        43.5163             
284000              5700                971.004             266.997             1750                30                  
284000              7100                866.772             608.569             103.9               161.589             
185000              3800                1182.63             387.563             1747.02             114.309             
185000              7500                994.874             805.258             511.272             39.2317             
284000              3800                1312.53             556.957             17.8084             0                   
284000              4800                1529.56             737.635             -5.68434e-14        158.204             
185000              3400                1681.66             1102.18             -2.84217e-13        207.927             
297000              7100                858.281             252.256             328.374             149.788             
185000              3800                1218.45             1198.08             436.894             0                   
297000              3400                876.992             1200.62             931.95              172.385             
284000              3400                1443.83             386.922             1160.33             0                   
284000              3000                1590.09             533.959             1292.54             0                   
297000              5800                900.334             280.982             837.285             107.315             
389000              7000                1411.27             728.392             -1.42109e-14        0                   
185000              4800                989.449             706.036             889.115             60.1784             
185000              4400                1674.06             854.848             -2.27374e-13        42.4228             
297000              7100                744.131             238.142             796.712             0                   
297000              3400                878.441             300.896             919.633             146.789             
185000              3400                1618.73             528.762             1216.39             0                   
185000              3800                1419.95             1088.4              78.2098             149.759             
185000              4800                1004.51             702.497             766.727             242.598             
297000              7700                748.642             783.245             402.07              29.7309             
284000              7500                1617.49             889.523             -1.13687e-13        135.022             
305000              5800                893.278             277.214             1140.26             0                   
185000              3800                1416.99             422.707             136.993             163.678             
404000              3400                1181.93             308.758             750.152             0                   
389000              4400                860.789             728.388             486.636             0                   
284000              6100                935.955             251.324             1655.23             0                   
297000              3400                884.769             306.891             832.919             22.8839             
404000              3400                1316.81             375.99              616.59              65.5784             
185000              3800                1201.89             432.861             456.064             75.6419             
412000              8700                750.087             694.553             508.157             70.7309             
185000              3800                1273.7              400.774             264.223             0                   
284000              3800                886.236             715.085             511.027             0                   
185000              6500                1425.09             378.981             1456.93             154.06              
404000              4800                1215.38             740.067             4.85176             115.428             
297000              7700                771.318             266.041             308.414             96.4947             
202000              4400                1018.84             919.516             868.164             146.789             
297000              5800                785.589             200.245             1439.97             59.544              
404000              3400                1388.54             436.025             544.861             154.192             
404000              9100                1038.82             329.958             20.2375             163.174             
185000              7400                1208.68             385.076             1715.82             0                   
297000              6500                753.232             202.516             1472.33             0                   
300000              3800                1693.69             956.512             -1.7053e-13         0                   
185000              3400                1169.52             321.869             1760.13             0.220264            
185000              6500                761.473             1373.95             890.834             0                   
404000              4800                1223.77             740.067             0                   77.6434             
185000              6500                1425.16             403.69              163.18              151.225             
185000              3800                1317.88             442.793             226.157             129.937             
284000              3400                914.187             1144.77             838.914             146.789             
284000              3000                1049.82             271.758             1538.84             154.147             
297000              6500                721.32              202.516             1310.23             30                  
297000              5200                874.696             262.746             1681.89             0                   
185000              3400                1399.43             534.914             1530.22             63.6607             
284000              3400                1519.29             1048.34             0                   0                   
185000              4800                1066.41             606.026             507.739             165.039             
185000              5800                1384.81             362.54              1532.23             163.228             
284000              3800                1295.83             398.699             0                   77.6434             
185000              6500                1331.95             442.697             204.895             0                   
297000              6500                776.658             1195.17             950.659             0                   
389000              3800                973.373             728.392             432.114             58.9558             
284000              7700                811.933             366.476             199.427             32.4417             
284000              8000                1537.96             450.766             -1.42109e-14        0                   
189000              6500                1492.47             993.314             0.296705            129.32              
185000              3400                1494.27             399.25              1307.5              110.563             
185000              3800                1218.61             1132.08             373.338             91.8583             
284000              4400                1233.2              390.312             4.85176             115.428             
185000              7500                1066.42             636.956             447.825             18.6952             
284000              7100                1112.34             347.974             93.8589             93.8863             
185000              3400                1561.93             413.007             1424.33             0                   
284000              3000                909.073             267.371             1760.4              86.5544             
284000              8100                1486.24             990.833             -1.42109e-14        70.8292             
284000              6500                806.555             244.806             713.925             138.203             
284000              3800                889.591             285.811             503.692             0                   
185000              6500                1530.7              454.098             0                   129.944             
284000              3000                921.661             267.371             1655.23             0                   
284000              3000                1290.32             435.656             1367.88             0                   
284000              7000                1480.56             1198.35             -1.24345e-14        66.8066             
404000              3800                1184.59             903.55              55.9238             106.038             
284000              6500                1212.15             356.2               341.264             159.976             
185000              5800                1344.05             359.62              1565.73             60.3559             
185000              4800                1081.9              728.757             527.36              0                   
185000              3800                1199.03             1198.08             585.765             131.642             
284000              3400                969.15              317.014             940.092             86.5544             
300000              5400                1762.25             856.423             -3.41061e-13        0                   
519000              10100               1023.54             329.958             15.7653             204.174             
284000              3400                1241.94             492.856             644.227             86.5544             
185000              3800                1210.46             402.767             576.631             147.858             
185000              3400                1435.95             1137.07             262.206             53.9027             
284000              3000                1699.39             489.958             1187.19             65.2694             
284000              6400                1159.81             715.085             137.428             45.582              
297000              7700                752.129             712.266             328.374             0                   
284000              3000                1731.74             505.496             1169.61             156.827             
185000              5800                1371.07             379.522             1112.33             0                   
185000              3800                1357.27             1078.06             180.654             75.6419             
185000              5600                1289.51             360.836             1607.56             0.220264            
284000              6700                815.524             229.387             1206.34             108.776             
284000              3400                1157.6              347.344             1615.63             0                   
185000              3400                1192.82             315.233             1742.98             163.228             
284000              6000                1003.98             262.369             1543.81             104.033             
297000              7700                948.431             315.044             141.831             118.171             
284000              8400                1817.78             778.473             -8.52651e-14        33.1319             
284000              6100                923.366             240.93              1760.4              86.5544             
284000              6500                809.558             1242.9              710.921             59.7309             
185000              4800                1672.12             990.328             -2.27374e-13        0                   
284000              8100                1749.22             679.197             -2.84217e-14        0                   
284000              3400                1127.29             1466.26             941.497             0                   
284000              6100                929.67              240.93              1754.09             160.245             
284000              4400                833.691             715.085             495.545             58.9558             
284000              7100                1113.86             329.958             9.23745             163.174             
284000              3800                880.106             284.763             512.075             58.9558             
396000              8000                1076.62             712.266             0.131214            0                   
185000              4800                997.057             794.211             486.761             203.298             
185000              3400                1439.09             504.276             161.385             32.7326             
185000              3400                1236.16             311.479             1699.64             60.3559             
297000              7700                752.129             266.041             328.374             0                   
297000              7700                1083.62             354.265             91.4619             0                   
284000              7100                1040.88             597.941             10.6351             163.174             
185000              6500                1522.62             460.044             2.1623              0                   
396000              7400                1605.44             708.602             -5.68434e-14        40.6022             
284000              6400                1541.88             1268.25             -1.42109e-14        0                   
297000              4400                899.76              344.017             417.884             161.576             
185000              7100                1243.62             387.563             1655.6              114.309             
185000              3800                1465.29             611.143             24.054              0                   
185000              3400                1478.87             490.055             1446.37             32.7326             
185000              3400                1352.03             469.942             1583.77             163.228             
185000              6700                1355.15             389.29              1622.02             0                   
297000              5000                837.876             267.371             747.532             146.789             
185000              3800                1201.89             1198.08             456.064             75.6419             
284000              7700                903.839             370.016             11.596              162.396             
185000              6500                1477.33             454.098             66.9789             79.0604             
284000              7100                836.326             1245.05             693.402             0                   
297000              3400                872.16              267.371             1193.81             0                   
519000              9100                993.409             341.16              12.2097             199.425             
297000              7100                739.437             234.218             800.636             88.0161             
284000              3400                908.191             267.371             1668.7              160.838             
297000              7800                930.89              286.757             197.553             72.0173             
185000              6700                1163.06             348.514             1725.71             146.471             
284000              7800                936.712             783.245             191.905             0                   
284000              7700                1569.87             452.454             -1.42109e-14        83.8814             
297000              5800                761.382             203.641             1541.11             88.2031             
185000              5800                1030.73             606.026             756.594             17.3977             
284000              7700                880.959             293.385             583.19              0                   
297000              7100                752.428             1195.8              698.412             139.556             
185000              3400                1202.1              432.861             1719.62             75.6419             
284000              3400                1059.82             394.537             994.056             2.26041             
297000              4000                834.079             1102.22             867.857             180.459             
185000              3400                1471.63             401.509             1330.39             159.488             
185000              3800                1343.91             391.765             247.961             60.0274             
284000              3800                1282.93             900.209             6.47705             134.865             
284000              7700                792.899             370.016             106.017             129.186             
297000              7100                749.181             1193.79             698.881             88.0161             
284000              3400                1557.08             467.563             631.527             0                   
185000              3400                1446.39             476.543             1489.4              137.734             
284000              7400                1672.44             543.4               -1.42109e-14        144.37              
389000              8400                1470.29             978.556             -2.84217e-14        43.5702             
284000              7100                1458.5              1010.31             -5.68434e-14        27.0229             
297000              7100                749.498             1195.17             700.712             0                   
284000              3800                1178.1              388.687             38.38               162.49              
284000              3000                1049.44             296.089             1539.23             56.5544             
297000              3400                1108.69             1205.28             715.083             146.789             
284000              4400                909.23              715.085             420.005             164.146             
185000              4800                1039.3              702.497             491.519             213.058             
185000              4800                1092.68             399.398             479.243             17.3977             
185000              6500                1516.67             454.098             2.1623              43.7953             
284000              3800                1041.51             270.343             486.761             159.976             
185000              3800                1486.13             605.153             10.6726             108.848             
185000              3400                1595.51             1117.45             -2.27374e-13        0                   
284000              7000                1115.07             350.575             0                   0                   
185000              3800                1500.97             600.92              14.5169             164.889             
185000              6700                1240.93             351.65              1650.95             138.02              
