322000              3800                1047.37             309.513             10.8579             99.0753             
322000              3800                903.477             267.304             531.437             0                   
322000              3800                1054.74             347.392             0                   39.2307             
322000              5800                1441.66             739.277             -1.42109e-13        0                   
202000              4800                1007.55             818.004             247.747             0                   
322000              5400                1060.99             214.496             3769.32             140.615             
232000              3000                2052.58             655.796             623.472             39.4142             
232000              3000                1220.41             312.887             1501.24             0                   
232000              3400                1032.16             305.242             1638.23             0                   
322000              7700                1312.36             879.037             -1.7053e-13         0                   
322000              3800                900.059             1127                616.755             56                  
232000              3800                980.038             308.092             277.379             0                   
322000              3800                896.555             1127                627.392             30                  
322000              5400                957.714             209.573             4003.92             63.7261             
322000              7100                856.406             222.067             2161.71             0                   
322000              5000                973.795             212.254             3895.75             10.8422             
322000              4800                1317.9              472.493             0                   0                   
322000              7700                1028.51             325.261             0                   10.2229             
202000              3800                953.8               818.004             89.4252             22.8839             
322000              4800                1361.8              838.235             -1.42109e-13        0                   
232000              7500                978.802             306.368             469.063             0                   
232000              6500                1124.47             305.172             238.453             30                  
421000              3800                1210.51             886.685             -5.68434e-14        33.8986             
322000              7100                802.765             1839.42             1347.43             28.4721             
232000              3000                1436.25             455.242             1292.22             157.442             
202000              3800                1005.25             818.004             33.163              85.186              
322000              8800                1210.51             729.131             -1.42109e-13        0                   
322000              6100                984.452             261.127             1455.65             0                   
322000              3000                990.298             274.174             1455.65             0                   
232000              3000                2050.9              655.796             624.532             89.4609             
322000              5000                948.163             209.573             4013.47             89.7261             
322000              3000                1867.41             572.521             148.646             0                   
232000              4800                1222.23             827.238             8.81996             5.60456             
232000              3000                1247.16             318.966             1481.31             163.388             
322000              7100                880.881             953.135             361.296             113.749             
322000              3400                2038.43             553.158             6.19951             12.9815             
417000              4800                902.696             818.004             232.368             121.809             
299000              3800                1085.05             865.559             16.32               129.393             
232000              3800                1134.79             342.08              53.7281             90.8759             
232000              3800                1394.91             907.812             -5.68434e-14        133.575             
232000              3000                1658.05             643.984             1016.34             11.4461             
317000              4800                1143.75             772.088             1.98225             140.578             
322000              3000                1092.02             304.341             1353.93             158.983             
232000              3400                1219.41             1217.81             300.993             10.9141             
232000              3000                1575.15             504.263             1151.54             46.9258             
322000              3800                1042.69             267.176             1718.41             0                   
232000              3400                1041.88             305.242             1635.33             151.339             
232000              3000                1323.1              394.903             1405.37             151.339             
322000              6700                793.247             248.854             1554.54             0                   
322000              5800                1023.91             246.645             3387.99             66.1543             
322000              7100                942.15              777.53              29.0945             0                   
322000              3400                912.557             253.908             1886.95             0                   
322000              3000                1313.95             341.766             1156.45             119.275             
232000              3400                1209.05             326.501             1317.91             30                  
232000              6700                895.532             251.693             1293.64             28.4721             
322000              3000                1992.31             1675.63             6.19951             4.3945              
299000              3800                1093.14             885.591             11.5142             18.992              
232000              3800                982.296             919.508             272.736             0                   
232000              6700                937.428             299.119             1250.46             0                   
232000              3000                1493.84             548.906             1251.15             117.374             
322000              3400                1203.49             401.134             606.706             0                   
322000              7000                1409.94             877.624             -1.7053e-13         158.567             
232000              3800                1327.76             918.609             -1.42109e-13        37.55               
322000              6100                915.871             251.059             2108.68             88.4031             
322000              3800                1112.12             832.342             -1.24345e-14        164.016             
322000              5400                1072.04             235.359             3265.84             139.602             
322000              5000                965.219             209.573             3996.41             135.944             
322000              8100                931.064             818.004             177.866             0                   
232000              3400                1412.49             379.366             999.257             0                   
437000              4800                878.803             1168.7              780.908             32.4031             
322000              3000                1728.81             564.895             799.055             3.89231             
232000              3000                1795.8              514.106             976.656             2.58217             
202000              3800                1047.97             838.317             26.1545             129.393             
232000              6100                1160.33             295.097             2146.85             0                   
322000              3000                2048.85             572.521             0                   86.162              
417000              9100                926.306             729                 207.146             0                   
322000              3000                1715.85             1701.24             301.998             0                   
299000              5800                967.938             818.004             302.828             0                   
232000              3400                1036.09             300.907             2234.15             12.907              
322000              3000                1871.35             528.784             182.735             116.485             
232000              3400                1231.38             374.47              69.7064             10.9141             
322000              3000                1735.48             1701.24             282.37              32.747              
322000              7000                1132.63             777.53              -1.42109e-13        0                   
232000              6500                1038.21             302.832             1734.09             151.339             
232000              3000                1940.33             630.971             735.723             108.041             
322000              7100                830.135             226.469             497.354             0                   
322000              7100                821.962             210.272             2273.69             73.3924             
322000              3800                908.71              762.425             73.1004             91.8089             
322000              3800                921.836             866.672             171.005             0                   
301000              4800                1082.02             744.246             27.1779             129.393             
322000              3000                1939.69             523.327             130.589             165.067             
322000              7100                815.965             217.762             494.816             73.3924             
322000              5400                1098.18             231.864             3998.63             0                   
232000              3000                1423.17             501.582             1298.48             82.8018             
232000              6700                964.704             248.844             2375.52             0                   
532000              5800                877.206             1078.4              917.266             30                  
301000              4800                1128.88             806.505             27.1779             61.576              
232000              3800                1179.47             915.785             35.3103             19.8421             
232000              4800                1373.81             427.26              64.4302             0                   
322000              3000                1980.53             1674.72             18.6948             149.466             
532000              5800                875.871             1078.4              1007.54             0                   
322000              3800                1336.87             828.493             -5.68434e-14        117.681             
322000              3000                2088.96             726.773             6.19951             0.177289            
322000              3000                1988.23             1699.28             32.4304             36.0383             
322000              5800                1020.58             227.638             3778.98             24                  
232000              3000                1693.32             478.253             1043.28             69.9042             
322000              3400                908.901             253.908             1986.06             56                  
322000              5000                1003.6              209.573             3958.03             163.592             
232000              3800                1100.91             305.242             88.9764             19.8421             
322000              3000                1253.95             532.383             1192                130.026             
322000              5000                971.115             209.573             3990.52             40.8422             
322000              3800                886.418             253.908             718.787             54                  
232000              6500                1028.49             300.673             1736.99             0                   
322000              7100                851.804             217.641             1376.49             55.2771             
232000              3000                2086.83             655.796             589.225             156.203             
322000              3000                1832.58             1701.24             196.126             20.2555             
322000              7700                1075.39             777.53              -1.42109e-13        42.7707             
232000              3400                1287.67             402.508             13.4247             52.2046             
202000              3800                1003.86             830.387             54.3502             0                   
322000              3400                1127.45             1413.2              785.557             0                   
232000              6100                1092.58             291.664             1781.9              30                  
232000              6000                1045.59             280.324             2162.65             44.0766             
322000              7100                843.948             217.762             362.055             113.749             
232000              3400                1374.02             353.694             1077.54             143.448             
322000              7700                925.513             300.671             98.9678             62.6049             
232000              3000                1318.35             396.482             1471.46             42.9945             
322000              5700                969.228             253.408             1695.19             30                  
232000              3000                1960.45             559.526             831.131             23.5565             
322000              7100                821.817             1024.98             412.981             100.327             
322000              3000                2088.19             719.529             0.720355            25.6636             
322000              5000                1154.26             250.707             3972.36             0                   
232000              3000                1815.74             654.789             863.68              39.9978             
232000              6500                1069.52             310.215             154.739             0                   
322000              3800                904.77              337.213             329.21              121.809             
322000              7100                988.284             316.037             0                   112.902             
322000              3800                1027.41             280.631             27.0722             0                   
322000              3000                1543.13             435.163             984.339             86.2977             
322000              3400                909.396             297.139             700.418             22.8839             
232000              3400                1101.15             300.554             2382.74             0                   
232000              5400                1026.16             284.121             2163.1              0                   
232000              6500                986.371             282.939             2204.09             131.694             
322000              6700                794.176             208.824             2423.48             0                   
322000              7100                818.017             1024.98             492.764             73.3924             
232000              6700                903.054             251.693             1284.84             111.814             
322000              7100                947.579             286.494             24.4979             85.1018             
322000              6700                800.986             208.824             2416.67             43.831              
322000              3000                2048.68             572.521             0                   130.863             
322000              3800                900.679             253.908             2173.13             30                  
232000              3800                1197.81             400.272             0                   62.8071             
232000              3400                1208.19             328.011             1318.78             102.96              
437000              4800                878.745             1177.16             790.639             101.099             
322000              7100                879.423             231.678             361.296             141.368             
322000              6000                833.25              226.386             2293.42             0                   
322000              3000                1352.05             423.745             1095.57             62.4235             
322000              7100                805.705             1839.42             1344.49             0                   
322000              7100                826.716             220.442             381.785             43.3924             
322000              3400                908.831             253.908             1986.13             88.4031             
419000              9100                823.387             924.258             1037.41             0                   
419000              9100                815.08              924.258             1020.74             73.3924             
232000              3000                2089.51             655.796             586.544             126.203             
322000              7100                874.142             954.604             364.705             43.3924             
322000              3400                930.713             248.455             768.696             99.5301             
516000              4800                1330.58             929.962             -1.13687e-13        0                   
322000              5400                976.502             214.496             3796.24             98.6657             
232000              3000                1219.55             314.396             1502.1              72.9598             
322000              6700                836.047             1755.54             1193.67             0                   
322000              8100                1112.51             735.601             -1.7053e-13         0                   
322000              3000                1684.62             456.78              680.242             138.671             
232000              3000                1526.62             455.242             1200.06             0                   
232000              3000                1810.47             507.298             859.928             126.203             
232000              3400                1516.28             1092.08             -2.84217e-14        163.802             
232000              4800                1462.94             739.277             -1.42109e-13        0                   
322000              3000                986.842             274.174             1550.56             30                  
232000              3400                1382.41             998.495             6.96261             0                   
322000              3000                1823.23             496.223             521.306             91.4973             
322000              3000                1959.47             549.808             91.3792             48.6001             
232000              3400                1333.26             1021.7              0.927004            139.811             
232000              6700                1036.65             295.427             1151.25             70.2054             
232000              3000                2088.64             659.516             605.977             0                   
322000              3800                899.59              1016.03             439.586             99.5301             
322000              7100                920.919             275.276             135.66              22.8839             
232000              3000                2079.78             659.516             604.529             70.2899             
232000              3000                1946.49             630.971             729.56              160.987             
322000              7100                824.108             1119.23             503.38              28.4721             
232000              3000                1864.56             654.789             814.852             148.741             
232000              3400                1002.85             300.907             2231.67             42.907              
232000              3000                2101.68             1760.31             -1.13687e-13        175.783             
322000              3000                1158.45             397.954             1289.16             15.5259             
232000              6700                1147.53             298.48              1092.78             41.0496             
232000              3800                1190.15             397.442             0                   104.1               
322000              3000                1388.52             469.561             1059.09             0                   
322000              7100                805.354             220.442             2374.83             28.4721             
202000              3800                1021.71             818.004             32.1068             176.478             
322000              6100                943.047             246.827             1721.55             56                  
232000              3800                971.327             303.688             471.744             42.907              
322000              8100                886.544             954.604             373.531             0                   
232000              3000                1223.52             312.887             1498.13             119.954             
232000              3400                1424.63             466.558             0                   17.8017             
322000              3800                905.255             762.425             77.9063             121.809             
232000              3400                1408.86             466.558             6.96261             0                   
