210000              5800                952.075             211.215             4340.97             31.3852             
210000              6000                2281.25             654.75              154.193             59.7145             
210000              5800                1104.11             315.946             1139.79             0                   
325000              5800                868.608             1740.96             1235.1              80.5805             
210000              5800                2209.62             668.811             218.599             0                   
210000              5800                1363.23             456.172             804.928             45.5323             
210000              5200                1114.86             1760.88             1059.98             91.2319             
210000              5800                975.811             227.23              4076.96             31.9018             
210000              6000                1909.36             722.976             280.393             42.574              
210000              5400                880.031             286.262             1483.08             0                   
210000              5800                934.139             250.603             1345.15             30                  
210000              5200                1106.77             1760.88             1068.08             31.3852             
210000              5200                1990.78             707.847             243.463             42.574              
210000              6000                1061.61             203.403             6446.68             0                   
210000              5200                853.214             237.045             2152.19             86.7703             
210000              5800                1109.5              293.92              1109.06             64.7022             
210000              5200                907.55              288.134             2130.75             31.3852             
210000              5800                1015.34             293.689             1159.5              43.831              
210000              5200                2039.72             670.03              233.986             75.4369             
210000              6200                1059.62             229.81              3775.32             0                   
210000              5000                2433.01             672.021             3141.83             0                   
210000              6000                1955.98             556.002             264.322             0                   
185000              7000                3224.53             2994.03             7652.57             201.617             
210000              5400                999.381             205.558             5209.67             30.5166             
210000              6000                1915.75             578.12              304.027             85.9256             
210000              5200                2168.79             708.658             165.349             47.3755             
210000              5200                1106.78             290.075             1111.74             84.1495             
210000              5000                3191.27             739.111             2156.33             57.1801             
185000              7000                3100.6              633.255             7775.8              201.617             
210000              5200                2180.9              702.668             148.141             76.3537             
210000              5800                2137.6              691.994             148.141             76.3537             
185000              7000                3122.77             1669.18             7753.63             201.617             
210000              6200                970.419             211.215             3983.32             63.2869             
185000              7000                3036.83             633.255             8530.15             164.546             
210000              5600                900.766             257.701             2042.64             31.3852             
210000              6100                1266.64             366.471             971.643             0                   
210000              5800                1838.11             508.161             398.026             21.0814             
210000              5000                2036.43             454.574             3524.99             88.5712             
210000              5200                854.202             234.473             2151.2              63.9387             
210000              6400                1780.07             525.437             431.345             33.243              
210000              5400                1183.84             348.835             1067.57             26.6056             
210000              5000                2483.08             563.992             2778.47             44.489              
210000              5200                1274.28             335.459             953.725             41.4452             
210000              5400                945.76              285.012             1201.89             43.831              
210000              5800                2200.57             778.627             161.365             40.1505             
210000              5000                1242.73             281.323             4413.17             28.2426             
210000              5200                1160.69             316.21              1077.67             0                   
210000              5000                1593.32             415.564             4031.47             0                   
210000              6400                1081.72             203.403             5815.64             66.8136             
210000              5400                1040.31             274.561             1167.1              0                   
210000              5800                1470.59             398.278             727.698             62.0991             
210000              5800                1604.57             512.346             617.78              51.8195             
210000              6000                981.895             275.944             1201.16             79.6412             
210000              5800                1877.31             600.212             376.666             35.2864             
210000              5800                2029.74             726.066             202.08              62.3998             
210000              5400                977.95              211.215             4516.81             61.9018             
210000              6400                1917.98             569.594             330.573             23.5113             
210000              5200                1275.28             431.915             899.525             58.702              
185000              7000                3161.83             3230.71             7715.27             253.112             
210000              5800                1361.99             1784.9              785.627             121.176             
185000              7000                3093.67             633.255             7782.73             164.546             
210000              6000                1888.95             581.068             310.285             50.6391             
210000              5000                2226.46             451.421             3485.95             52.4721             
210000              5400                1000.15             205.558             5208.9              61.3852             
210000              5200                961.99              295.952             1256.53             88.2161             
210000              5800                1397.34             373.134             788.768             13.0707             
210000              5800                1438.96             385.083             747.148             85.1442             
210000              5200                1279.51             335.459             948.496             88.0685             
210000              5200                1394.24             484.846             780.571             82.7373             
210000              5200                1859.74             580.131             474.178             0                   
210000              5200                1537.18             567.1               716.172             43.831              
185000              8000                3049.24             3338                10421.7             143.602             
210000              5000                2051.55             457.226             3492.24             0                   
210000              5200                1387.51             1760.88             787.305             97.7351             
210000              5000                3337.35             734.254             2006.74             50.8495             
210000              5200                2160.98             628.911             219.08              0                   
210000              5800                1280.7              395.305             937.813             0                   
210000              5800                868.814             288.398             1618.12             62.7703             
210000              5400                1259.48             366.798             1000.92             0                   
210000              5200                1452.53             1760.88             785.793             34.1045             
210000              6400                1099.13             203.403             5798.23             104.758             
210000              5800                2271.54             668.811             156.685             59.7145             
210000              5200                1657.88             567.493             613.367             69.9445             
210000              6000                2038.25             606.074             166.083             61.2538             
210000              5000                1241.84             281.323             4414.05             0                   
210000              5600                845.7               264.437             1763.97             0                   
210000              5000                2209.2              490.207             3036.54             31.8869             
210000              5800                1727.27             462.038             488.336             76.2451             
210000              5400                1287.85             388.217             917.737             56.158              
210000              5000                1506.29             405.105             4163.45             88.3417             
210000              5800                1393.5              1784.9              754.116             111.144             
210000              5200                865.518             234.473             2139.89             43.831              
210000              6000                1045.83             274.561             1157.76             31.3852             
210000              5600                847.442             267.009             1762.23             86.7703             
210000              6400                1157.87             1760.88             1037.07             35.8102             
210000              5200                996.194             282.347             1274.03             35.8102             
210000              5200                2210.79             628.911             174.373             25.6402             
210000              5200                1123.39             1760.88             1051.45             67.9875             
210000              5200                1414.54             478.102             838.808             0                   
210000              5200                1867.67             511.688             515.123             46.1461             
210000              5200                1111.55             295.952             1107.02             51.7022             
210000              6000                1069.4              203.403             6068.15             0                   
210000              5000                1557                342.684             4083.99             71.0967             
210000              5800                1934.62             690.5               297.201             16.6391             
210000              5800                2173.73             613.452             175.917             12.0287             
210000              6200                976.527             206.394             4008.58             31.9018             
210000              5800                2112.4              686.318             209.606             23.5113             
210000              5000                2282.44             486.152             2963.29             81.3685             
210000              5400                1349.97             409.366             900.714             79.6412             
210000              5400                956.357             285.012             1191.3              79.6412             
210000              5800                972.902             210.534             4351.52             79.6934             
210000              5200                2065.02             592.008             310.555             25.6402             
210000              5800                1487.26             529.667             660.363             0                   
210000              6000                1064.81             203.403             6443.48             40.8136             
305000              7200                914.117             233.784             2712.35             62.7703             
210000              5800                1519.18             476.678             719.144             20.9886             
210000              5200                2001.61             596.639             326.593             59.698              
210000              5200                855.032             234.473             2150.37             0                   
210000              5800                868.994             288.398             1617.94             31.3852             
210000              5800                971.955             205.558             4352.46             61.9018             
210000              5000                2613.49             751.904             2678.09             93.06               
210000              5200                1649.12             1760.88             622.118             57.4987             
210000              5600                844.87              264.437             1764.8              62.7703             
210000              5800                1764.66             456.77              515.521             46.1461             
210000              5800                1449.45             1760.88             785.793             34.1045             
210000              5200                2019.27             652.97              289.931             0                   
210000              5000                3322.11             734.254             2052.7              0                   
210000              5000                1293.28             303.923             4294.88             87.93               
210000              5200                2222.9              628.911             157.165             59.7145             
210000              5000                3114.31             724.392             2329.32             79.6847             
210000              5800                2313.3              733.573             145.625             73.8156             
210000              5800                952.256             211.215             4340.79             0                   
210000              5000                1372.13             330.252             4216.03             0                   
210000              5800                1222.58             361.217             957.963             49.95               
210000              5800                881.161             287.327             982.603             67.1954             
210000              6000                1064.61             203.403             6443.67             26                  
210000              5000                3154.91             679.562             2189.19             0                   
210000              5200                1655.17             567.493             616.075             26.1135             
210000              5000                3147.12             688.79              2200.49             40.0247             
210000              5000                1239.44             281.323             4416.45             61.3852             
210000              6400                1848                525.437             383.951             53.5609             
210000              6000                2005.57             581.068             193.667             20.0287             
210000              5400                2113.5              707.847             200.419             42.574              
210000              5000                3040.92             724.392             2388.82             0                   
210000              5800                1628.72             585.701             552.38              31.3852             
210000              6400                1078.93             203.403             5818.42             0                   
210000              5000                3337.66             715.371             2042.75             14.0247             
210000              5000                2909.24             644.264             2474.25             57.6056             
210000              5200                1056.4              282.317             1405.51             70.6497             
210000              5400                1521.81             421.98              737.164             0                   
210000              5000                3318.56             755.833             2029.04             83.5518             
210000              5200                2203.19             622.717             176.875             85.2976             
210000              5200                1485.03             521.316             689.78              73.7749             
210000              5000                2790.99             625.169             2638.75             0                   
210000              5400                979.078             211.684             4515.68             30                  
210000              5200                965.703             285.78              2078.19             62.7703             
210000              5400                1067.96             316.182             1100.23             86.8309             
210000              5200                1479.26             508.293             767.216             34.1045             
210000              5800                1525.65             527.758             680.997             78.8698             
210000              5000                1489.1              443.514             4099.05             30                  
210000              5800                1698.84             585.701             457.835             76.977              
210000              5200                1740.59             522.603             587.179             0                   
210000              5000                1359.29             287.39              4296.6              30                  
210000              5800                2033.9              592.008             219.08              0                   
210000              5800                882.593             1784.9              1292.39             0                   
210000              6000                934.885             256.864             1239.96             0                   
210000              5000                3261.59             696.68              2086.01             76.8495             
210000              5200                1101.86             290.075             1116.71             20.8712             
210000              6400                998.043             265.458             1211.65             35.8102             
210000              5800                1682.74             585.701             464.878             0                   
210000              5800                1813.94             517.368             435.424             0                   
210000              5000                3219.23             683.933             2124.86             14.0247             
210000              5800                881.763             1784.9              1293.22             62.7703             
210000              6000                1082.85             203.403             6054.7              37.9443             
210000              5200                1388.2              1760.88             786.614             114.122             
210000              5400                1001.6              205.558             5207.45             0.516616            
210000              6200                977.656             206.394             4007.45             0                   
210000              5600                1039.97             289.716             1199.89             31.3852             
210000              5200                1587.87             567.1               703.968             0                   
210000              5000                3274.41             739.111             2073.19             40.0247             
210000              6400                953.808             278.685             1237.31             0                   
210000              5000                1272.24             297.912             4315.92             38.0554             
210000              5800                967.768             251.059             1219.43             79.6412             
210000              5800                1975.88             690.5               255.935             40.1505             
210000              5400                1016.47             1760.88             1151.72             0                   
210000              5800                2176.28             616.89              151.779             84.2134             
210000              5200                1636.39             588.284             664                 82.1813             
210000              5800                1647.49             440.583             604.992             0                   
210000              5200                1318.64             1760.88             856.165             37.5116             
210000              5800                869.644             288.398             1617.29             0                   
210000              5000                1240.49             281.301             4415.41             88.3417             
210000              5800                1376.32             497.792             771.295             73.7749             
210000              5200                2262.38             661.513             196.542             14.1011             
210000              5400                1933.2              707.847             287.332             42.574              
210000              5200                1949.51             707.847             284.729             19.0627             
210000              5200                1003.12             300.225             1188.53             11.3466             
210000              6400                1034.03             325.477             1140.81             0                   
210000              5200                949.164             290.075             1269.35             0                   
210000              5200                1338.81             368.125             921.592             0                   
210000              5800                978.664             250.603             1237.62             0                   
