202000              3800                1134.77             339.035             264.374             147.207             
185000              5800                888.091             2771.73             2443.91             46.9641             
187000              5800                924.083             232.801             4002.94             65.7418             
202000              3400                1179.56             429.865             1558.69             0                   
187000              5400                3608.92             874.404             292.861             0                   
187000              5400                894.775             207.611             4032.25             0                   
187000              6800                1701.67             487.202             717.925             1.65713             
187000              6800                1952.68             616.681             517.292             262.22              
414000              5400                835.642             1719.54             814.39              0                   
299000              5800                1710.04             509.05              0                   0                   
185000              7400                865.461             2634                1889.61             32.241              
187000              7700                1000.01             1958.41             1295.63             434.518             
202000              6500                1791.41             1833.16             72.5082             317.345             
202000              6700                921.802             256.4               2480.15             0                   
187000              5200                1154.45             1899.74             622.509             437.213             
187000              6200                3361.74             919.91              332.455             214.409             
187000              5800                1522.26             2237.31             596.678             206.143             
187000              5800                1384.05             306.956             2021.48             289.147             
284000              7100                899.305             590.207             42.0577             87.9262             
187000              6200                3155.17             808.632             1317.28             0                   
297000              6000                677.572             191.986             1610.83             239.339             
202000              3800                1253.26             1254.08             122.873             0                   
202000              6100                938.362             269.272             2279.35             0                   
187000              6800                1828.28             1958.41             453.678             359.978             
399000              5000                1052.17             235.805             2961.61             152                 
187000              5800                3602.9              890.509             329.946             0                   
187000              6400                2965.1              1181.91             560.03              0                   
187000              5400                2536.79             739.736             2341.98             93.1343             
187000              5400                3321.54             761.421             1552.72             0                   
187000              7000                2721.94             1181.91             721.509             0                   
297000              6400                643.806             233.888             2229.66             93                  
185000              6400                842.873             1950.26             1601.78             94.241              
187000              6500                1717.42             2316.91             538.423             414.931             
202000              3800                1105.81             1254.08             249.941             0                   
185000              5200                892.682             2634                1444.1              237.424             
299000              6000                1598.51             498.874             13.3961             68.5648             
187000              5200                1077.63             2320.54             1091.52             657.101             
187000              5200                2334                2386.38             103.489             498.761             
187000              5400                1268.3              329.52              2906.93             133.478             
202000              3400                1075.88             326.182             1585.15             0                   
187000              6400                1190.21             1808.11             805.372             522.503             
187000              6800                1275.79             652.781             2245.28             0.337052            
202000              3400                1037.13             349.999             1848                0                   
299000              5200                935.521             268.224             1493.17             271.86              
185000              5400                767.658             2032.59             1447.59             187.25              
187000              5800                2032.89             2795.18             836.717             173.994             
187000              7000                3018.99             882.405             494.586             123.16              
187000              5400                1996.94             1878.52             2491.45             0                   
187000              5800                1203.79             2010.18             2817.99             80.453              
187000              6800                3032.27             772.531             632.081             0                   
187000              6000                1144.13             3278.05             963.139             1087.35             
202000              3400                923.993             274.202             2444.5              37.1423             
297000              6400                656.924             497.422             2.29037             0                   
187000              6000                1033.18             1663.1              3311.3              133.078             
187000              6200                1391.07             1846.26             602.242             363.161             
202000              3400                1351.42             494.121             1344.29             163.466             
187000              5400                3260.86             1719.95             697.744             0                   
187000              6200                1472.15             366.812             1801.41             269.239             
187000              5800                1386.91             448.269             3001.59             0                   
299000              5800                831.173             1742.05             841.363             0                   
187000              5400                1069.44             1709.03             3450.91             296.792             
202000              3800                1126.78             339.035             274.959             0                   
202000              6500                1251.29             1254.08             122.873             0                   
202000              6500                1027.3              419.733             326.474             0                   
187000              6800                3425.11             908.137             221.073             264.155             
187000              7500                1864.22             1795.93             210.308             153.777             
187000              6700                1035.58             256.309             3565.76             0                   
297000              5800                670.339             179.953             1942.5              0                   
185000              7400                758.843             1740.23             1319.27             255.037             
187000              5400                3221.43             705.346             994.166             209.004             
187000              7000                1302.99             356.956             992.715             238.14              
187000              5800                1872.15             605.282             1628.73             300.252             
187000              5800                1207.66             1181.91             2066.76             80.453              
202000              7100                1275.69             1254.08             111.229             163.466             
398000              5400                2228.38             2021.58             -1.98952e-13        244.437             
297000              7100                700.98              497.55              0                   0                   
187000              6800                1904.89             2237.31             399.893             299.697             
187000              5400                924.081             196.3               3964.55             214.383             
297000              7000                708.326             245.328             0                   0                   
299000              5800                831.003             249.712             841.533             0                   
187000              5400                3504.94             803.214             405.606             258.469             
187000              6400                1197.55             1134.19             1951.2              0                   
187000              7000                1114.56             1929.11             1007.43             512.207             
202000              3800                978.555             1254.08             376.591             220.789             
207000              5800                867.045             1826.11             1145.66             261.253             
187000              6200                2218.02             532.839             1129.23             304.15              
187000              7500                1821.32             2298.79             522.505             209.725             
185000              7700                835.32              1944.02             2195.61             108.964             
187000              6000                882.307             195.396             4044.71             82.6056             
187000              5800                2222.22             1181.91             1350.51             0                   
297000              6700                662.563             195.3               1689.04             12                  
297000              5400                650.666             186.795             2396.8              33.5983             
187000              5400                1952.85             567.704             2783.61             225.852             
297000              6400                645.465             679.63              195.957             93                  
187000              7700                1939.73             1995.31             291.482             89.08               
185000              6400                938.471             2634                2350.07             2.13317             
185000              7100                814.67              2906.73             3150.19             77.8117             
187000              5800                2550.79             1134.19             906.236             60.4787             
202000              3800                973.501             294.862             380.156             237.429             
299000              5200                1652.18             485.082             29.966              127.596             
187000              5400                1028.79             250.028             3635.9              270.431             
297000              6400                721.021             257.04              0                   0                   
187000              7700                1862.04             1888.83             297.05              282.959             
187000              6000                1172.45             416.35              3172.03             195.059             
187000              6200                2564.14             632.626             857.821             330.43              
187000              5800                3284.52             750.556             617.258             0                   
187000              5800                2823.8              747.283             752.589             175.876             
297000              7100                640.831             236.137             208.777             0                   
394000              7000                871.524             803.387             -5.68434e-14        60.0006             
187000              5800                1574.97             1958.41             289.224             645.556             
297000              6100                629.475             196.169             2426.55             0                   
187000              5400                1127.76             2183.58             979.155             278.429             
187000              5800                3583.35             958.302             181.032             137.287             
202000              3400                985.067             278.741             2088.08             22.8744             
187000              7000                1394.14             356.956             1637.6              0.231136            
187000              6000                875.087             189.882             4051.93             0                   
187000              5400                1258.18             293.518             3556.37             0                   
187000              6800                1413.87             1564.75             879.385             1.65713             
202000              3800                930.937             1254.08             428.198             73.9731             
187000              5200                1870.45             2232.37             280.366             311.778             
302000              3800                1354.15             1301.17             105.062             148.873             
187000              6200                3226.77             920.031             471.831             185.387             
299000              5800                927.192             331.258             325.461             0                   
187000              6400                1358                279.551             2903.93             212.902             
202000              3800                1102.16             1254.08             306.412             163.466             
185000              6700                775.024             1989.36             1527.79             190.314             
299000              5400                830.886             238.818             855.241             152                 
207000              7100                761.521             1919.9              3176.3              185.186             
207000              6700                816.365             1951.37             1237.93             408.228             
187000              6200                1860.68             2316.91             487.655             513.007             
202000              7100                880.043             261.839             2684.33             0                   
187000              5400                1830.69             445.547             2905.77             0                   
187000              6800                1277.11             1552.36             1784.05             238.246             
297000              7800                623.084             226.085             259.736             0                   
187000              5400                3565.22             874.404             419.408             150.81              
202000              6500                1249.71             421.181             212.195             158.803             
187000              5400                3573.6              1699.01             364.069             0                   
187000              6400                1376.6              2971.93             918.339             289.42              
202000              7100                1123.51             358.85              261.315             0                   
399000              5000                975.286             205.989             3616.36             152                 
297000              6400                702.975             233.04              1004.89             0                   
187000              5800                1391.37             1958.41             499.646             445.814             
187000              6800                1401.43             363.528             2692.62             240.462             
297000              5400                697.361             238.87              1142.57             0                   
187000              6200                3347.19             1134.19             321.918             0                   
187000              5400                3253.58             807.343             816.113             5.14011             
202000              3400                1340.02             494.121             1355.68             0                   
185000              6000                816.025             2010.19             1086.12             354.52              
187000              5400                958.401             225                 3687.17             0                   
202000              4000                1033.25             328.047             321.895             74.4556             
399000              5000                979.117             205.989             3604.49             0                   
202000              6500                1444.81             576.72              120.485             44.831              
297000              6700                719.066             206.711             1507.42             0                   
202000              3800                879.35              274.202             553.018             0                   
202000              3400                1236.73             380.574             1456.3              76.2452             
202000              6500                878.521             265.648             2106.75             0                   
187000              5800                1180.12             302.99              3505.7              0                   
299000              5200                1693.5              535.916             0                   30.6027             
297000              5200                738.288             212.481             1821.95             0                   
202000              3400                949.107             274.202             2283.21             0                   
187000              6200                3510.49             953.575             324.786             49.7105             
185000              6400                904.727             2634                2388.09             66.1332             
202000              3800                1264.18             494.154             112.541             76.2452             
202000              6500                1251.29             496.448             122.873             0                   
187000              5800                3226.23             905.686             669.505             0                   
297000              5800                839.319             233.262             1421.59             0                   
299000              5200                1530.08             445.633             88.3357             0                   
302000              3800                1372.99             1301.17             91.5839             198.433             
187000              6200                3385.08             892.813             391.343             0                   
202000              6500                881.026             1254.08             472.149             0                   
297000              5400                679.171             201.076             1546.93             0                   
187000              6200                3555.05             959.938             181.032             0                   
299000              5400                833.055             238.818             839.48              0                   
297000              6400                647.613             236.137             217.275             32.5886             
202000              3800                1197.34             399.012             222.854             199.256             
202000              6500                1002.78             1254.08             351.512             73.9731             
297000              7100                687.698             218.73              293.936             80.0711             
297000              5800                668.331             197.492             2510.55             0                   
187000              6200                3408.38             903.529             362.162             121.144             
202000              3800                920.205             276.272             433.453             73.9731             
202000              6500                982.89              359.474             368.795             220.789             
187000              6000                1062.45             300.569             3583.12             0                   
399000              5000                1056.04             268.711             3395.77             0                   
202000              3800                1314.95             1267.32             110.41              162.248             
202000              7100                928.595             301.102             426.304             0                   
297000              6100                658.68              208.107             1546.93             0                   
187000              6000                887.555             195.372             3763.17             0                   
187000              5400                916.687             188.176             4022.43             168.431             
202000              6500                1245.95             1254.08             128.215             153.322             
202000              3800                1197.59             1254.08             176.45              73.9731             
202000              6500                1103.44             437.637             250.338             76.2452             
202000              7100                1262.48             493.495             112.616             76.2452             
202000              6500                918.064             299.854             435.111             141.451             
202000              3800                1009.19             1254.08             349.94              309.789             
202000              7100                944.493             301.102             410.406             73.9731             
202000              6500                883.04              269.272             472.738             0                   
202000              3800                1300.96             494.121             111.153             163.466             
202000              6500                991.956             1254.08             359.73              231.605             
202000              3800                1386.79             515.005             120.509             0                   
202000              6500                935.202             263.38              2444.5              37.1423             
