37000               3720                2173.96             224                 255.82              13.2701             
35000               4260                3464.88             170.717             516.208             59.036              
54000               3630                1633.06             180.509             606.553             56.4888             
37000               3600                1811.4              221.028             623.039             36.7241             
61000               3420                1977.34             151.08              116.56              46.1387             
37000               3360                2748.54             158.17              173.117             50.3618             
54000               3540                2136.03             145.68              49.3615             18.9873             
37000               3660                1717.54             180.509             460.756             32.9027             
37000               3930                1899.58             209.587             663.816             19.9501             
37000               4560                2138.96             126.846             440.154             71.5822             
37000               3390                3512.57             217.855             130.624             0.469594            
79000               4110                1669.06             149.173             473.215             54.4648             
57000               3180                2930.23             177.467             288.82              0                   
82000               3390                3047.6              167.235             143.951             34.3834             
60000               3270                3086.47             205.795             74.4603             38.3744             
37000               3390                3374.88             219.792             264.466             0.469594            
37000               3630                2018.02             236.869             212.765             8.52758             
35000               4020                3455.93             195.479             445.239             49.6045             
88000               4320                1655.37             114.757             738.284             9.23013             
88000               4500                1743.01             114.757             610.484             9.23013             
37000               3360                2899.95             167.555             160.556             65.3865             
83000               4110                2951.41             181.576             22.2189             0                   
37000               4350                1964.57             239.136             587.396             2.79525             
37000               4860                2353.7              174.253             69.2148             1.77169             
37000               4710                2260.41             140.48              358.333             23.5841             
37000               3780                2349.17             136.599             653.062             55.5643             
37000               4200                1772.79             166.555             613.372             68.9972             
58000               3210                2775.09             164.326             189.183             29.3922             
37000               3180                2796.24             193.516             253.173             18.0488             
37000               3180                2285.95             207.517             678.107             3.35448             
37000               3480                1689.04             180.509             542.694             52.1224             
74000               3540                2275.39             214.082             44.7147             2.30976             
37000               3960                1819.41             149.752             151.461             50.6169             
63000               3210                2074.81             140.323             648.463             31.6996             
78000               3480                2102.25             189.064             44.7147             1.69871             
37000               4260                2183.74             160.026             33.757              68.8389             
79000               4350                1669.87             135.873             497.845             58.6812             
37000               4500                1932.15             118.404             740.582             0.0846329           
79000               3690                1859.19             114.757             572.28              0                   
37000               3390                3209                187.59              38.0146             24.3409             
37000               3180                2678.06             173.085             425.954             0                   
57000               4470                1729.96             155.028             742.83              68.9972             
54000               3300                2676.05             142.721             344.149             0.44897             
80000               3900                2356.56             157.007             36.581              42.3232             
37000               4260                2893.29             153.386             49.4221             0                   
74000               4020                1815.06             167.137             205.761             5.51905             
37000               4560                2268.69             182.818             568.081             0                   
37000               3270                2884.89             193.516             83.0914             59.0023             
62000               4140                2901.2              178.593             17.5553             1.45934             
37000               3450                1872.1              151.08              93.6941             30.202              
37000               3150                2107.81             153.574             522.742             31.6996             
37000               3840                2414.42             153.805             38.313              60.5693             
62000               3660                1642.37             163.432             573.52              21.0578             
61000               3270                2695.96             143.939             415.279             27.8771             
79000               3510                1695.94             158.028             779.581             49.1787             
75000               4380                2962.34             176.032             21.9244             0                   
37000               4050                2167.51             124.034             492.825             58.4153             
37000               3180                2121.78             140.518             718.221             2.97746             
54000               3420                2095.29             161.087             52.8023             0.635126            
63000               3180                2081.92             140.518             721.739             2.89282             
62000               4500                1747.13             132.806             577.798             0                   
123000              3480                3756.45             174.305             45.7616             8.55639             
35000               3930                3157.62             192.526             591.882             71.6849             
37000               3990                2737                189.318             41.6265             14.1341             
54000               3690                1984.06             124.515             147.873             5.92657             
80000               3240                3227.87             205.795             74.4603             38.3744             
37000               3390                2258.8              231.129             665.89              0                   
37000               4710                2313.21             167.713             115.843             0                   
37000               3150                1952.33             145.282             633.191             43.6821             
37000               4560                1821.77             146                 740.445             47.9952             
37000               4500                2266.93             170.298             27.6799             56.8734             
37000               3750                1955.36             180.509             39.1785             37.6823             
37000               3180                2751.14             198.548             351.645             0                   
37000               3420                3300.83             193.743             59.4451             0.945257            
54000               3870                1929.37             182.589             166.365             0.0846329           
112000              3750                1861.12             127.625             568.275             0                   
79000               3600                2115.05             117.059             515.955             22.605              
37000               4080                1769.82             127.85              771.254             68.9972             
62000               3960                1925.08             122.888             305.365             71.6511             
57000               3360                2148.6              202.408             169.073             51.59               
37000               3120                1975.89             140.518             719.334             67.5476             
54000               3480                3096.46             197.13              47.6105             43.077              
37000               3690                1961.1              239.957             609.711             10.3366             
57000               4110                2885.85             153.795             29.1778             14.2251             
88000               4200                1846.18             171.685             581.516             0                   
35000               3930                3267.75             171.95              529.006             51.3071             
37000               4260                1909.29             227.914             555.577             23.7851             
62000               3600                1671.74             163.432             708.798             0.235384            
37000               4320                2086.26             180.7               58.6187             2.16553             
105000              3600                2040.7              116.334             563.455             0                   
105000              3600                1827.24             114.755             671.114             0                   
37000               4560                2178.92             117.523             646.056             40.4649             
37000               4200                1742.19             208.079             598.584             10.6338             
80000               3630                2196.23             231.422             44.2748             3.97664             
37000               3660                1663.12             180.509             483.221             64.1188             
62000               4050                1778.25             189.72              610.61              0                   
62000               4200                1750.97             229.235             609.596             6.4365              
35000               3540                3664.61             234.331             420.107             73.5885             
74000               4230                2515.61             214.427             64.356              0.521063            
57000               3630                3454.38             193.743             40.0956             0.475662            
37000               4170                2186.98             176.278             22.401              33.6729             
57000               3120                2255.38             189.556             608.834             67.5753             
87000               3210                2033.71             140.518             664.024             2.89282             
54000               3960                1800.09             174.411             220.719             42.7185             
37000               3960                1983.1              233.37              237.226             25.9021             
37000               3420                2117.31             228.158             105.063             45.7961             
37000               3210                2194.18             141.066             534.83              61.7449             
37000               4500                2595.26             149.531             112.278             0.589418            
35000               4350                3434.72             178.621             474.777             59.036              
37000               4230                1912.72             122.119             776.988             39.267              
37000               4260                2167.65             176.278             16.8079             56.8734             
61000               3210                2282.34             183.582             540.052             2.89282             
88000               4050                1786.8              114.071             650.865             0                   
37000               4500                1790.9              229.864             582.183             16.3721             
37000               3540                2081.89             209.587             420.168             2.16553             
62000               3810                1783.86             123.098             388.968             69.9593             
35000               3690                3543.41             185.193             441.484             71.6636             
57000               3720                2082.49             180.509             71.2876             45.6823             
37000               3270                2412.69             137.097             719.463             23.8655             
79000               3750                1836.34             114.755             654.425             18.6569             
54000               3780                1899.3              124.515             188.991             54.0176             
61000               4530                2742.5              170.207             70.3146             0                   
63000               3210                1908.29             145.282             763.113             67.5476             
37000               3420                2124.5              228.158             85.5906             8.71194             
54000               4050                1873.48             137.44              90.2451             20.0243             
62000               3510                1702.89             158.028             757.757             49.1787             
37000               4500                2249.27             139.655             331.776             66.1061             
37000               4050                1991.52             236.497             168.562             5.77108             
37000               3270                2194.58             181.527             714.898             1.64205             
37000               4500                1734.64             127.85              652.855             68.9972             
37000               3150                2132.12             191.139             521.293             45.151              
37000               3870                2567.84             136.599             450.095             20.5697             
37000               3210                2910.74             189.698             86.731              38.3744             
35000               4020                3442.96             177.65              452.823             34.0596             
37000               4710                2221.08             139.555             576.67              0                   
62000               4200                1886.7              118.309             290.398             49.1951             
35000               3690                3360.35             208.959             614.22              54.2036             
37000               3840                2328.1              239.862             109.906             0.338345            
62000               3540                1672.46             123.098             650.232             49.8953             
37000               4470                1942                118.702             538.293             0.606002            
35000               3750                3678.06             239.548             637.595             49.8873             
61000               4560                2097.71             122.11              712.985             0                   
35000               3540                3571.8              199.55              422.418             77.2186             
37000               4410                1922.92             186.268             596.372             0.160688            
63000               3420                1918.96             180.509             90.9652             67.3709             
37000               3840                1942.1              235.911             638.161             0.235384            
37000               4770                2087.47             140.275             401.504             69.1039             
61000               3180                2903.02             193.516             225.121             55.2598             
79000               3600                1898.89             161.099             634.306             0.917871            
37000               3810                3440.05             193.743             78.3431             0                   
35000               3600                3259.96             172.897             613.213             57.3282             
35000               3450                3376.52             179.784             649.276             62.1925             
112000              3750                1785.26             147.64              669.507             0                   
37000               4710                2162.12             117.523             607.025             12.128              
62000               4110                1918.79             118.375             355.242             25.3484             
37000               3420                2058.87             228.158             114.02              26.2604             
57000               3360                2618.26             180.419             586.478             0                   
62000               3960                1857.57             214.466             741.401             0                   
37000               3540                2699.88             142.796             305.092             17.9799             
37000               4410                2785.21             170.135             25.6871             0                   
54000               3900                1785.83             127.112             229.315             41.2879             
35000               3450                3443.54             185.193             558.9               71.368              
37000               4800                2108.71             126.81              469.818             39.6139             
88000               3600                1804.78             147.753             479.145             32.7729             
35000               3510                3721                202.916             464.413             84.9449             
54000               4200                1887.32             129.305             146.883             2.25016             
99000               3600                2427.28             202.408             39.6204             1.08102             
37000               4260                1729.02             146                 743.8               68.9972             
35000               4080                3225.34             171.241             586.037             71.6849             
62000               4770                2572.99             219.965             46.9357             0.556349            
37000               4800                2254.09             130.238             343.134             58.8169             
88000               4170                1636.11             123.098             737.362             0                   
61000               4320                1827.27             134.257             717.632             0.0846329           
60000               3270                2915.64             205.795             139.385             4.09482             
58000               3390                2739                152.056             312.312             18.8403             
79000               3900                1765.53             129.873             388.655             42.0234             
37000               3270                2533.13             132.672             643.654             12.5897             
37000               4560                2363.7              149.772             502.285             17.064              
62000               4260                1684.21             115.277             654.102             26.5945             
35000               3630                3380.04             209.193             552.812             69.7612             
37000               3210                2754.32             161.482             205.264             15.2657             
37000               4230                1878.54             155.028             697.484             0.0846329           
37000               3450                1881.88             150.347             110.591             66.243              
78000               3270                2418.74             144.387             670.462             0                   
37000               3630                3414.89             232.472             213.43              0                   
104000              3540                2186.38             161.087             49.2613             0.635126            
37000               4290                2723.33             150.529             117.491             26.6881             
62000               4170                2021.73             122.675             392.928             0                   
37000               3930                1892.72             133.88              729.947             63.1612             
80000               4020                2047.32             159.007             66.2337             5.51905             
37000               3660                2728.87             154.911             372.018             0                   
37000               3450                1955.85             185.882             56.4763             67.6223             
79000               3900                2383.98             180.892             24.589              47.3263             
37000               4440                1836.47             122.115             790.43              55.1887             
62000               3540                1885.41             123.098             364.885             2.16553             
37000               3510                2470.19             129.881             605.096             0                   
82000               3630                1819.85             202.408             568.73              0.235384            
57000               3330                2455.94             132.672             704.237             0                   
37000               3600                1854.17             180.509             80.0414             60.6183             
37000               3210                2855.19             193.516             112.6               6.33025             
