269000              3550                984.366             287.45              805.256             115.129             
363000              2500                1272.83             324.087             1115.71             0                   
172000              2700                1076.28             217.468             1756.13             136.981             
172000              2250                2257.12             567.759             248.217             192.711             
172000              3150                1018.14             471.263             2264.57             0                   
269000              4050                1263.04             332.319             523.457             4.27605             
363000              2750                1111.7              234.14              1294.67             227.147             
363000              2750                1156.01             235.839             1205.17             179.569             
172000              3250                1420.6              314.759             887.181             0                   
172000              3050                1804.24             493.109             0.486513            241.851             
269000              3550                1273.14             518.36              517.626             104.613             
172000              2950                1107.77             450.604             1531.15             209.213             
172000              2500                2468.35             523.79              48.3963             239.73              
172000              2500                2537.83             567.609             0                   159.953             
172000              2250                1250.87             578.469             1016.24             24.6927             
172000              2950                1207.49             543.045             1647.24             0                   
172000              2250                1555.54             344.124             715.708             95.9338             
172000              2800                1106.13             301.045             766.296             255.091             
172000              3300                1150.49             318.036             599.193             195.634             
172000              2750                1342.7              354.295             878.717             279.831             
172000              2250                2539.22             551.601             0                   228.807             
268000              3050                1098.24             578.818             743.136             84.7915             
269000              3050                1002.94             269.136             768.956             107.343             
172000              2250                1341.13             290.823             965.83              57.6834             
172000              4000                1112.06             520.111             1137.32             44.0819             
172000              2950                1031.45             542.676             1685.2              33.2851             
172000              2500                2550.75             518.151             75.5307             27.7308             
172000              2800                1134.52             301.045             652.319             22.4914             
269000              2800                1149.39             374.816             650.998             2.19804             
172000              2500                1734.4              512.24              518.277             303.807             
172000              2250                2405.43             506.084             113.639             262.77              
172000              2550                1536.55             415.283             156.366             8.2513              
460000              2500                2391.77             491.474             228.279             73.0999             
172000              2500                1417.54             544.807             837.56              135.04              
172000              2250                1238.26             250.214             1039.75             141.293             
172000              3000                1701.59             382.462             564.335             0                   
172000              2700                1012.63             515.735             1831.27             155.322             
172000              2750                2370.83             491.799             194.343             0                   
172000              2950                1281.25             248.912             1428.61             0                   
172000              3550                1211                374.969             516.471             199.39              
172000              2250                1208.72             544.807             1076.1              144.483             
172000              2800                1413.8              370.292             460.754             70.8966             
172000              2750                1403.25             544.807             818.162             279.831             
269000              3550                1151.56             455.795             596.331             135.817             
264000              3000                2248.69             527.304             0.69113             88.4969             
172000              3050                1068.74             288.694             824.747             315.641             
264000              3050                1899.57             579.904             -1.42109e-14        48.7189             
172000              2500                1378.82             341.284             952.347             0                   
269000              3050                1643.19             492.492             1.06344             36.1121             
172000              2750                1163.05             562.775             1181.33             284.68              
172000              2250                1583.88             435.284             800.446             0                   
363000              2500                1143.01             275.406             1217.7              98.3913             
172000              3500                1097.44             487.558             1111.41             63.2761             
269000              3550                1034.05             305.327             730.806             0                   
261000              3550                1062.25             549.572             745.426             0                   
172000              2250                1827.1              410.767             541.576             42.553              
269000              2800                1954.76             549.594             0                   0                   
172000              2250                1649.18             341.96              793.746             272.18              
172000              2750                1657.73             372.2               642.701             190.196             
172000              3000                1205.46             275.112             1010.6              184.898             
172000              3550                1713.87             492.032             0.629008            30.4622             
172000              2250                2531.06             567.609             2.69228             45.7366             
172000              2550                1744.74             535.829             4                   49.8738             
172000              2250                1321.09             348.525             942.375             135.04              
172000              2700                1259.85             573.729             1413.24             0                   
172000              2700                1220.31             206.108             1452.78             0                   
269000              2950                1272.04             275.314             1113.38             0                   
172000              3150                1011.8              498.805             2292.48             90.948              
268000              2550                1864.51             619.61              0.597048            139.925             
172000              2250                2380.24             494.459             173.772             108.004             
269000              2800                1645.21             446.072             199.03              0                   
269000              3550                1482.05             401.199             331.118             0                   
269000              3050                1056.56             506.754             701.673             4.27605             
172000              2500                1186.08             323.767             1036.15             184.898             
172000              2250                1249.93             493.47              1111.48             101.288             
269000              3550                1402.61             450.829             396.456             132.021             
172000              2950                1103.09             279.085             1719.67             0                   
269000              4050                1061.44             350.399             696.797             85.3914             
172000              2500                2025.23             576.35              353.476             153.473             
172000              2750                1454.68             588.671             794.072             0                   
172000              2500                1899.77             449.979             440.187             156.674             
172000              3050                1599.59             427.215             65.6575             0                   
363000              2500                1171.55             247.554             1286.47             0.351178            
460000              2500                2505.18             509.264             22.2818             0                   
269000              3550                1376.06             374.348             418.943             71.9799             
269000              3550                1294.47             518.36              470.889             0                   
172000              2500                2217.2              534.852             252.948             375.459             
363000              2750                1150.89             280.415             1291.82             10.8968             
172000              2750                1162.04             254.237             1173.65             332.065             
172000              3050                1239.72             471.263             487.753             200.781             
269000              3050                1483.94             485.76              162.524             96.7601             
172000              2500                1663.4              512.24              574.339             244.865             
269000              3050                1417.82             361.951             370.325             0                   
264000              2800                1967.42             670.63              0.100841            34.1564             
172000              2250                1190.26             253.084             1133.76             194.341             
359000              4000                1894.2              467.95              2.86673             0                   
172000              2250                2521.17             576.636             0.876675            293.404             
269000              3300                1043.96             276.88              718.616             16.5461             
269000              3050                1007.26             506.754             764.638             107.343             
172000              2500                2344.08             502.619             322.765             297.399             
172000              2500                2206.86             449.513             361.292             0                   
269000              2550                1241.55             326.831             611.105             11.0174             
269000              3050                1702.39             507.929             0                   114.302             
172000              3300                1253.72             331.35              531.76              8.2513              
172000              2500                2274.26             647.111             235.259             186.055             
172000              2500                2514.45             593.607             0.745073            0                   
172000              2500                1169.12             485.029             1172.79             325.706             
172000              2500                1182.95             293.668             1161.43             284.68              
172000              2700                1287.78             239.132             1383.83             68.8944             
172000              2750                2449.35             567.609             145.548             0                   
172000              2950                1038.5              230.279             1678.16             33.2851             
172000              3200                1136.67             521.784             1474.84             20.3951             
172000              3050                1722.47             551.306             0.184003            0                   
172000              2950                1105.19             401.796             1650.82             67.9738             
172000              2250                2232.4              602.828             357.349             112.394             
272000              2500                1972.6              472.758             396.773             214.444             
172000              3050                1069.49             629.09              824.747             307.533             
264000              4000                2010.05             595.992             -5.68434e-14        64.8067             
172000              3050                1119.41             491.931             628.727             232.501             
172000              3550                1040.33             550.268             761.418             157.535             
363000              3250                1311.3              266.216             1040.51             0                   
172000              2250                1991.15             530.938             530.38              73.1371             
172000              2500                1729.72             524.744             696.487             0                   
172000              3050                1118.33             359.7               675.934             377.085             
172000              2250                1648.1              374.39              604.907             2.05945             
172000              3550                1492.35             388.421             259.888             0                   
172000              3550                1164.45             297.177             716.372             153.69              
172000              3300                1175.52             480.99              576.454             0                   
172000              2250                1282.02             429.382             1010.35             0                   
172000              3050                1116.91             490.108             694.159             373.439             
172000              2700                1026.48             204.819             1806.82             0                   
172000              2250                2331.61             535.362             327.174             0                   
172000              3050                1487.49             381.234             298.88              125.901             
172000              3550                1554.23             539.125             169.746             0                   
172000              2250                1285.46             275.314             993.206             0                   
172000              2700                1186                573.729             1499.97             119.631             
172000              2250                2506.54             518.151             39.0306             321.545             
172000              3550                1454.26             442.677             273.211             199.39              
172000              2250                1988.59             502.619             501.834             171.599             
172000              3000                1845.12             499.437             529.828             0                   
172000              2500                1270.19             257.51              1114.14             3.94599             
172000              3200                1105.86             239.082             1544.83             20.3951             
269000              4050                1716.21             477.254             0                   49.1063             
269000              3600                1015.15             521.784             2671.13             0                   
172000              2250                2561.67             544.616             0                   0                   
172000              3550                1144.41             288.694             735.408             242.637             
172000              3000                2453.8              548.446             41.449              0                   
269000              3550                1696.93             453.371             17.51               0                   
269000              3050                1074.02             269.136             686.8               49.0424             
269000              4000                1030.23             471.162             1158.69             0                   
269000              4050                1779.05             449.554             13.563              146.082             
269000              4000                976.165             471.162             1247.4              222.303             
172000              3050                1850.26             492.032             0.486513            378.561             
172000              3050                1120.08             360.777             628.727             233.84              
172000              2700                1157.74             471.263             1605.9              30.7047             
269000              4050                1476.81             425.953             340.628             0                   
172000              2700                1018.11             487.558             1809.73             0                   
269000              3550                1552.57             496.518             91.9391             0                   
269000              2550                1499.73             423.008             243.008             0                   
269000              3550                982.968             287.45              836.839             190.366             
172000              2700                1056.32             614.137             1776.98             0                   
172000              2250                2534.65             523.79              19.9812             83.2803             
172000              2700                1206.64             295.745             1678.5              61.5791             
172000              2700                1139.06             204.819             1782.26             364.927             
269000              3050                1116.46             483.467             623.217             289.527             
172000              3550                1078.44             288.694             801.384             293.69              
269000              3550                1270.34             345.086             540.713             0                   
269000              4050                1668.63             450.061             1.4747              18.9428             
269000              4000                986.082             471.162             1207.3              103.657             
172000              3250                1604.74             408.141             720.645             0                   
172000              2250                1223.72             250.214             1145.07             374.327             
172000              2250                1606.98             385.17              682.931             164.004             
172000              2950                2674.81             589.657             -2.55795e-13        0                   
269000              3500                998.426             471.162             1197.54             144.314             
269000              2550                1777.96             548.831             31.4226             0                   
269000              3550                1837.6              474.933             0                   164.625             
363000              3000                1116.01             257.09              1227.42             221.527             
172000              3550                1305.68             406.196             401.951             166.787             
172000              2500                1210.52             589.004             1136.21             84.7839             
172000              2800                1572.23             398.929             269.34              195.089             
269000              3150                1012.26             459.657             2216.3              67.8204             
264000              4000                2067.34             565.324             -5.68434e-14        242.612             
264000              3950                2105.56             566.337             -1.42109e-14        148.175             
264000              4000                2093.69             589.268             -5.68434e-14        89.4627             
363000              2500                1096.14             244.405             1309.66             195.546             
172000              2700                1058.02             425.042             1710.79             86.4432             
172000              2500                2284.33             602.828             219.023             55.7956             
172000              2250                2125.59             495.382             490.553             346.899             
172000              2500                2413.5              489.083             130.962             320.579             
172000              2700                1157.76             275.191             1525.74             303.273             
363000              2500                1205.65             561.825             1138.76             13.0852             
269000              3050                997.134             269.136             819.421             194.052             
172000              2500                2532.39             523.285             14.6604             303.636             
172000              2550                1630.61             450.126             63.6995             69.087              
172000              3550                1338.97             456.88              376.221             0                   
269000              3550                1097.07             351.47              660.494             85.3914             
269000              3550                989.227             506.754             780.089             103.657             
269000              3050                1196.84             391.722             563.976             102.504             
172000              3550                1824.61             564.765             0.142495            112.287             
172000              2700                1017.67             227.74              1807.31             67.8204             
