312000              8650                1069.71             126.339             205.425             0                   
262000              6700                2455.64             222.317             966.047             13.4565             
180000              8650                982.013             89.4614             1351.49             0                   
180000              10000               955.237             135.948             839.939             5.13549             
175000              7200                2801.82             243.046             0                   0                   
180000              8900                1123.49             655.642             23.3736             0                   
262000              6700                2717.32             221.719             418.931             27.1837             
180000              9450                1091.12             526.829             31.4139             51.2759             
230000              9100                821.424             99.9846             48.718              51.6184             
180000              8650                994.711             342.575             549.428             0                   
255000              7000                2764.39             686.428             522.186             0                   
270000              7500                1116.71             588.471             798.106             0                   
225000              7700                1487.65             572.606             942.868             16.0561             
446000              6600                2144.15             717.262             2340.37             16.1955             
185000              6700                1125.97             726.516             1225.76             19.5759             
230000              8850                1045.49             803.025             9.41956             0                   
227000              6700                1019.05             611.895             1515.37             15.7906             
185000              6700                1685.03             237.279             1048                32.1204             
180000              9450                1078.47             152.028             185.476             48.8118             
185000              7200                996.488             393.662             1493.43             35.632              
446000              6600                2280.47             620.265             2603.12             13.4615             
185000              7600                1807.59             644.626             0.251258            0.544186            
230000              7750                1253                146.974             108.137             50.4366             
230000              9350                984.599             115.689             165.419             0.196442            
225000              7000                1015.04             386.724             1515.37             19.5759             
180000              9950                877.114             135.948             1251.61             0                   
185000              7200                1162.55             145.966             1372.55             46.3321             
180000              8100                1179.57             579.042             350.155             31.6535             
230000              7200                1503.9              186.636             49.848              30.7598             
262000              7200                2785.2              240.445             20.4659             50.3619             
230000              7700                1528.41             186.636             49.5467             39.9708             
230000              9650                845.019             92.8307             48.0875             34.4126             
175000              8200                2786.39             243.046             73.5265             0.12704             
185000              7600                1933.39             250.272             0                   24.5805             
185000              7200                1656.27             737.711             764.739             16.0561             
217000              6700                2813.5              244.778             0                   26.8267             
446000              6400                2111.3              672.166             3198.77             0                   
230000              8000                877.167             102.937             43.7087             28.9876             
185000              6700                1054.65             394.046             1492.9              13                  
262000              6700                2817.19             220.78              58.4331             35.8002             
217000              6700                2826.35             244.778             0                   0                   
230000              7700                1268.95             319.046             205.623             3.4982              
262000              6700                2800.67             231.058             0.604657            14.5618             
185000              6700                1513.98             393.662             948.541             16.0561             
175000              7200                2797.82             595.163             0                   0                   
230000              7200                1109.67             117.392             1907.82             0                   
270000              7800                1088.82             522.419             1.57466             3.14002             
180000              9950                1148.14             144.521             7.63593             38.7315             
262000              7200                2594.66             211.482             716.015             6.84813             
185000              7700                1348.95             152.462             1180.84             51.6751             
220000              7200                2546.65             920.457             645.58              3.60675             
180000              8700                948.956             654.079             830.144             7.85966             
185000              6700                1185.08             141.769             1396.32             48.828              
262000              6700                3017.09             601.029             -2.84217e-14        52.3033             
180000              8650                1046.76             139.114             1016.55             20.4019             
180000              9400                1079.05             587.658             480.222             5.92582             
230000              6700                1339.44             219.442             938.539             25.3678             
262000              7000                2435.97             692.276             1035.09             13.4565             
262000              7700                2758.85             231.058             20.1384             0                   
220000              8650                1163.85             462.849             342.99              30.5493             
180000              8850                1141.68             562.854             151.67              30.5493             
185000              6700                1246.39             694.253             1165.04             35.632              
230000              8250                1085.47             122.348             1909.56             0                   
270000              7900                1313.15             139.912             884.884             0.630718            
262000              6700                2648.92             210.326             570.929             48.7284             
180000              8850                1606.8              193.325             0                   7.94145             
180000              9950                1134.08             144.39              277.159             27.3343             
185000              7750                1796.69             257.816             835.568             35.5321             
230000              9350                792.333             572.606             356.319             6.53984             
230000              7200                1100.53             140.725             731.228             31.4213             
185000              6700                1453.52             170.785             1168.46             45.5621             
185000              7200                1597.53             521.921             718.396             23.7118             
185000              7250                1011.52             476.828             1474.36             19.5759             
230000              10200               935.878             146.618             0                   18.5106             
180000              9950                1116.76             162.41              7.63593             8.5768              
312000              7500                2469.27             585.93              578.96              0                   
180000              7800                1298.03             524.224             0.0431337           38.9564             
262000              6700                2610.49             210.326             1001.62             48.7284             
446000              6600                2485.02             639.291             2191.75             2.73403             
230000              9650                857.662             92.8307             43.7087             51.9508             
185000              7700                1471.68             654.01              322.861             25.6974             
180000              9950                1382.56             206.177             0                   0                   
230000              7200                1117.59             117.392             1886.88             16.0561             
225000              7000                1031.46             386.724             1494.54             0                   
185000              6700                1032.34             131.021             1515.37             19.5759             
312000              8150                1013.55             119.721             487.79              0                   
266000              6700                2961.74             775.224             -2.84217e-14        0                   
230000              9450                780.331             82.9858             496.429             3.36068             
225000              6700                1000.96             766.715             1628.22             0                   
185000              6700                1372.13             492.313             1110.01             39.8531             
312000              7000                2746.18             660.505             178.542             14.5618             
180000              9350                927.465             107.91              869.717             29.4076             
230000              8350                762.584             102.017             394.934             0                   
230000              9650                906.232             128.037             29.1326             43.5334             
230000              8100                958.739             98.4488             144.575             53.9365             
180000              7800                1370.42             146.73              8.1233              7.24368             
180000              9400                1235.74             131.506             7.63593             21.2073             
180000              9150                886.052             92.3799             1505.68             0                   
258000              7000                2746.95             801.214             276.688             14.5618             
185000              8450                1433.06             129.646             1160.4              33.0463             
230000              9750                1132.08             603.692             95.3762             8.5768              
230000              7200                1746.14             197.515             775.395             0                   
185000              7500                1096.29             675.668             1105.24             25.2442             
230000              9950                836.463             82.9858             442.953             0                   
185000              7600                1986.49             644.626             -4.26326e-14        49.0144             
180000              8850                1143.54             158.147             396.863             43.0008             
300000              7550                2666.69             573.246             476.883             0                   
185000              6700                1114.8              686.055             1452.42             32.5759             
308000              7300                2698.5              801.214             431.831             0                   
185000              6700                1627.63             237.279             1057.27             51.6964             
230000              7200                1123.57             476.828             406.739             34.9195             
180000              9150                909.521             90.6175             1488.36             12.9553             
227000              7300                1009.1              548                 2256.63             0                   
312000              7000                2446.89             585.93              810.525             26.3891             
220000              7200                2609.27             820.818             589.391             3.60675             
180000              8100                1019.01             107.557             1362.52             18.0703             
217000              6700                2938.52             637.252             -1.42109e-14        9.98831             
227000              9150                932.362             551.042             978.357             0                   
180000              10250               1131.62             537.06              7.63593             8.5768              
175000              7700                2788.67             244.778             0                   6.80172             
185000              7600                1869.02             277.572             0.251258            0.544186            
230000              7200                1206.04             301.86              108.365             25.6974             
185000              7700                1534.32             216.83              1002.43             50.5464             
185000              6900                1004.59             782.677             1379.86             19.5759             
220000              9700                1201.33             462.849             124.052             10.2547             
230000              9100                796.461             102.017             48.718              31.6946             
230000              7200                1607.32             146.603             879.534             8.2908              
225000              8050                997.505             457.447             1242.1              19.5759             
185000              6700                1130.76             722.186             1419.38             0                   
180000              8350                1236.88             524.224             0.0431337           19.1693             
267000              7000                2777.68             433.391             21.9377             1.06058             
266000              7000                3075.57             644.624             -2.84217e-14        0                   
185000              8200                1175.41             153.322             1028.13             43.9226             
230000              8850                797.661             102.017             315.514             11.8036             
180000              9950                1107.86             562.854             59.1984             0                   
230000              7200                1236.62             149.375             130.075             13.8337             
262000              6700                2824.77             231.058             9.85726             0                   
185000              6700                1019.85             476.828             1452.42             35.632              
300000              7000                2756.18             573.246             375.211             50.3619             
180000              8300                1189.67             185.461             45.5139             31.6535             
180000              8650                939.428             646.841             1465.95             0                   
185000              7900                1917.98             506.403             -1.42109e-14        18.6306             
446000              6600                2027.25             654.762             2750.23             16.1955             
225000              7500                2776.66             415.36              21.9377             3.55303             
180000              9450                1366.05             137.785             3.20401             52.2488             
230000              7400                1019.77             797.339             967.304             0                   
262000              7700                2594.09             253.511             476.316             0                   
213000              7500                2737.31             702.607             179.44              0                   
222000              9950                884.185             392.231             721.289             0                   
180000              9950                878.349             447.677             782.571             0                   
230000              7400                1221.02             815.286             615.522             0                   
175000              7500                2766.35             574.019             488.601             0                   
185000              6700                1366.27             243.315             1173.58             0                   
230000              7200                1368.97             301.86              64.263              51.3189             
180000              8350                1702.37             205.747             0                   15.4261             
185000              6700                1128.89             126.924             1411.96             33.655              
230000              8800                886.335             572.606             281.768             0                   
180000              9150                910.722             440.006             921.594             13.4762             
309000              6700                2631.68             678.095             405.687             0                   
230000              8550                914.174             112.724             36.6927             50.9925             
262000              7200                2762.87             291.776             29.7185             37.218              
230000              7700                1534.62             177.623             64.4914             0.467044            
230000              8350                764.523             476.828             392.995             0                   
180000              9400                1204.95             435.309             8.65323             2.23205             
270000              8900                969.437             522.419             1.57466             3.14002             
185000              7200                1734.57             556.134             901.396             4.1395              
230000              7200                1098.19             666.166             679.787             42.8852             
262000              6700                2817.3              220.78              20.4659             50.3619             
227000              8650                944.44              552.941             1367.04             0                   
185000              7700                1466.49             192.065             1354.55             34.5816             
230000              8550                949.602             138.397             3.57346             40.6125             
230000              8550                997.631             192.714             14.965              22.1801             
180000              8300                1773.66             209.221             0                   0                   
185000              7600                2038.5              247.961             0                   49.7151             
180000              7800                1235.1              562.854             56.5057             0                   
262000              6700                2550.46             229.009             878.203             0                   
185000              7200                1321.74             599.69              1336.9              8.83968             
185000              7700                1612.02             243.315             1169.69             0                   
230000              7400                1311.08             832.224             83.8311             29.8898             
185000              6700                1047.71             128.311             1514.83             0                   
300000              7000                2538.02             686.428             965.461             0                   
262000              7700                2747.05             232.598             3.15261             25.1494             
180000              9950                1218.95             211.119             1.57466             23.7751             
350000              7300                2680.71             573.246             546.23              0                   
180000              9200                929.897             361.77              1064.35             0                   
230000              9650                918.474             146.618             0                   24.8871             
227000              9200                1256.32             569.581             7.63593             10.2547             
185000              7000                1011.23             561.401             1964.36             0                   
270000              7500                1177.58             574.385             448.322             29.9499             
180000              8900                1202.75             127.138             29.5469             0                   
185000              7750                1712.86             195.833             892.592             40.9197             
185000              6700                1367.02             573.042             1172.83             0                   
222000              8950                908.891             551.849             1850.43             12.9553             
185000              7200                1081                731.337             1105.24             8.97519             
230000              7200                1411.97             603.998             64.263              13.8337             
185000              7500                1061.48             486.478             1420.34             0                   
230000              8850                1171.29             222.422             0                   0                   
230000              7750                1181.48             487.369             168.282             25.6373             
185000              7250                1103.3              672.273             1357.93             31.3795             
220000              9950                1114.96             522.419             7.63593             11.7168             
