273000              3800                2009.79             462.463             1387.6              42.386              
185000              3150                4335.55             839.235             849.173             108.191             
457000              3050                3223.82             466.106             1594.1              0                   
180000              3700                3006.49             623.759             251.309             64.9398             
829000              3300                3052.41             571.188             646.245             20.0406             
460000              3450                4118.02             946.911             104.916             0                   
372000              3550                2029                494.836             1756.77             42.386              
559000              3500                3166.93             844.973             96.0425             41.6981             
461000              3900                1957.27             462.463             2018.7              23.2033             
460000              3500                3780.19             845.751             -1.42109e-13        0                   
547000              3150                3623.44             957.739             812.01              33.0811             
180000              3550                4495.18             895.226             640.379             80.6839             
273000              3600                2010.18             481.768             1728.14             0                   
180000              2950                3551.62             404.006             1470.14             12.0723             
548000              3000                4646.42             619.729             328.405             60.2874             
468000              3750                1952.22             396.345             941.716             6.71321             
180000              2900                3988.69             613.123             1347.79             88.9646             
179000              3600                3132.98             930.299             483.897             140.386             
375000              3550                4262.14             951.046             -5.68434e-14        32.2967             
755000              3250                2169.17             425.999             1519.61             20.1664             
374000              3550                2139.51             902.858             1822.71             0                   
755000              3250                2039.84             425.999             1759.86             0                   
755000              3250                2576.07             485.639             1141.9              0                   
180000              3300                4104.83             911.553             1018.9              0                   
180000              3500                4041.12             613.123             1175.07             88.9646             
265000              2900                3060.48             404.006             1937.71             0                   
457000              2850                3156.96             507.487             1820.23             0                   
279000              2850                4602.59             600.47              787.978             0                   
559000              3750                2631.76             712.928             96.8823             15.1882             
559000              3350                1835.43             425.999             1455.9              0                   
180000              3650                2042.62             462.463             1391.82             66.7769             
539000              4200                3367.61             942.445             5.68434e-14         14.6602             
553000              3200                4069.43             889.633             -1.42109e-13        0                   
640000              3100                3729.33             667.189             231.582             0                   
658000              3600                3047.56             633.625             192.787             0                   
277000              3500                2772.81             565.227             354.682             7.13458             
737000              3050                4028.6              668.22              463.687             66.8061             
180000              3650                2415.56             465.275             715.236             54.9681             
828000              3450                3860.89             546.786             484.399             0                   
455000              3600                4481.04             762.67              34.9394             50.1453             
658000              3300                2014.72             563.194             1797                0                   
186000              3400                2559.17             658.423             483.619             0                   
656000              3400                2926.03             712.272             104.557             35.7361             
180000              3400                3265.18             881.205             1205.85             31.3542             
180000              2900                3056.2              445.529             2199.48             0                   
642000              3900                3353.43             734.086             6.78601             10.7071             
279000              3100                3755.98             694.698             1162.83             66.9088             
370000              3300                2649.04             613.123             2264.76             0                   
455000              2900                4280.12             762.67              895.261             0                   
279000              3200                4560.27             762.67              34.9394             0                   
645000              3250                2350.2              452.055             1555.2              0                   
837000              3050                4085.01             603.981             306.056             0                   
468000              3900                2291.14             631.024             438.124             0                   
180000              3600                2663.15             547.968             942.645             84.9269             
470000              3250                3345.23             923.415             721.895             117.083             
186000              3350                3114.78             573.156             351.144             105.844             
180000              3700                3302.73             463.221             1454.07             0                   
658000              3250                1985.36             506.258             2105.42             0                   
842000              3300                2955.64             456.353             857.289             7.03712             
279000              2850                4133.06             451.47              1718.93             91.5914             
364000              2850                3210.72             451.47              2018.92             0                   
645000              3500                1851.05             484.899             970.474             0                   
364000              2850                3440.62             694.698             1506.16             0                   
374000              3350                2410.26             902.858             1240.2              0                   
370000              2850                4502.02             668.101             736.696             0                   
656000              3650                1819.73             425.999             1369.18             0                   
548000              3050                3704.83             549.359             1051.68             74.4929             
279000              2850                4447.16             454.969             942.598             0                   
279000              3000                4704.06             855.672             34.9394             59.7584             
828000              3050                3927.02             528.633             789.838             4.84014             
459000              3850                2696.3              848.16              388.77              38.4469             
559000              3250                2141.07             461.329             2118.19             0                   
638000              3300                3911.99             762.501             1.1885              8.50783             
375000              3150                3423.53             864.296             1073                49.8178             
731000              3050                4116.81             762.272             396.156             0                   
457000              3550                2564.78             502.857             1102.72             83.1569             
279000              3100                4357.12             793.849             320.455             91.2765             
279000              2850                4671.11             651.688             549.048             26.4319             
646000              3800                2402.07             425.999             791.8               0                   
457000              3800                3730.91             899.747             -2.84217e-14        57.257              
273000              3550                3591.75             871.165             92.6702             97.0282             
180000              3650                2012.92             481.768             1431.84             0                   
185000              3400                4705.65             949.479             703.289             58.3069             
185000              3550                4167.33             839.235             1233.99             70.7289             
732000              2950                4858.97             659.685             163.715             0                   
279000              2850                4881.61             765.338             333.453             0                   
186000              3350                3262.01             718.239             195.32              89.7013             
180000              2900                3135.84             635.765             1948.84             0                   
548000              3000                3715.92             458.562             1284.33             0                   
180000              3150                3648.24             463.221             1440.7              47.2726             
837000              3050                4417.97             762.272             1.27657             0                   
180000              3150                4550.8              703.219             948.006             118.688             
635000              2950                4517.52             569.674             560.477             0                   
185000              3200                4587.8              943.792             976.369             65.574              
185000              3300                4285.48             839.235             333.117             63.1855             
744000              3350                3066.47             712.928             161.842             5.62414             
180000              2900                3292.64             422.618             1698.31             60.9729             
555000              3600                2570.09             425.999             791.8               0                   
548000              3200                4877.28             693.886             129.514             0                   
364000              2850                3728.96             796.794             1335.93             0                   
186000              3350                2973.26             715.635             198.367             0                   
185000              3500                4135.41             839.235             523.122             147.017             
635000              3000                5085.33             731.641             114.708             0                   
635000              3150                3923.31             545.794             934.394             53.3434             
635000              2950                4146.87             721.463             813.228             0                   
455000              3450                4558.93             659.685             163.715             63.1343             
553000              3650                4089.21             844.786             -1.42109e-13        0                   
468000              3950                2150.01             539.843             876.844             19.225              
559000              3750                1786.97             446.155             984.592             34.2627             
374000              3400                2243.37             957.434             1588.79             0                   
180000              3700                3205.07             662.958             94.4835             92.1335             
180000              2950                3899.9              596.94              1264.72             137.093             
364000              2850                3463.86             451.47              1542                17.1723             
457000              3100                3998.38             957.118             151.884             84.3025             
279000              3050                3992.8              509.644             493.085             0                   
186000              3400                2290.15             540.329             893.309             57.4742             
559000              3500                1769.34             425.999             1072.22             34.2627             
180000              3500                3949.86             947.118             1015.41             90.9229             
277000              3350                2655.92             420.524             2070.35             9.00159             
468000              3350                2126.06             485.689             1393.96             35.7739             
743000              3350                2655.42             425.999             833.572             26.2178             
644000              3100                4734.04             818.379             0                   56.6218             
180000              3150                2911.36             613.123             1692.76             69.1513             
555000              3250                3355.11             923.415             411.306             93.2255             
460000              3500                3662.72             641.57              158.029             0                   
374000              3750                2069.53             772.9               1175.32             0                   
185000              3150                4248.3              953.717             1014.55             103.277             
737000              3050                3702.88             506.195             700.703             33.0811             
457000              4000                3883.79             936.596             -4.26326e-14        71.1246             
559000              3750                1986.65             590.937             739.47              0                   
558000              3600                3690.09             530.594             585.126             39.844              
180000              2900                3433.06             594.298             1526.89             33.2744             
468000              3750                2203.98             425.999             847.384             55.9945             
731000              3500                3828.01             542.439             484.662             67.3205             
469000              3200                4329.9              490.156             923.255             0                   
273000              3700                3116.49             624.793             94.4895             32.5531             
180000              3200                3907.24             929.485             945.493             153.58              
372000              3600                2036.5              900.301             985.027             60.5699             
279000              3300                4347.8              762.67              34.9394             150.512             
368000              3950                1979.32             481.768             1715.44             0                   
372000              3950                3832.26             912.343             -5.68434e-14        171.422             
180000              3000                3428.57             473.238             1449.61             119.291             
180000              3400                3714.33             907.175             1057.92             135.352             
555000              3250                3296.12             950.166             443.665             1.93716             
635000              3350                4793.33             680.721             123.764             27.1901             
455000              2950                4737.62             762.67              34.9394             0                   
180000              3900                2119.54             519.314             913.011             23.2033             
279000              3000                4513.39             681.769             131.795             0                   
375000              3900                4028.25             953.696             -2.84217e-14        136.058             
470000              3250                3272.43             950.166             754.254             1.93716             
180000              3150                2737.58             613.123             1809.88             0                   
732000              2950                4031.21             450.79              936.999             0                   
368000              3350                2147.98             952.168             2015.49             27.2904             
658000              3350                2393.46             550.077             683.563             0                   
559000              3500                2171.92             594.17              642.74              46.8704             
640000              3350                4703.35             953.444             -1.98952e-13        58.6629             
364000              2850                3148.92             703.106             1808.15             17.1723             
180000              3650                2623.04             462.463             680.974             111.599             
180000              3650                2448.74             481.768             661.669             0                   
645000              3700                2844.91             633.625             191.948             68.7359             
180000              3700                2979.47             599.277             283.606             0                   
377000              3350                2489.88             583.855             691.952             66.2172             
364000              2850                4196.13             451.47              1201.35             0                   
180000              2950                4435.72             626.454             1128.3              118.688             
281000              3300                4345.91             948.751             -5.68434e-14        121.326             
468000              3750                2796.65             727.544             104.995             0                   
372000              3350                2168.3              900.301             1193.79             70.866              
279000              2900                4276.43             505.347             933.479             41.7687             
567000              3250                2237.3              496.064             1913.55             22.5165             
180000              3500                3123.76             399.516             1602.04             32.1064             
460000              3250                4722.36             953.095             -8.52651e-14        16.923              
372000              3400                1933.63             900.301             1313.24             60.5699             
177000              3700                3830.21             882.65              317.537             123.46              
180000              3700                3301.71             689.934             29.3427             0                   
279000              3500                4282                490.156             980.272             0                   
279000              2900                2992.92             418.312             2205.65             55.2583             
279000              3250                4328.88             458.391             933.479             29.6701             
180000              2900                3477.74             463.312             1647.75             113.97              
180000              2950                3810.74             581.827             1290.7              18.0615             
373000              3300                3309.05             924.997             312.094             213.341             
185000              3550                4209.42             839.235             1171.26             28.0416             
279000              2950                4728.73             924.041             407.726             0                   
559000              3500                2434.99             712.884             332.202             0                   
273000              3900                2380.73             462.463             725.193             23.2033             
373000              3300                3328.85             902.269             314.624             159.609             
180000              3150                3121.96             890.805             1161                9.00159             
180000              3200                2702.61             463.221             1665.89             9.00159             
635000              2950                4786.24             674.551             204.397             27.1901             
364000              3750                3404.08             460.694             1201.67             0                   
374000              3750                2006.6              834.844             1403.19             0                   
180000              3450                3994.2              750.58              1093.98             101.836             
640000              3150                4261.19             867.5               -1.42109e-13        68.5365             
367000              3800                3407.57             734.086             0                   47.1998             
279000              2850                3950.51             462.768             1754.1              0                   
460000              3150                4053.22             762.501             241.267             57.7771             
468000              3400                2139.75             425.999             898.325             0                   
180000              3000                3761.02             648.943             1293.55             146.842             
180000              3350                2815.14             399.516             1732.32             0                   
180000              3500                3439.7              613.123             1504.15             0                   
180000              2900                3483.07             556.176             1665.25             31.3327             
