54000               3750                1483.59             124.996             55.7711             0                   
54000               3900                1497.1              135.292             5.08876             5.54524             
63000               3030                1560.93             173.179             22.0323             0                   
37000               3300                1339.94             156.953             72.9481             5.54102             
37000               3150                1350.94             148.105             113.42              0                   
37000               3270                1740.34             139.988             106.052             7.61311             
37000               3600                1500.25             129.644             60.8091             0                   
63000               3420                1398.46             145.832             50.5232             0                   
54000               3960                1617.85             124.996             44.4217             24.976              
37000               3120                1626.21             145.623             8.32299             1.94889             
37000               3600                1692.9              173.179             -1.77636e-14        28.3698             
87000               3030                1410.49             146.185             154.951             7.16238             
37000               3360                1601.18             140.51              3.31578             0                   
37000               3120                1368.37             146.185             138.25              11.2188             
54000               3900                1504.2              125.342             17.4775             8.80152             
63000               3360                1517.65             128.677             102.278             0                   
37000               3750                1454.59             134.833             85.2098             4.33361             
37000               3720                2047.45             138.297             1.58892             6.39663             
61000               3030                1525.98             173.179             34.7557             0                   
37000               3450                1322.06             143.875             89.6058             6.72993             
37000               3960                2017.01             134.724             44.0131             0                   
37000               3360                1722.32             125.832             112.019             10.6757             
37000               3300                1459.88             159.334             0.0521475           12.496              
37000               3030                1543.75             173.179             22.0323             7.16238             
37000               3270                1781.11             128.02              101.361             12.4953             
61000               2970                1487.33             146.185             66.2466             0                   
37000               3600                1439.12             134.833             114.447             8.52419             
37000               3600                1310.85             143.936             113.251             10.7875             
61000               3510                1431.34             128.996             119.686             0                   
54000               3750                1452.12             127.112             68.1243             3.97787             
37000               2970                1463.63             150.305             94.1312             7.16238             
54000               3600                1470.75             131.902             76.1071             0                   
54000               3600                1492.46             125.342             43.1243             2.59342             
84000               3330                1645.91             128.626             90.0373             2.57967             
37000               3120                1639.74             143.875             23.47               28.0297             
37000               3150                1340.01             161.722             86.4309             12.7034             
37000               3960                2026.62             135.755             13.3904             11.195              
37000               3330                1567.6              128.677             148.975             1.88218             
37000               3030                1597.66             145.333             108.758             17.5636             
54000               3060                1641.6              151.465             0                   1.57793             
74000               3660                1529.21             128.835             0.744896            0                   
37000               3750                1683.48             171.301             -1.77636e-14        27.6958             
61000               3030                1522.33             162.44              36.7575             7.16238             
58000               3420                1477.35             143.875             0.277217            0                   
37000               3210                1354.34             152.155             97.9414             5.54102             
37000               3960                2028.32             135.755             13.3904             5.07107             
54000               3930                1675.91             124.996             19.1802             17.88               
54000               3720                1699.19             127.456             5.08876             22.4124             
61000               3360                1436                161.508             23.222              7.16238             
87000               3420                1486.94             128.996             153.184             0                   
37000               2970                1594.22             161.722             0.908141            0                   
37000               3360                1755.47             131.016             70.2609             2.88268             
54000               3720                1666.76             124.996             43.1243             22.4124             
37000               3270                1742.58             127.905             106.228             19.9503             
84000               3420                1471.17             143.875             0.277217            0                   
37000               3060                1351.28             161.722             102.619             16.61               
37000               3810                2091.88             137.688             2.88979             15.1391             
37000               3810                2041.59             135.755             26.3964             6.39663             
87000               3420                1641.66             125.832             162.125             0                   
37000               2970                1494.2              146.185             92.4592             20.8429             
63000               3420                1536.03             128.626             165.106             1.88218             
37000               2970                1558.39             150.305             18.0606             7.16238             
37000               3120                1617.42             175.784             0                   0                   
54000               3810                1542.07             125.07              43.1243             16.1198             
37000               3060                1494.02             155.407             12.9591             7.16238             
54000               3660                1515.64             124.996             75.5398             10.2579             
54000               4110                1647.91             125.07              17.2434             17.88               
54000               3420                1502.97             147.27              0                   0                   
37000               3060                1664.76             171.323             0                   0                   
37000               3060                1571.97             146.185             26.4252             13.321              
54000               3600                1511.24             126.127             9.83984             0                   
61000               3210                1479.39             143.875             0.565835            0                   
37000               3360                1711.8              137.197             43.3085             4.55965             
37000               3300                1625.6              143.875             -1.42109e-14        0                   
37000               3300                1334.42             164.589             116.325             0.665878            
37000               2940                1498.12             146.185             125.071             0                   
37000               3360                1654.64             128.626             85.7334             5.74791             
37000               3150                1406.37             143.875             106.947             14.5794             
37000               3210                1440.08             143.875             81.7106             20.1788             
87000               3330                1687.19             127.905             162.418             19.9503             
74000               3660                1492.22             127.112             36.8266             1.38445             
37000               3600                1707.68             159.739             -1.77636e-14        28.52               
37000               3300                1379.54             165.141             63.3977             12.7034             
54000               3750                1477.5              127.112             32.0256             3.97787             
37000               3480                1541.99             125.788             110.828             0                   
37000               3150                1488.04             150.305             17.74               13.421              
37000               2970                1458.07             146.185             128.878             7.16238             
37000               3210                1440.14             165.581             46.1318             14.5794             
54000               3750                1461.6              124.996             72.9254             10.2579             
61000               3060                1501.77             173.179             0.565835            13.4234             
37000               3600                1308.1              143.936             116.037             0                   
37000               3660                1467.21             125.788             102.38              0                   
37000               3300                1438.79             161.508             0.107149            7.16238             
37000               3120                1522.54             145.011             105.986             0                   
37000               3210                1321.65             163.257             184.988             12.7034             
37000               3300                1321.37             148.105             105.303             12.7034             
58000               3330                1561.85             128.677             148.975             1.88218             
37000               3600                1385.43             143.875             24.6084             0                   
37000               3750                1430.82             134.833             114.76              0.12253             
61000               3420                1696.33             125.832             145.187             0                   
37000               2970                1458.59             146.185             97.5392             12.8841             
37000               3300                1433.22             173.179             54.4226             0                   
37000               3060                1392.56             148.105             75.8594             0                   
37000               3330                1739.65             125.832             132.322             0                   
37000               3810                2010.39             138.297             52.6968             2.95985             
87000               3570                1419.61             128.996             169.832             0                   
37000               3270                1764.67             128.501             68.5059             0                   
37000               3180                2060.1              142.567             71.7255             0                   
37000               3450                1563.33             134.796             68.8603             0                   
63000               3030                1443.33             146.185             124.528             0                   
37000               3210                1406.4              160.706             55.6624             19.5418             
63000               3360                1607.17             125.851             124.499             4.55535             
54000               3900                1451.93             125.536             59.0132             1.29688             
61000               3060                1562.53             145.333             27.2767             8.73977             
37000               3300                1338.94             166.588             82.3987             16.61               
37000               3060                1390.86             173.179             85.4785             0                   
37000               2970                1569.59             173.179             0                   9.16063             
37000               3510                1485.67             125.806             71.5848             9.56346             
74000               3750                1506.76             128.835             0                   0                   
37000               2970                1469.61             150.305             94.1312             0                   
37000               3210                1546                162.021             0                   15.8629             
61000               3120                1509.01             173.179             10.1163             7.16238             
37000               3330                1699.17             125.851             166.632             0                   
37000               3030                1610.58             145.333             89.9095             25.8025             
37000               2970                1612.35             177.3               0                   7.16238             
37000               3150                1517.73             173.179             0                   0                   
37000               3360                1384.68             143.875             74.4012             11.2188             
54000               3870                1636.12             124.996             32.7389             22.1213             
37000               3900                2014.55             138.297             1.58892             22.0009             
61000               2970                1588.54             173.179             0                   7.16238             
37000               2970                1600.78             146.185             26.4252             9.05443             
37000               3270                1778.05             127.905             103.48              1.19256             
37000               3930                2039.93             135.755             56.1074             14.7692             
37000               3270                1727.76             141.105             96.48               4.55965             
54000               3600                1543.24             132.892             0                   2.59342             
37000               3960                2021.19             135.755             28.3904             7.56417             
37000               3030                1597.13             168.985             0                   12.1471             
37000               3360                1745.06             128.501             90.2426             14.7754             
37000               3060                1635.41             143.875             60.7759             25.8025             
61000               3060                1480.61             146.185             26.991              15.9021             
37000               3150                1365.64             148.105             63.6862             26.5631             
87000               3420                1510.23             128.626             158.119             2.57967             
37000               3330                2105.92             142.567             39.6609             0                   
37000               3870                2088.39             137.688             2.88979             22.0009             
63000               3360                1665.25             125.832             118.337             0                   
54000               3750                1516.17             128.835             0                   0                   
37000               3660                2022.71             139.519             2.88979             18.9158             
37000               3150                1403.16             148.105             63.2036             16.61               
37000               3180                2126.72             142.567             52.6574             0                   
63000               3570                1313.13             143.936             147.817             2.73045             
37000               3420                1694.73             127.905             107.814             19.9503             
63000               3270                1704.62             127.905             114.199             19.9503             
37000               3960                2032.44             137.181             3.39727             0                   
61000               2970                1599.92             173.179             0                   0                   
37000               2970                1486.5              173.179             76.6364             7.16238             
37000               3750                1316.32             143.875             116.366             2.73045             
54000               3420                1373.55             143.875             128.621             0                   
37000               3450                1410.36             147.27              0                   0                   
37000               3930                2068                137.181             24.5122             0                   
63000               3150                1390.63             146.185             90.4149             14.5794             
37000               3060                1633.6              153.48              14.3197             29.2701             
37000               3060                1432.08             166.824             51.6364             6.10172             
37000               3060                1348.9              148.105             113.911             12.7034             
37000               3360                1735.74             128.501             71.8438             21.255              
37000               3210                1362.08             165.307             103.944             0                   
87000               3630                1433.38             125.806             154.761             0                   
58000               3480                1508.47             128.303             148.992             0                   
37000               3210                1366.84             146.185             99.5863             20.6148             
37000               3900                1454.54             137.06              90.4826             0                   
37000               3510                1469.47             129.353             98.2147             5.22985             
37000               3420                1754.67             137.59              101.216             0                   
61000               2970                1445.95             146.185             103.062             0                   
63000               3510                1440.61             125.806             113.422             5.22985             
37000               3060                1373.01             161.722             74.4897             19.5418             
37000               2970                1499                173.179             47.64               0                   
37000               3180                2097.1              142.567             69.3511             13.7452             
63000               3510                1455.02             125.788             103.481             0                   
87000               3570                1430.24             125.806             169.611             5.22985             
77000               2940                1781.85             192.864             17.4948             0                   
54000               3720                1651.47             125.07              43.1243             7.24632             
61000               3060                1492.13             150.305             19.1703             6.26098             
54000               3660                1605.53             128.835             0.744896            0                   
37000               3480                1523.94             125.806             126.102             5.22985             
37000               3810                2021.17             138.297             1.58892             0                   
37000               3150                1382.75             173.179             69.4264             0                   
54000               3750                1480.24             124.996             47.9254             8.87349             
61000               2970                1586.65             150.305             17.4948             0                   
37000               2940                1618.64             146.185             38.3917             0                   
63000               3570                1454.25             125.806             154.761             0                   
37000               3750                1337.26             143.875             64.6187             0                   
37000               3150                1470.91             173.179             29.8164             12.6965             
37000               3300                1511.87             173.179             0                   7.16238             
37000               3150                1463.65             173.179             43.6669             7.16238             
37000               3450                1345.59             143.875             40.2582             3.07972             
37000               2970                1554.21             162.44              32.6838             0                   
37000               3210                1486.39             143.875             0.565835            0                   
74000               3660                1503.66             124.996             46.6835             0                   
37000               3510                1351.79             143.936             76.7531             0                   
37000               3060                1660.39             151.465             0                   1.57793             
37000               3060                1382.06             148.105             109.67              17.4628             
