77000               4170                2238.12             163.316             2.2574              0                   
37000               4260                2148.21             196.145             21.6355             0                   
37000               3270                1775.78             121.28              386.226             63.7733             
37000               4350                2033.62             117.676             437.322             24.9345             
87000               3270                1674.71             118.298             430.748             63.7733             
37000               3960                1589.81             145.417             417.668             20.6077             
37000               3240                1717.46             127                 490.458             55.5727             
37000               4050                1895.48             143.535             18.1858             35.9729             
37000               3930                1570.69             133.053             494.441             20.6077             
37000               3420                1783.72             156.556             433.074             4.86462             
77000               3690                2007.89             164.674             88.489              0                   
54000               3150                2461.67             164.035             9.10026             60.2532             
37000               4620                2273.99             159.146             14.6413             17.2258             
63000               3510                1591.17             139.044             378.243             9.59675             
37000               3330                1857.79             187.67              371.788             22.2944             
37000               4320                2162.46             169.791             11.5625             24.5039             
37000               4320                2113.85             141.967             12.1202             44.7316             
37000               4410                2093.85             138.545             26.5884             0                   
54000               3090                2211.72             164.035             92.6548             29.5441             
37000               4200                1818.81             156.183             68.5904             42.0529             
77000               3630                1873.8              176.4               98.8653             0                   
37000               3150                2188.95             236.144             349.665             55.2042             
87000               3780                1666.92             118.225             483.612             63.7733             
37000               3240                2292.54             131.172             448.606             3.68971             
37000               3510                1607.81             137.588             350.83              0                   
37000               4200                2139.03             119.442             297.008             16.8264             
37000               4410                2399.85             163.142             4.50408             0                   
63000               4200                1781.54             121.725             192.573             0.0547975           
37000               4050                2015.17             117.996             427.657             55.5345             
54000               3090                2068.88             142.278             240.448             57.5897             
61000               4050                1687.05             124.557             245.478             55.9507             
54000               3480                2370.47             175.603             5.70623             28.2219             
37000               3150                2394.77             143.388             56.2543             42.1655             
37000               3420                1564.51             131.316             241.457             30.5383             
37000               4020                1928.97             143.608             45.3807             70.3783             
37000               4110                2306.92             222.411             17.3769             0                   
63000               3480                1605.88             139.044             442.144             29.4408             
61000               4110                1530.75             130.069             428.534             0                   
37000               4080                1587.79             133.053             481.854             0                   
37000               3570                1662.28             134.819             80.1097             63.1412             
54000               4020                2114.57             146.113             18.8186             57.4737             
37000               3330                2291.45             125.247             331.025             0.279762            
37000               4470                2161.13             138.235             55.0145             46.6917             
61000               3480                1886.91             165.557             296.803             8.82613             
37000               3420                1687.73             133.291             85.7562             16.1886             
54000               3240                2399.77             142.837             15.7236             27.4395             
61000               3270                1694.73             118.225             415.02              34.4123             
57000               3390                2356.27             143.004             239.097             14.9258             
54000               3330                2274.93             176.974             9.83592             63.6338             
57000               3150                2330.54             143.388             96.2293             63.7848             
37000               4110                2450.87             181.686             8.18583             54.1802             
37000               3570                1739.7              121.28              430.901             0                   
54000               3060                2157.71             142.278             181.723             39.8049             
37000               4110                1748.95             124.737             186.048             36.0751             
37000               3240                2011.01             206.909             357.567             27.1815             
61000               3540                1638.66             124.634             454.322             35.4585             
81000               3240                1867.02             118.225             345.024             40.9147             
77000               4080                2359.35             150.116             5.03853             0                   
61000               4020                1636.38             121.725             328.12              0                   
60000               4470                2651.11             205.233             4.17389             0                   
61000               3270                1866.24             118.225             285.08              47.2746             
54000               3240                2478.12             188.404             16.6646             26.9634             
61000               3420                1907.32             118.225             261.734             21.8827             
61000               3660                1556.19             124.634             396.942             44.6663             
37000               4050                1954.59             121.087             164.307             13.1585             
37000               3240                2293.04             182.807             32.3934             31.6011             
37000               4200                1531.3              137.871             381.975             18.1292             
37000               3090                2270.35             171.787             38.651              50.7308             
37000               3270                1704.01             206.909             435.495             81.7733             
77000               4470                2561.95             163.142             4.17389             0                   
54000               3390                2420.59             149.96              49.8521             6.51996             
61000               3270                1722.09             118.225             340.094             63.6814             
63000               3240                2245.56             131.172             476.421             3.68971             
37000               3240                2020.18             159.221             406.711             69.9466             
54000               4230                2295.42             146.113             8.7436              49.2073             
61000               4350                1505.3              130.064             399.895             4.38516             
87000               3450                1589.57             124.634             512.192             64.4006             
61000               4350                1513.52             121.109             399.895             17.3076             
61000               3270                1720.03             149.584             403.298             63.7733             
61000               3630                1488.25             165.524             495.876             63.1301             
54000               4500                2352.1              171.92              0                   0                   
81000               3240                1934.6              133.958             318.232             21.8827             
37000               3630                2496.86             173.459             50.0459             0.141053            
37000               3660                2049.05             177.243             18.1858             29.8308             
58000               3210                2154.88             164.884             452.067             11.2079             
37000               4020                1875.61             168.449             31.6585             64.358              
37000               3540                2479.46             146.191             61.1405             13.5045             
61000               4020                1533.93             121.167             525.177             20.6077             
37000               3180                2248.88             157.968             433.658             28.9446             
63000               3660                1587.34             131.316             162.634             0                   
37000               4110                1871.97             159.387             67.7517             0.742725            
54000               3390                2466.6              164.035             4.15864             53.8572             
57000               3330                2437.17             134.948             207.818             0                   
37000               4500                2506.36             176.113             0.79785             2.22842             
60000               3630                1823.95             200.148             108.865             0                   
37000               4350                2027.94             117.866             400.083             9.0384              
61000               3240                1682.75             143.527             527.959             63.7733             
37000               4350                1885.76             121.161             192.669             0                   
61000               3270                1892.34             179.176             250.22              37.2072             
37000               3270                1764.74             193.98              380.389             68.8444             
54000               3150                2476.38             199.78              20.6792             41.1471             
57000               3330                2169.66             128.025             529.819             3.68971             
61000               3480                1496.11             142.524             495.913             63.1301             
37000               3150                2191.96             216.151             316.244             54.6933             
79000               3240                1937.59             205.439             401.456             63.7733             
37000               4260                1792.18             155.227             60.0531             25.4134             
37000               3420                1532                137.673             310.195             62.2844             
37000               3240                2472.72             143.512             68.9602             0                   
37000               3090                2355.01             171.787             30.4812             0.276654            
54000               4170                2266.01             132.807             21.4773             7.14498             
61000               3330                1773.79             118.225             347.881             8.82613             
37000               3480                1711.56             169.721             306.023             0                   
37000               3210                2504.62             184.12              242.746             0                   
37000               3090                2116.39             216.184             256.232             56.0465             
63000               3510                1666.31             152.183             226.121             0                   
61000               3420                1904.11             188.914             314.97              9.18147             
54000               3240                2147.66             182.713             103.39              58.5571             
54000               3300                2425.35             151.98              13.2944             60.2532             
63000               3330                1736.03             121.28              535.41              4.86462             
37000               3270                2037.55             236.131             216.838             26.0118             
37000               4260                2473.15             193.524             4.50408             10.97               
37000               3270                1929.36             219.059             248.748             47.5777             
37000               4320                2046.66             179.579             76.9201             0                   
61000               3330                1658.36             118.225             495.062             63.7733             
37000               4200                2043.67             117.676             416.888             63.222              
61000               4200                1683.25             125.151             232.258             40.8436             
37000               3330                1783.46             235.539             364.418             32.2373             
54000               3240                2412.01             141.188             20.0586             11.3632             
61000               3960                1734.46             121.725             189.144             34.3545             
37000               3180                2490.57             150.67              375.644             0                   
37000               3720                2026.19             177.243             18.1858             64.0631             
61000               3900                1636.85             124.634             275.644             40.8436             
37000               3570                1741.08             176.142             85.3545             41.7661             
74000               3300                2383.78             141.188             108.339             11.3632             
147000              3150                4784.95             206.492             483.107             0                   
61000               3360                2118.09             185.498             194.38              21.8827             
63000               3420                1666.72             130.069             76.1462             38.3057             
37000               3810                1553.28             121.167             345.835             53.8738             
57000               3270                2133.88             164.884             529.552             0                   
37000               4320                2346.83             160.391             8.18583             64.8832             
37000               3330                2494.82             134.948             167.843             0                   
37000               3870                1757.35             121.725             227.821             48.2376             
37000               3810                1933.89             158.455             53.7467             52.3799             
37000               4020                2304.7              186.733             25.0001             0                   
57000               3480                1917.71             184.631             161.829             0                   
54000               3570                1745.83             138.828             67.6927             54.4918             
37000               4200                2008.12             117.676             438.073             44.6182             
54000               4230                2260.64             154.306             6.55247             36.4341             
37000               3270                1765.5              193.98              313.75              42.2783             
61000               4050                1547.5              135.299             393.427             15.2424             
37000               3330                2172                226.97              235.145             36.791              
37000               3180                2115                179.616             512.556             64.0468             
37000               3330                1835.01             211.828             338.94              17.8461             
37000               3270                1933.42             193.98              242.481             55.5616             
62000               3390                1854.88             161.608             150.877             41.12               
61000               4110                1731.14             121.725             208.411             19.7246             
37000               3660                1607.16             132.175             144.941             11.8105             
54000               3180                2302.28             183.26              9.83592             43.9368             
54000               4380                2221.24             132.807             73.699              0                   
147000              3180                5236.1              206.492             296.33              0                   
37000               3270                1749.68             121.28              433.074             19.5226             
37000               3330                2103.83             206.786             278.656             21.8827             
37000               3240                1751.29             145.623             482.619             63.7733             
61000               4320                2116.21             120.235             296.033             0                   
37000               4200                1839.94             156.183             29.3595             61.56               
37000               4050                1674.58             128.179             254.389             0                   
37000               3870                2137.68             163.14              18.1858             0.742725            
87000               3270                1752.55             119.99              375.06              8.82613             
37000               3330                2000.1              226.97              360.693             6.88847             
37000               3090                2334.29             152.132             90.8607             1.81988             
87000               3510                1646.67             120.923             437.248             63.7733             
37000               3240                1979.75             226.866             373.018             18.8261             
37000               3810                1683.19             138.828             107.033             0                   
37000               3660                1521.69             131.316             412.035             40.1068             
37000               3330                2236.82             160.618             393.509             0.279762            
37000               3570                1535.24             148.389             330.655             49.0887             
37000               4170                2381.06             189.424             8.18583             60.5171             
37000               3570                1492.01             131.316             447.484             63.1301             
37000               3210                2045.07             159.221             436.819             57.9466             
37000               3270                1745.29             204.535             354.447             75.8488             
37000               4500                2029.52             117.866             349.164             0                   
37000               3150                2201.76             230.511             330.678             39.0585             
37000               3960                1552                121.167             438.164             20.6077             
57000               3180                2052.75             179.616             546.985             64.8619             
37000               3420                1668.44             129.558             109.924             62.3217             
37000               4410                2482.79             180.086             0.79785             45.2702             
61000               3810                1651.17             118.225             423.533             63.7733             
37000               4200                2049.59             117.676             350.149             30.9345             
37000               3150                2343.31             139.986             190.017             24.095              
37000               3900                2047.82             121.525             319.182             0                   
37000               4260                1581.11             121.167             424.939             0                   
54000               3930                2087.15             162.242             18.9937             18.5012             
37000               3090                2298.28             161.274             38.0483             14.7626             
37000               4560                2479.99             180.086             0.79785             20.6223             
63000               3660                1569.82             131.316             168.948             50.3731             
37000               3420                1619.72             145.098             148.258             49.5625             
37000               3090                2193.85             160.834             174.054             55.2494             
54000               4350                2403.75             191.957             0                   13.7466             
37000               3270                1834.78             170.189             408.203             9.76716             
37000               3420                1690.72             138.828             82.4781             43.6152             
