121000              3210                1759.16             95.513              737.191             0                   
61000               3360                1458.44             161.803             471.303             146.339             
54000               3990                2225.29             233.089             16.0534             0                   
118000              4560                1606.26             109.251             225.82              25.2426             
147000              3000                1608.6              107.43              706.801             51.3995             
147000              3030                1547.83             144                 648.627             52.0006             
147000              4620                1283.69             141.619             746.181             21.1098             
37000               3510                1491.37             205.286             354.855             129.315             
140000              3930                1989.63             129.318             46.976              68.2299             
107000              2940                3377.21             237.63              297.075             43.6583             
166000              3120                5289.02             234.663             77.2566             30.5917             
166000              3870                1846.56             231.343             33.2153             54.4638             
37000               3900                1963.33             117.523             467.353             0                   
142000              3930                4443.23             230.612             -6.75016e-14        100.443             
57000               2850                2668.03             230.125             96.3697             81.7859             
144000              4560                1575.84             155.999             342.907             0                   
147000              4410                1385.38             199.338             644.594             26.3132             
87000               3870                1428.07             196.938             595.698             122.783             
97000               4500                1507.55             120.073             479.804             68.1977             
166000              4140                1657.76             187.944             329.541             0                   
166000              4020                1704.35             133.395             260.689             60.0064             
37000               2820                2224.88             149.028             380.585             9.94241             
54000               2880                2390.5              142.428             740.786             11.1878             
37000               4320                1877.52             202.235             45.8543             15.1608             
97000               2880                2657.19             237.079             366.518             0.58748             
37000               4110                2112.57             119.83              200.465             0                   
147000              3240                1489.7              156.179             914.022             0                   
97000               3120                3286.5              190.966             398.044             0                   
37000               3120                2046.74             194.968             9.97837             103.647             
142000              3540                1767.17             238.813             591.738             1.81277             
144000              4260                1760.03             207.807             279.417             60.9644             
63000               2970                2739.84             133.932             454.732             22.3377             
37000               2820                2175.95             178.782             497.996             28.7838             
37000               3660                1854.66             163.816             8.77101             116.517             
121000              3030                1524.02             116.194             737.004             85.5441             
120000              4050                1821.51             136.79              1.22727             0.0751142           
54000               3540                2782.32             157.956             105.695             17.1963             
127000              3360                1641.27             150.194             39.0084             97.4384             
166000              4200                1835.33             192.939             0.473891            64.3395             
63000               4320                1465.46             197.009             449.406             44.6382             
121000              4080                1445.24             98.0085             739.585             0                   
168000              3180                1619.57             176.403             631.2               11                  
142000              4650                1401.61             107.815             522.774             74.4118             
63000               4110                1709.02             239.822             403.418             15.2886             
104000              3420                1435.41             162.427             474.547             113.386             
37000               3060                2148.35             210.537             501.818             7.19691             
147000              4560                1368.9              183.49              549.04              0                   
63000               2820                2160.81             146.721             499.97              110.228             
146000              3780                2016.47             142.966             0.910081            0                   
37000               3180                2039.31             137.615             10.4282             87.574              
142000              4440                4093.06             238.883             -8.17124e-14        130.464             
99000               3330                2090.86             143.975             124.622             0                   
37000               3630                2910.46             188.544             1.19416             0                   
75000               2880                2990.55             179.859             459.266             0                   
146000              3690                1864.34             148.782             226.295             0                   
37000               2850                2344.34             197.74              266.654             132.879             
144000              4350                1669.18             180.197             224.402             15.017              
121000              3150                1567.64             203.515             603.958             66.0693             
37000               3000                2176.37             236.187             400.658             0.488429            
37000               3060                3177.2              215.821             286.727             30.5602             
147000              4410                1293.89             154.924             654.886             43.0928             
121000              3390                1739.76             205.843             722.077             21.2393             
97000               2880                6168.72             239.702             331.593             42.2739             
37000               2970                2753.59             133.932             474.406             87.2641             
147000              2970                1753.17             203.402             813.619             70.2082             
37000               3900                1422.84             122.89              486.812             77.5657             
87000               4470                1470.42             200.115             441.319             20.0372             
57000               4080                2163.56             176.314             15.9802             0                   
168000              3240                1891.34             236.85              466.106             0.849433            
118000              4350                1586.62             107.821             340.394             55.2731             
61000               3210                1450.7              196.085             409.31              143.584             
63000               3900                1843.57             201.125             772.248             0                   
147000              3630                1602.19             220.472             539.293             40.7453             
37000               4260                1591.75             121.387             560.115             0                   
142000              4410                4453.63             239.783             -8.17124e-14        0                   
87000               4290                1567.69             121.387             677.164             0                   
37000               3600                1440.69             131.283             285                 90.6687             
130000              2970                5667.04             222.252             0.873945            0                   
37000               3780                2856.12             171.776             1.19416             18.0573             
37000               3360                1657.12             209.473             368.768             169.204             
142000              4200                1421                107.374             561.698             34.1817             
130000              2940                5597.19             214.533             216.219             12.0467             
77000               3060                2346.65             229.242             479.511             0                   
127000              3210                1751.47             192.402             18.0701             80.442              
120000              4110                1786.31             128.538             58.6513             45.4233             
78000               3660                1772.04             163.241             49.0637             125.886             
149000              3180                5236.14             214.533             63.7097             17.9388             
37000               3330                1672.29             209.005             506.208             112.129             
104000              3420                5693.16             235.614             0                   58.0979             
121000              4260                1284.65             100.213             677.956             11.9637             
37000               4410                1478.24             137.455             483.315             22.8167             
37000               3900                2035.83             133.131             9.32141             59.5387             
61000               2850                2106.68             189.509             463.306             120.336             
87000               4020                1737.99             227.536             546.602             33.3892             
37000               4260                1878.01             148.303             58.0604             0                   
57000               2820                2426.73             238.193             360.971             36.5095             
37000               4410                1772.3              218.874             324.573             0                   
87000               4440                1455.99             137.455             572.533             9.65685             
123000              2940                5770.36             209.726             76.2649             80.026              
37000               2850                2653.82             185.006             131.214             62.249              
147000              3270                1478.4              186.81              817.518             35.7225             
78000               3360                1441.64             132.488             456.07              122.595             
166000              2970                5462.39             214.533             119.265             0                   
140000              3900                1883.55             234.7               -1.42109e-14        159.54              
147000              3060                1538.26             144                 927.353             83.6319             
121000              4560                1302.12             95.5545             732.635             29.1098             
37000               2850                2167.47             180.66              398.848             124.593             
37000               3810                1439.79             130.952             582.93              113.126             
121000              3030                1922.67             235.99              550.65              56.4993             
149000              2940                5533.63             208.638             178.757             61.3                
87000               4140                1600.07             173.042             744.546             0                   
37000               3450                1600.27             225.759             329.95              158.858             
37000               4440                2646.86             144.786             13.929              0                   
127000              3210                1669.18             154.66              23.2951             61.6202             
37000               2880                2722.46             142.428             564.803             0                   
37000               4260                1794.58             117.237             598.31              97.6906             
147000              3930                1406.26             164.429             1071.16             0                   
37000               3750                2217.81             120.159             639.02              65.3665             
120000              4020                1928.3              221.94              -7.10543e-15        105.536             
142000              3960                4532.86             218.663             -7.4607e-14         0                   
37000               3210                2855.88             205.749             10.4604             0                   
63000               4140                1929.76             206.345             104.522             40.2803             
142000              3030                1824.39             222.204             737.791             0                   
78000               3270                2220.98             160.199             0.317191            0                   
161000              3030                4877.85             203.635             362.915             0                   
142000              4200                1760.95             140.828             0.910081            24.1242             
37000               4200                2018.05             119.83              181.261             77.6597             
37000               3960                1803.3              173.042             651.126             0                   
63000               4320                1639.02             238.219             382.155             48.14               
125000              4230                4585.38             238.796             -3.90799e-14        28.3368             
147000              4050                1428.6              150.279             1000.77             14.2368             
121000              3000                1596.21             169.255             760.016             64.4945             
78000               3360                1625.53             214.884             406.74              148.646             
87000               3540                1520.32             122.89              711.252             97.316              
104000              3030                5825.41             222.252             0.873945            85.7959             
37000               3450                1642.37             122.89              679.919             37.5463             
84000               3210                1996.89             233.608             8.12725             131.281             
118000              4440                4225.37             228.556             -7.4607e-14         71.359              
78000               3120                1517.97             123.326             555.74              84.1861             
99000               3270                1995.87             133.889             68.6772             97.2244             
142000              4350                4094.24             208.775             -7.4607e-14         0                   
54000               3870                2195.09             134.403             15.4153             94.4569             
54000               3600                1845.34             221.929             9.40517             172.278             
161000              3330                5266.81             218.015             0                   137.717             
78000               3780                1671.99             142.93              137.718             101.188             
125000              3810                5108.15             233.843             -2.84217e-14        0                   
140000              4020                1866.53             216.385             21.6261             27.9101             
121000              3540                1861.35             234.314             573.914             27.6933             
57000               3840                2680.18             204.231             1.19416             75.492              
104000              2790                5086.37             238.93              654.375             35.4541             
98000               3240                1782.16             106.618             652.52              0                   
147000              4140                1350.03             146.472             928.921             60.1205             
142000              4320                4349.42             237.558             -8.17124e-14        50.303              
37000               3840                1840.12             235.121             702.691             0                   
166000              2970                5179.45             234.034             357.924             0                   
144000              3210                5426.79             226.214             1.91008             119.788             
104000              2970                6068.28             233.126             0.873945            0                   
140000              4110                1885.27             221.838             0.473891            125.107             
121000              4710                1401.48             95.5545             619.435             0                   
140000              3300                1837.5              111.43              411.83              0                   
78000               3360                1625.23             235.061             284.012             163.897             
37000               3630                1731.42             204.931             81.4398             129.177             
87000               3000                1948.02             175.022             104.34              56.0284             
73000               3570                1714.45             222.754             310.004             103.955             
104000              2970                5378.71             237.169             244.259             0                   
37000               3000                2064.7              168.472             2.66466             50.5333             
37000               3420                2107.63             137.388             10.4282             20.946              
166000              4050                1704.54             207.554             112.438             4.68753             
37000               4350                1500.11             175.71              363.578             0                   
63000               3120                1998.71             236.374             39.1851             105.58              
58000               3570                1928.67             234.69              8.44898             134.067             
37000               3150                2686.65             133.185             607.656             35.794              
118000              4410                1607.11             107.858             226.963             0.630146            
124000              3090                2251.04             197.63              2.02                50.5333             
147000              3030                1921.58             154.294             669.33              0                   
130000              2940                5755.56             222.252             0.873945            55.9221             
104000              2880                2266.34             162.873             542.617             0                   
37000               4200                1727                235.907             428.004             25.9952             
61000               3780                1454.12             130.848             640.843             97.316              
83000               4500                1795.26             230.225             236.697             18.9993             
80000               2940                6160.7              238.768             149.257             17.5134             
121000              3570                1853.13             118.939             317.015             0                   
96000               3780                2776.56             239.828             0                   4.72104             
61000               3270                1548.63             123.11              451.572             46.651              
79000               2910                2779.92             200.966             101.032             81.7859             
56000               2850                2597.93             164.238             108.052             95.0963             
37000               3120                1520.28             123.326             561.362             93.843              
168000              3330                1662.13             197.012             518.318             33.7328             
168000              2970                1932.31             186.81              717.565             89.4195             
86000               3660                1970.4              216.344             8.44898             115.463             
87000               2880                2082.1              149.513             605.376             88.4358             
61000               3870                2163.49             120.19              203.673             31.504              
61000               4320                2695.85             144.165             144.152             6.12044             
99000               3360                2115.35             238.946             57.0427             11.374              
121000              4710                1378.76             183.49              616.551             37.1268             
120000              3810                1976.25             192.307             0                   0                   
37000               2880                2107.8              149.513             616.08              83.1143             
79000               3000                2353.26             233.895             2.02                54.8447             
121000              3060                1616.2              129.318             808.852             51.3995             
63000               3060                2116.79             146.721             630.615             31.2359             
