175000              7800                891.52              852.152             537.399             144.763             
310000              6600                3408.09             925.78              1878.3              185.18              
221000              6100                3061.35             625.728             2159.86             349.873             
81000               7800                1198.65             1157.14             361.034             527.908             
129000              6800                4913.68             911.778             418.934             32.7517             
179000              6400                3140.66             1092.08             2846.68             258.726             
231000              7100                1782.05             250.306             22.5185             130.622             
224000              7700                872.931             635.918             1528.28             17.8284             
315000              7000                2276.91             193.517             2056.53             78.8533             
91000               8600                4363.43             539.008             775.826             353.503             
91000               7100                4114.53             591.824             2426.86             341.975             
129000              9700                812.189             126.924             10.1503             104.235             
318000              5900                4458.71             630.111             1251.38             151.412             
317000              6700                5271.56             715.138             910.558             120.247             
129000              8100                964.43              494.028             225.504             6                   
182000              7600                1760.87             1089.22             80.7033             207.355             
399000              5900                2970.34             931.516             2357.15             143.999             
81000               7800                1241.87             1163.27             734.987             377.736             
135000              7100                1677.8              187.868             137.779             197.412             
91000               8000                4422.17             602.767             291.921             384.993             
270000              6500                4883.18             724.73              1444                55.9272             
182000              6900                4070.73             498.248             2591.85             341.128             
175000              7400                937.001             487.062             1104.08             79.5404             
281000              7600                2708.31             283.505             9.59688             2.18962             
135000              7100                2032.63             221.781             112.043             359.549             
91000               8000                4557.92             602.767             162.009             256.414             
357000              6400                4150.86             924.117             1993.83             383.441             
261000              5900                2877.22             560.267             2632.75             42.1887             
129000              8000                852.322             1043.94             33.3281             31.5407             
365000              6500                3993.11             1182.47             1154.37             273.142             
317000              6400                5277.61             780.117             643.308             47.6588             
261000              5900                3012.33             224.36              2430.94             0                   
175000              6900                3405.52             698.085             2540                47.1665             
270000              5900                5041.92             620.354             1069.63             117.589             
182000              9400                2760.67             992.047             -5.68434e-14        92.4081             
220000              8900                2705.56             521.442             -5.68434e-14        0                   
316000              5900                4620.43             1129.64             1101.71             130.646             
131000              6900                4128.74             707.881             2790.98             199.743             
182000              8150                2158.86             275.795             0                   255.649             
134000              7600                1945.34             1217.27             298.72              458.958             
88000               8850                1050.63             1065.81             12.2589             507.413             
88000               9700                1125.98             1004.26             832.844             157.802             
221000              6100                3176.87             252.637             2092.16             35.0159             
176000              6600                4616.05             769.638             1807.59             367.854             
91000               6600                4392.7              304.201             2328.94             356.779             
316000              5900                3344.07             948.481             2156.31             334.909             
361000              6400                4294.49             1224.19             1210.1              0                   
135000              7600                2155.78             1174.32             196.707             43.7103             
129000              9150                797.954             708.758             19.7471             168.665             
175000              6400                3498.13             1226.21             2829.05             14.5046             
365000              6100                4656.66             342.643             522.094             0                   
129000              7800                1238.65             124.535             4.53968             302.432             
91000               6600                4205.7              769.638             2331.65             452.774             
81000               8850                1038.99             959.647             126.559             264.079             
365000              5900                4596.93             367.157             1102.58             94.9473             
178000              8300                1090.45             545.792             27.7888             10                  
315000              7000                2176.56             196.515             1676.47             4                   
177000              6800                2730.35             1169.65             2181.78             44.3743             
446000              6600                3273.09             863.033             1851.21             354.984             
365000              6600                4698.07             379.039             403.099             93.1611             
129000              8550                714.604             127.297             48.6843             0                   
136000              6800                2843.37             972.981             2374.1              128.887             
277000              6800                2470.28             1042.1              2517.12             118.065             
405000              6600                4186.17             755.766             1259.85             258.274             
405000              5900                3900.38             336.991             2129.58             32.9258             
81000               7800                1260.32             923.137             31.8702             146.97              
397000              6100                2901.44             863.278             2326.54             400.096             
446000              6200                4396.37             566.772             1434.01             154.948             
134000              7400                2239.32             1044.66             401.008             367.625             
446000              5900                4202.43             856.345             1902.71             50.4342             
270000              6200                5007.15             591.824             1224.79             4.62774             
91000               7700                4265.75             612.676             50.3349             107.433             
175000              7100                946.546             1134.1              1346.93             21.9932             
81000               9650                858.155             1146.98             68.8221             183.508             
129000              8600                1122.47             119.143             598.907             341.805             
309000              6600                3140.43             237.665             1943.79             315.387             
320000              5900                4177.38             1112.54             1989.23             0                   
129000              7800                1242                126.35              5.52405             133.11              
315000              7000                2674.46             1213.08             1170.55             0                   
81000               10000               958.845             1046.63             472.069             302.229             
268000              6400                3340.03             214.317             2422.47             76.3099             
91000               9000                4555.84             401.219             103.831             0                   
88000               7600                1379.52             1022.44             746.022             289.284             
129000              7700                4553.74             724.143             4.35122             395.414             
281000              7100                2289.61             728.322             -4.26326e-14        303.472             
91000               9500                4460.35             385.85              85.0113             30.9013             
446000              5900                4616.84             461.139             933.298             0                   
224000              6800                2586.83             898.771             2381.33             285.083             
270000              6900                4060.59             935.133             2109.35             26.1751             
221000              6200                3037.09             413.944             2722.98             4                   
220000              9700                2920.23             773.146             -7.10543e-14        0                   
446000              6900                4426.56             832.349             693.027             44.1833             
316000              5900                3540.86             212.009             2345.07             128.15              
175000              9650                760.061             127.297             30.1206             28.8288             
406000              6200                2796.22             740.473             3617.75             448.137             
81000               8100                1148.88             1199.94             1058.83             274.895             
81000               8850                952.878             1189.81             396.029             366.914             
406000              6300                4352.6              725.045             520.246             60.6822             
361000              6650                3943.58             1121.18             1614.75             322.535             
129000              7800                926.029             299.349             60.1821             34.3321             
221000              6400                3436.15             492.661             2364.4              13.428              
316000              5900                3084.72             218.8               2451.36             334.76              
397000              5900                2855.65             698.213             2506.25             272.935             
88000               8950                1414.38             973.993             1012.41             81.0151             
397000              6800                3020.05             875.789             1926.84             409.546             
220000              8600                2744.05             1084.27             -5.68434e-14        217.587             
91000               6800                4013.22             304.201             1812.45             379.824             
356000              5900                3257.3              271.679             2331.55             272.935             
406000              6800                3373.76             927.038             1830.59             83.9963             
134000              7100                2195.64             1145.1              336.7               475.879             
81000               9450                1013.96             1051.55             399.217             559.863             
272000              6500                4132.32             1231.2              1024.42             156.405             
182000              7100                1832.28             208.571             63.2773             7.11905             
91000               8700                4116.99             888.297             143.203             383.383             
356000              5900                2852.2              818.314             2644.53             56.4031             
91000               7100                4568.1              848.861             1121.68             0                   
350000              6800                3126.41             768.651             1638.53             296.604             
365000              6100                4285.89             1088.36             1645.24             151.668             
182000              7100                2154.92             191.447             0                   295.033             
129000              7600                4918.35             777.499             376.447             123.746             
81000               8350                1039.66             1193.28             221.827             287.089             
316000              6200                2961.97             504.257             2798.67             339.973             
221000              6900                3766.37             298.867             2141.17             0                   
129000              9150                1124.03             124.302             636.278             0                   
129000              7300                4679.1              1001.97             409.762             203.128             
224000              6800                3803.07             843.545             2005.03             370.251             
129000              9150                864.758             977.837             13.4724             229.2               
88000               8600                1156.13             1044.17             707.386             61.838              
310000              5900                3487.25             945.492             2227.3              47.2007             
91000               7700                4427.28             404.062             4.35122             373.908             
81000               9400                987.276             1203.5              443.014             124.225             
129000              9700                876.221             119.602             1462.38             2                   
91000               6800                4650.41             707.881             487.602             123.746             
81000               8850                906.181             1176.2              941.251             227.195             
365000              6500                4412.89             548.109             1760.69             187.219             
175000              6100                3253.6              1226.21             2601.11             110.918             
316000              6200                4672.94             970.694             1544.9              0                   
182000              7100                1603.58             705.524             349.904             238.811             
365000              6900                4494.29             307.977             1442.36             15.7371             
356000              6450                3042.87             218.8               2452.2              219.746             
269000              6100                2999.91             1157.52             2116.77             340.33              
134000              7400                2443.3              1163.71             291.202             196.831             
91000               9800                4538.41             528.272             67.1859             0                   
179000              6900                3139.48             1092.08             2669.46             77.4124             
232000              7100                2683.1              970.017             15.2355             34.6434             
316000              6100                4750.75             970.694             607.397             43.9072             
91000               7400                4147.13             707.881             2788.25             288.946             
319000              6800                4723.15             399.164             371.696             0                   
129000              7100                948.134             120.606             895.036             2                   
175000              8000                682.169             127.297             71.919              0                   
91000               7500                4381.17             1235.72             574.414             352.419             
81000               9950                1025.01             1065.44             667.756             433.567             
135000              6900                2009.83             1143.46             998.41              230.77              
129000              7100                1016.27             119.266             648.259             83.5404             
91000               6800                4175.74             312.386             1594.17             24                  
135000              7650                2054.17             279.142             44.1303             300.145             
224000              6800                2721.98             213.787             2230.58             112.252             
129000              7600                1015.15             487.062             667.146             83.5404             
135000              7100                2326.16             922.333             13.0727             67.3004             
221000              6200                2903.22             765.321             3051.07             118.504             
221000              5900                3266.67             815.054             2361.55             0                   
216000              6800                4503.11             731.538             704.773             19.1163             
91000               9000                4415.88             897                 510.498             59.9013             
136000              6800                2589.52             498.616             2495.25             204.605             
270000              9400                2912.31             601.868             -7.10543e-14        0                   
356000              6800                2585.6              792.549             2135.79             134.753             
405000              6600                4491.47             756.384             698.269             160.543             
175000              6800                3928.72             646.192             1733.65             432.072             
174000              9450                3295.05             1137.19             -5.68434e-14        94.5314             
281000              7100                2727.01             383.599             9.59688             2.18962             
266000              7000                2411.25             562.428             1572.64             115.209             
129000              9150                854.48              149.924             22.714              259.963             
227000              7400                1921.16             857.045             520.214             6.95403             
91000               9300                4534.41             487.739             524.39              0                   
91000               6800                4709.99             389.333             446.676             167.778             
273000              7000                2168.81             1070.84             2163.28             37.787              
175000              9150                690.431             127.297             57.8676             104.235             
135000              7100                2181.26             270.955             0                   80.2223             
129000              9100                754.87              829.956             35.2952             58.2909             
88000               8100                1519.85             1128.51             329.061             139.805             
405000              6700                4198.88             654.909             1458.02             0                   
129000              7600                5123.02             808.4               443.741             1.62006             
356000              6200                2802.78             921.734             2933.14             236.507             
277000              6900                2513.87             1137.05             3395.71             33.1823             
359000              6600                3533.76             1224.19             1574.95             97.6847             
231000              7650                1619.76             238.639             169.399             153.221             
232000              7600                2284.09             669.479             -2.84217e-14        280.863             
91000               6800                4643.93             377.853             693.509             0                   
91000               6600                4277.72             819.761             2032.31             234.745             
129000              8600                882.547             119.602             1237.67             0                   
281000              7600                2456.26             609.645             22.8338             4.62871             
175000              8550                816.838             126.924             15.6062             286.044             
174000              7300                4892.8              859.654             412.762             0                   
91000               7800                4439.39             859.639             1135.75             88.4246             
231000              7100                1774.59             588.965             83.2773             7.11905             
446000              6400                4511.86             608.625             710.664             5.13042             
405000              6400                3220.4              716.495             2061.28             10                  
319000              7700                2189.71             717.146             585.948             6.95403             
129000              8850                1221.12             146.813             0                   359.458             
129000              9150                1075.18             119.236             657.019             0                   
