290000              6500                1507.91             983.511             -2.84217e-14        0                   
307000              3400                758.748             272.66              1703.09             0                   
185000              4000                1137.77             339.255             1936.88             37.3074             
405000              3400                1341.93             1034.38             -1.13687e-13        0                   
307000              7000                737.583             285.663             194.186             323.946             
290000              3400                1001.48             328.862             1319.37             335.031             
307000              3800                897.459             400.461             3.55969             0                   
290000              5700                895.945             269.761             1490.16             0                   
185000              3800                1191.85             341.954             2043.02             57.3579             
290000              3400                1111.04             324.113             572.611             191.172             
290000              3800                896.437             408.959             213.84              158.82              
290000              3000                1318.27             363.489             1021.06             305.353             
185000              3800                1089.01             347.292             0                   0                   
185000              5400                672.836             220.424             1386.33             148.556             
185000              3400                1191.65             330.886             2145.05             0                   
290000              7000                1026.32             299.949             39.1578             31.0173             
290000              3000                1575.15             437.17              867.974             50.8625             
290000              3400                1020.1              303.988             1553.6              363.279             
185000              3400                1027.35             348.88              1407.91             210.062             
185000              6700                781.119             277.01              1196.79             0                   
307000              4400                780.918             240.338             1581.18             0                   
290000              7100                988.16              314.733             178.034             88.5503             
290000              4000                856.416             1616.75             934.834             0                   
290000              3400                1154.47             840.706             17.0462             91.4787             
290000              3400                915.806             328.862             2081.49             0                   
185000              6400                823.87              291.666             843.539             0                   
290000              4400                1039.6              314.733             0                   261.69              
402000              7700                699.974             338.371             0                   0                   
307000              3400                816.183             240.338             1752.56             171.058             
290000              3400                976.086             292.66              1652.25             181.738             
307000              8400                671.447             235.758             156                 88.5228             
290000              3400                979.381             1616.75             1131.26             0                   
307000              3400                809.02              240.338             1752.56             265.664             
185000              3400                1244.95             1992.03             1353.12             0                   
402000              8400                671.189             338.371             0                   0                   
307000              4700                761.402             240.338             2197.16             0                   
185000              5200                921.819             267.964             1696.8              106.29              
402000              4400                774.183             338.371             75.7373             0                   
185000              5400                669.431             202.901             2096.31             155.336             
185000              6000                849.409             254.496             976.85              92.7085             
307000              7100                731.908             250.687             0                   0                   
290000              3000                921.801             328.862             1394.86             0                   
290000              4400                945.529             328.862             705.413             195.222             
290000              5800                721.053             1245.05             583.673             0                   
185000              5200                1103.57             290.479             1483.49             0                   
307000              6000                768.344             209.002             1223.83             0                   
290000              3800                1070.75             324.113             397.205             225.219             
185000              3400                968.329             2148.88             1747.72             0                   
185000              5800                726.998             211.184             1717.97             247.062             
405000              3400                1086.64             833.261             74.6944             187.03              
185000              6400                667.653             176.75              2331.54             12                  
185000              6700                653.662             194.836             1476.77             0                   
307000              4400                768.184             278.377             288.73              298.67              
185000              3400                1092.21             2044.78             1396.33             0                   
185000              3400                1150.79             897.766             74.8824             4.2132              
185000              3800                925.162             347.102             323.47              0                   
290000              3400                1202.39             331.202             771.719             0                   
307000              5100                730.042             272.66              425.273             0                   
290000              3400                1042                344.365             509.364             67.3426             
185000              6000                804.688             272.939             1016.72             174.294             
185000              3800                1084.67             330.886             1415.84             342.059             
185000              3800                937.233             348.88              214.84              131.164             
185000              3400                1217.41             397.041             1534.3              124.558             
290000              3000                1105.59             326.858             1298.67             369.072             
185000              6000                686.469             192.78              1581.55             39.1426             
290000              3000                1163.31             411.051             1189.88             79.3129             
185000              5600                929.287             260.568             1693.04             0                   
290000              6400                854.103             969.42              241.704             0                   
290000              3400                1264.4              378.42              30.8043             53.2609             
307000              3400                898.995             247.007             1910.02             0                   
290000              5200                1106.06             284.445             1326.24             174.753             
185000              5400                770.458             295.141             1026.3              205.706             
185000              5800                683.158             195.601             2331.54             148.041             
290000              6100                953.715             264.808             1394.86             5.5667              
290000              3400                1153.9              300.779             1454.95             73.4698             
284000              3400                1383.31             1070.45             15.2523             359.973             
290000              7000                818.327             677.893             89.4631             4.27713             
185000              3400                1107.39             1992.03             1393.12             128.201             
185000              3400                1016.13             2044.78             1471.3              0                   
290000              3400                1291.5              485.58              0                   187.03              
290000              5800                785.517             243.404             1596.43             50.5984             
185000              6000                682.868             250.27              1112.97             21.548              
185000              6400                729.904             196.386             2001.95             0                   
290000              3000                1348.68             379.057             1043.49             251.281             
290000              3400                1298.73             412.75              0                   0                   
185000              3400                1184.8              370.491             1371.4              369.479             
307000              3400                813.469             240.338             1750.33             364.704             
290000              3400                1296.87             412.75              0                   129.275             
290000              3000                1412.91             362.437             901.996             0                   
290000              3400                1296.69             991.177             -2.84217e-14        0                   
185000              3800                1057.04             344.546             819.936             0                   
290000              3400                1423.82             915.378             -2.84217e-14        278.509             
290000              6400                1165.19             991.177             -2.84217e-14        0                   
185000              6500                669.786             215.802             1297.93             93                  
185000              3400                1110.48             330.886             1393.99             143.902             
284000              6800                797.11              1213.9              585.07              154.469             
185000              3800                971.387             330.886             2405.98             1.72866             
307000              6700                774.262             231.89              774.16              0                   
185000              6500                653.143             204.83              1717.97             168.431             
290000              7100                672.351             214.695             721.475             0                   
290000              6000                648.203             189.141             2333.9              0                   
290000              3800                1140.79             326.857             332.934             95.5913             
290000              7700                875.316             320.341             527.486             0                   
389000              3400                1419.72             1070.8              -1.42109e-13        0                   
185000              3400                1340.99             430.76              1202.44             0                   
307000              3800                878.677             327.247             330.316             135.473             
185000              6500                690.643             189.643             1736.09             279.502             
290000              6400                832.62              256.952             317.924             144.709             
185000              3400                1172.36             370.491             1383.83             262.861             
290000              3000                1107.04             374.727             1207.6              0                   
185000              3800                1103.53             330.886             2241.55             0                   
185000              3400                948.814             347.102             1767.23             0                   
290000              3000                1305.73             411.155             1033.13             0                   
185000              5800                712.743             278.421             1086.9              137.318             
290000              4400                1057.73             326.857             0                   0                   
185000              3400                948.38              347.102             2079.18             44.3983             
290000              5200                1033.39             293.692             1350.5              340.598             
185000              5200                732.496             188.643             1767.38             0                   
402000              5100                751.054             338.371             3.35312             0                   
290000              7100                903.812             840.706             117.47              0                   
307000              3800                815.826             260.064             1349.98             55.6993             
290000              7700                697.825             243.903             594.739             0                   
185000              3400                1348.68             1992.03             1194.75             0                   
290000              7100                681.611             969.42              614.083             0                   
307000              7700                697.5               212.524             156                 88.5228             
185000              3800                1318.11             335.854             1929.23             0                   
290000              3400                1296.32             420.617             3.35312             320.519             
290000              6500                1016.68             314.733             111.199             196.709             
307000              8400                671.735             235.758             0                   0                   
290000              4000                878.673             326.858             1051.11             245.2               
290000              4000                885.463             328.862             2240.5              0                   
290000              5800                1074.3              325.378             526.866             0                   
290000              6400                890.314             345.899             296.745             126.739             
307000              3400                829.603             258.018             702.409             0                   
290000              3400                926.903             1684.12             1249.7              38.4914             
290000              6500                1117.61             317.707             68.2422             0                   
290000              7700                753.46              247.751             189.419             96.0677             
290000              3000                1556.67             506.189             758.244             282.031             
185000              5800                728.217             204.83              1717.97             123.693             
290000              5800                754.597             1278.6              583.673             109.947             
185000              5200                720.938             182.503             2175.61             0                   
185000              3400                1016.42             344.546             2326.4              45.7082             
290000              3000                1575.21             437.17              867.918             194.824             
307000              5400                716.16              211.078             1497.44             0                   
185000              3400                1241.47             341.062             1187.29             56.4534             
307000              3400                737.473             272.66              1802.89             155.496             
290000              7100                860.277             299.744             289.756             95.8454             
307000              4000                802.639             240.338             2091                0                   
290000              3400                1151.73             392.178             17.0462             278.509             
290000              3000                1184.49             320.975             1340.51             312.449             
290000              6700                1030.74             334.53              123.868             117.546             
290000              5200                1077.23             294.102             1503.11             0                   
307000              3400                842.331             240.338             1844.6              123.435             
290000              3400                1220.73             449.391             0                   289.675             
290000              6000                682.553             191.011             1036.07             37.3417             
290000              7700                824.634             241.618             80.9765             43.7438             
307000              4400                770.865             281.058             288.73              215.754             
284000              3400                1286.05             1033.01             74.8572             64.9406             
290000              4700                1011.55             328.862             1033.84             77.9428             
290000              3800                1188.88             328.691             103.854             0                   
290000              7700                939.126             268.524             51.3995             0                   
290000              6400                691.455             217.141             649.095             37.3417             
290000              3000                1495                444.525             819.908             0                   
185000              5400                673.376             202.901             2092.36             69.571              
185000              6000                899.125             341.64              907.714             10.7129             
290000              3400                1093.01             884.541             225.695             1.72866             
185000              5400                793.85              281.051             1012.99             0                   
290000              7700                739.565             723.397             157.028             0                   
185000              3400                1048.69             344.546             1420.46             365.712             
290000              6400                1067.6              311.993             147.305             379.667             
290000              3000                1247.71             326.858             1221.26             258.001             
307000              5100                751.599             240.338             3.35312             0                   
185000              3400                1106.25             344.546             1589.34             353.971             
202000              3800                917.372             406.881             5.19375             0                   
290000              3400                1088.76             884.541             265.759             188.759             
290000              3000                1445.05             444.349             886.987             311.323             
290000              4400                1018.32             324.113             304.214             310.111             
185000              6000                666.756             185.106             2260.66             0                   
185000              5200                943.988             327.386             905.28              0                   
307000              4700                861.26              240.338             1095.08             0                   
290000              3000                1082.52             300.779             1697.22             158.541             
185000              3800                1014.1              344.546             1662.76             154.869             
185000              5400                840.27              348.781             953.385             205.706             
290000              6400                689.968             1000.25             558.39              0                   
290000              4000                838.238             326.858             1158.91             89.0898             
290000              3000                1066.09             301.984             1539.59             274.201             
307000              4400                779.797             258.018             3.35312             0                   
290000              3000                1082.71             339.92              1161.18             187.402             
290000              6400                985.575             292.66              309.079             0                   
185000              3800                1076.91             345.093             18.169              57.3579             
290000              6700                664.634             209.614             1009.14             0                   
290000              3000                962.515             326.858             1470.75             108.969             
185000              3800                1026.01             344.546             941.49              147.713             
290000              6500                981.201             306.815             215.229             312.065             
290000              4400                999.943             326.858             579.373             349.609             
290000              3400                1409.67             901.232             -2.84217e-14        374.128             
290000              3400                1094.08             334.53              74.6944             187.03              
185000              3400                1156.8              347.292             1635.78             0                   
185000              3800                1081.67             347.292             0                   172.604             
185000              3800                956.381             349.301             0                   0                   
