302000              5800                749.988             208.153             2336.41             165.826             
302000              7700                702.688             232.654             2485.86             123.725             
302000              6400                1116.2              929.688             13.9225             0                   
301000              5800                2693.13             731.99              198.138             109.663             
302000              6400                832.09              260.102             159.569             70.6075             
302000              6500                729.818             272.314             2343.78             0                   
302000              5600                797.881             221.859             1564.04             152                 
302000              7100                717.097             232.654             2403.66             136.727             
302000              5800                941.076             1519.49             676.363             163.357             
302000              7700                703.999             2806.61             2482.6              190.03              
302000              5400                745.268             241.92              2029.38             101.761             
302000              5200                1450.2              556.416             754.893             271.183             
302000              6400                784.943             1019.69             360.088             13                  
302000              7700                727.309             247.797             2256.09             0                   
301000              6400                2183.91             562.966             651.079             0                   
301000              5200                2297.29             672.305             812.337             264.151             
302000              6400                941.802             313.755             49.5367             15.2023             
301000              5600                1844.22             538.286             1066.87             0                   
301000              5200                2442.39             671.853             626.502             109.36              
305000              7700                757.719             415.983             44.7801             0                   
302000              5400                760.498             250.715             1916.4              30.0975             
302000              5400                1613.05             460.769             485.437             203.717             
302000              7100                1067.02             326.193             15.9682             159.213             
302000              5800                872.037             237.619             1491.23             371.69              
302000              7000                743.285             253.743             2183.99             0                   
301000              5800                2881.17             811.448             0                   24.156              
302000              7000                982.551             927.942             30.2439             35.1666             
301000              5400                2538.62             673.459             524.208             257.109             
301000              6000                2564.57             778.9               157.631             0                   
302000              6000                744.443             225.637             2336.23             12.1817             
302000              5800                1917.86             633.385             7.81759             296.361             
302000              6000                815.033             230.609             1215.4              54.3292             
302000              7700                705.409             239.392             699.269             210.817             
302000              5200                990.602             340.397             1181.09             62.0347             
302000              5200                1780.68             556.416             436.027             226.611             
302000              6000                864.245             241.147             1004.76             114.788             
302000              5800                794.267             209.576             1700.76             220.198             
302000              7000                892.526             261.125             108.593             76.5172             
302000              5200                826.841             261.82              1482.75             28                  
301000              5600                2264.05             752.879             781.983             215.201             
302000              5800                1129.55             1519.49             502.001             57.7129             
302000              6400                761.727             237.58              569.95              165.826             
301000              6200                2508.04             636.178             245.982             0                   
302000              6400                866.368             282.502             125.291             193.252             
302000              7700                708.015             238.143             699.269             85.8416             
302000              7400                706.547             267.233             841.854             172.787             
301000              5200                2904.43             760.862             0                   36.7899             
302000              7100                723.685             927.942             463.281             20.7869             
302000              7100                752.117             232.654             2485.86             0                   
301000              5200                2326.77             716.263             477.627             0                   
302000              7000                746.139             253.743             397.408             0                   
302000              6400                731.87              229.718             2343.78             66.3046             
302000              6400                956.004             308.236             91.2434             101.053             
302000              7100                959.781             927.942             47.5981             205.472             
302000              5400                2035.12             761.498             720.765             43.5854             
302000              5800                1039.38             1519.49             578.058             373.294             
301000              5800                1969.78             530.639             1104.25             123.372             
302000              7000                768.244             230.609             258.822             156.822             
302000              5200                810.242             205.748             1738.5              322.682             
301000              5400                2362.41             661.744             795.983             185.411             
302000              6400                1071.98             364.157             34.9767             0                   
302000              6400                719.9               221.644             2648.12             152                 
302000              5800                766.388             201.7               1792.15             78.099              
301000              5200                2865.39             718.897             0                   137.365             
302000              5400                741.929             241.92              2237                112.043             
302000              5800                1783.2              530.264             13.4771             219.976             
302000              5800                1590.9              463.256             271.081             265.29              
302000              5800                759.729             200.86              1918.66             0                   
302000              7800                697.47              267.233             2485.86             0                   
301000              5200                2374.7              657.068             804.111             10.1604             
302000              5800                815.95              247.489             1531.93             78.099              
302000              7100                717.495             260.085             496.758             20.7869             
317000              7400                620.198             234.27              0                   0                   
301000              5200                2195.74             663.65              915.609             387.175             
302000              5200                1256.11             492.52              953.054             102.479             
302000              5800                938.007             1609.49             816.784             257.564             
302000              5800                1392.73             406.425             346.568             0                   
302000              5600                1263.63             460.452             951.099             157.591             
302000              5400                1280.54             423.43              987.484             0                   
301000              5400                2489.5              749.061             395.681             351.913             
302000              6400                765.957             247.758             618.607             29.099              
302000              6400                830.608             927.942             160.453             0                   
301000              5800                2188.46             601.653             768.251             374.263             
302000              5800                1290.57             424.746             336.638             345.515             
302000              5600                1701.26             489.565             739.092             0                   
302000              5200                787.077             204.942             1863.05             286.842             
302000              6000                814.156             230.609             1216.27             191.333             
301000              5200                2103.68             682.305             842.827             132.302             
302000              5400                1056.58             343.31              1229.26             0                   
302000              7100                1174.31             927.942             9.90161             49.2506             
302000              5800                1920.09             1346.04             8.44678             217.759             
302000              6700                788.466             243.639             1344.72             0                   
302000              5200                987.868             283.393             1173.56             235.763             
302000              5800                1133.39             320.618             484.049             293.566             
302000              7400                704.083             267.233             2479.24             246                 
302000              7700                1129.79             401.619             15.2707             0                   
302000              5800                1390.4              372.69              353.314             166.48              
301000              5200                2233.68             576.657             618.377             309.261             
302000              7400                711.657             927.942             689.743             49.886              
302000              7100                1174.31             402.885             9.90161             49.2506             
302000              6400                1164.94             361.658             13.3261             57.4309             
302000              5400                1028.24             312.324             1112.75             238.67              
301000              5200                2631.98             738.297             111.055             118.645             
302000              5800                1094.58             1519.49             522.859             282.853             
302000              5800                1611.97             496.091             25.9167             73.3891             
302000              7700                700.747             232.654             2485.86             190.03              
301000              5800                2020.47             633.373             947.867             0                   
302000              6400                938.7               927.942             52.6389             156.255             
302000              6000                1124.05             320.397             229.372             0                   
317000              6700                648.93              220.735             0                   212.312             
301000              5800                2254.4              675.226             300.169             0                   
317000              6700                608.331             235.17              0                   0                   
302000              5600                2186.19             596.332             615.663             137.78              
302000              6400                1596.67             520.514             2.88367             0                   
302000              6000                915.264             260.273             732.726             49.2506             
302000              5400                899.532             260.085             1220.26             236.802             
301000              6400                2640.07             679.876             31.4336             0                   
302000              5800                760.411             200.86              1917.97             314.705             
302000              7000                768.046             230.411             258.822             275.469             
302000              7000                750.692             984.942             327.958             0                   
302000              7000                747.462             230.609             431.838             105.23              
302000              5800                879.655             315.622             784.327             296.777             
302000              6400                730.171             246.232             2571.87             29.099              
302000              6400                1185.2              927.942             9.90161             129.7               
302000              5200                2098.48             626.938             245.398             378.658             
302000              7100                717.044             246.672             616.922             172.787             
302000              7100                1027.12             365.883             25.1707             15.2023             
302000              6000                901.641             249.827             1320.58             0                   
302000              5400                917.3               253.743             1366.33             49.2506             
302000              7000                883.856             260.273             120.304             0                   
302000              5200                1505.55             520.482             801.152             40.1085             
301000              5400                2671.16             685.736             203.254             303.306             
302000              5200                1160.76             329.288             1055.27             181.439             
302000              6700                762.307             927.942             688.213             0                   
302000              5200                1927.88             569.854             349.145             336.361             
302000              5800                1062.1              281.808             555.338             373.294             
302000              6000                905.524             1566.61             727.504             155.292             
301000              5200                2943.6              810.341             0                   0                   
317000              3400                720.757             244.322             0                   54.6732             
302000              7700                704.578             232.654             2485.86             69.3861             
301000              5400                2570.86             662.805             497.297             62.3652             
302000              7000                772.462             927.942             254.603             224.672             
302000              5800                820.692             258.64              843.29              322.682             
302000              5200                1150.02             378.744             1568.7              0                   
302000              5200                785.065             203.481             1891.01             0                   
302000              7000                711.281             229.718             2485.86             66.3046             
301000              6100                2779.22             726.181             0                   0                   
317000              4000                689.009             236.42              0                   43.9334             
301000              5200                2468.55             707.83              651.682             0                   
301000              5200                2724.56             709.713             16.4466             78.7091             
301000              5200                2707.79             699.247             296.831             99.6533             
302000              5200                890.799             258.791             1657.94             296.777             
302000              6000                891.15              1544.04             732.726             49.2506             
302000              5200                805.677             206.739             1835.01             170.682             
301000              5200                2785.83             709.173             142.151             0                   
302000              6400                742.498             218.319             2571.87             83.5721             
302000              5600                801.712             225.69              1560.21             0                   
302000              7100                962.709             927.942             44.6706             107.902             
301000              5200                2856.46             780.028             42.8274             68.9756             
302000              6000                897.697             260.273             742.441             185                 
301000              5600                2404.28             642.235             562.967             88.7107             
301000              5600                2754.58             794.326             6.12556             187.942             
302000              7800                699.668             2806.61             2483.66             0                   
301000              5600                2262.05             597.606             821.859             0                   
302000              6400                1119.53             364.715             30.2439             121.566             
301000              5800                2576.25             841.651             66.9897             139.808             
302000              6400                776.281             1074.89             424.213             220.198             
302000              7800                702.132             267.233             699.269             20.7869             
302000              7000                887.464             927.942             113.656             171.079             
302000              6400                816.789             927.942             174.272             188.461             
302000              5200                1047.08             463.222             1107                21.7061             
302000              5800                776.555             205.72              1727.09             286.842             
302000              7000                867.607             264.079             133.807             193.252             
302000              6400                802.112             260.102             188.949             29.099              
301000              5400                2533.37             685.736             298.825             297.095             
302000              5800                759.646             200.86              1918.74             220.198             
302000              6400                779.996             1074.94             420.286             152                 
301000              5200                2586.41             791.366             372.515             0                   
302000              6400                783.049             224.094             1518.4              0                   
302000              7000                765.022             927.942             262.044             113.791             
302000              5200                783.4               202.908             1912.47             152                 
301000              5200                2497.49             695.742             614.741             308.141             
317000              4000                685.814             252.951             0                   0                   
317000              3400                722.059             244.322             0                   0                   
302000              7000                707.426             229.718             2485.86             190.03              
301000              5800                2196.82             635.042             669.197             15.7563             
302000              6400                813.99              260.102             177.071             151.744             
302000              6400                728.015             229.718             2343.78             190.03              
301000              6400                2470.45             649.677             466.423             0                   
302000              5800                739.456             221.344             2077.8              78.099              
302000              6400                794.62              257.421             317.844             0                   
302000              6400                867.223             927.942             125.908             74.0797             
301000              5600                2451.15             642.235             516.095             27.1392             
302000              7100                959.223             927.942             48.1562             0                   
317000              6700                650.762             223.679             0                   30.4725             
302000              5800                820.994             255.945             833.933             0                   
302000              7000                763.437             927.942             263.629             55.0393             
302000              5200                1037.67             292.3               1741.69             0                   
301000              5600                2581.82             705.038             395.1               0                   
301000              5200                2964.24             773.127             0                   0                   
