404000              6400                843.334             254.694             328.066             0                   
292000              6700                920.439             310.614             1593.41             0                   
304000              3400                781.446             261.284             4.95737             51.4156             
404000              7000                1023.4              671.319             -5.68434e-14        20.0152             
304000              3400                770.437             263.802             0                   0                   
304000              3400                735.032             328.198             1.39767             5.07249             
404000              7700                1040.85             670.662             -8.52651e-14        84.8562             
404000              5800                896.669             247.12              1989.08             0.213203            
404000              7000                829.035             233.258             2289.85             0                   
304000              3400                749.531             265.526             0                   117.075             
404000              5800                879.519             235.973             1925.68             22.3707             
404000              7000                873.544             228.728             1994.59             0                   
404000              7000                875.281             230.465             1988.77             0                   
404000              6400                866.341             234.061             1759.06             122.985             
404000              6400                887.689             226.283             1925.27             0                   
404000              7000                871.7               228.328             2293.26             0                   
404000              6400                926.772             254.694             244.627             0                   
404000              6400                890.369             228.963             1873.62             0                   
404000              7000                948.657             239.685             241.69              0                   
404000              7000                883.012             228.728             1985.13             0                   
404000              6400                897.063             227.046             1917.57             0                   
404000              5400                916.34              239.044             1693.62             22.3707             
304000              3400                748.135             265.526             67.3023             257.385             
292000              7000                884.504             300.031             0                   0                   
304000              3400                745.388             267.615             0                   0                   
404000              7000                849.52              234.061             510.148             0                   
292000              5800                925.267             259.908             1770.47             0                   
404000              7000                858.989             234.061             500.679             0                   
404000              6000                914.001             247.805             1937.28             0                   
404000              6400                989.853             257.328             229.404             0                   
404000              6400                875.825             231.812             1916.14             0                   
292000              6000                937.45              250.484             1431.89             0                   
404000              6000                917.596             249.023             1931.01             0                   
404000              7000                891.794             237.801             299.235             80.9218             
304000              3400                769.935             260.994             4.95737             61.9834             
304000              7400                668.93              264.228             1.39767             19.537              
404000              7700                1089.49             671.319             -8.52651e-14        0                   
404000              6400                866.987             234.061             1759.06             29.7399             
304000              3400                762.873             259.54              77.7675             196.759             
304000              4000                769.966             263.729             0                   0                   
292000              6700                994.408             259.943             1297.16             0                   
304000              6700                672.075             246.807             0                   19.537              
404000              6400                830.036             234.061             1976.98             0                   
292000              6400                895.181             298.653             1975.31             0                   
292000              6400                892.493             300.031             1827.73             0                   
292000              5800                920.128             250.484             1901.78             0                   
404000              6400                832.716             236.742             1925.34             0                   
292000              7000                895.507             262.14              2016.45             0                   
304000              6700                665.701             279.929             0                   0                   
404000              6400                832.513             249.52              500.956             0                   
292000              6700                981.819             300.031             1297.76             0                   
404000              6400                873.884             231.812             1925.34             0                   
404000              5800                882.508             235.973             1922.15             168.569             
292000              5800                987.551             300.031             1271.13             0                   
404000              5800                933.208             235.973             1839.16             91                  
292000              5800                1102.31             317.559             1142.46             0                   
404000              7000                818.678             233.258             2302.66             15.8818             
292000              7000                902.936             258.542             2064.5              0                   
404000              5400                914.288             239.044             1787.62             22.3707             
404000              6400                839.504             234.061             1967.51             0                   
404000              7000                819.639             233.258             2293.26             15.8818             
304000              4000                737.573             300.031             1.39767             0                   
292000              5800                991.398             253.041             1380.12             0                   
292000              7000                947.592             243.935             1890.4              0                   
404000              7000                952.706             239.685             237.641             0                   
292000              6400                972.018             263.733             1305.09             0                   
404000              6000                906.099             255.299             1846.38             99.6061             
404000              7000                865.894             227.769             2310.89             0                   
304000              3400                750.985             266.98              0                   59.6733             
404000              6400                835.193             249.52              449.31              0                   
304000              3400                725.157             300.031             77.7675             74.4042             
404000              6400                840.368             254.694             389.176             0                   
292000              6400                905.691             261.347             2029.02             0                   
404000              6400                854.135             254.694             317.265             67.1313             
404000              5800                932.351             253.361             1094.4              0.213203            
404000              7000                825.624             233.258             2293.26             0                   
292000              6000                980.614             300.031             1307.96             0                   
304000              3400                747.791             267.463             0                   0                   
292000              6400                1001.48             270.732             1159.98             0                   
292000              6400                913.79              258.39              2016.45             0                   
304000              3400                724.773             300.031             77.7675             96.0893             
304000              3400                724.318             300.031             87.1633             74.4042             
304000              6700                691.967             246.807             0                   0                   
304000              6700                682.343             260.048             0                   0                   
304000              3400                745.765             267.392             67.3023             131.806             
292000              5800                954.769             261.994             1666.04             0                   
292000              6000                978.914             251.977             1394.62             0                   
304000              3400                781.829             261.476             4.95737             0                   
404000              6400                879.995             228.963             2038.85             0                   
404000              6400                880.574             226.283             1994.59             0                   
292000              6000                980.022             253.085             1389.32             0                   
304000              7400                683.808             242.584             1.39767             19.537              
292000              6400                984.166             270.732             1177.29             0                   
304000              6700                677.089             268.451             0                   0                   
292000              7100                866.605             300.031             0                   0                   
404000              6400                877.315             226.283             2090.5              0                   
304000              7400                657.197             268.451             0                   19.537              
292000              7000                910.505             261.772             56.8297             0                   
292000              5800                972.01              300.031             1418.08             0                   
304000              3400                746.011             267.079             67.3023             131.806             
292000              5400                987.201             285.57              1369.76             0                   
404000              7000                873.558             227.769             2182.65             0                   
304000              7400                706.936             242.584             0                   19.537              
304000              7400                680.086             242.815             0                   19.537              
304000              7400                679.69              242.815             0                   50.16               
304000              3400                730.381             300.031             4.95737             21.6851             
304000              3400                746.394             267.463             67.3023             74.4042             
304000              3400                743.991             267.615             67.3023             74.4042             
292000              5800                952.228             262.719             1747.7              0                   
292000              5400                990.409             285.57              1355.15             0                   
292000              5800                913.393             262.459             1782.34             0                   
292000              5800                917.734             261.427             1993.63             0                   
292000              6400                925.577             250.484             1626.32             0                   
304000              3400                747.161             267.392             0                   57.4019             
292000              5400                991.645             261.432             1376.82             0                   
292000              6000                1000                262.275             1297.16             0                   
292000              6000                932.302             250.484             1556.88             0                   
292000              6400                906.361             261.347             1936.75             0                   
292000              6400                913.233             260.97              1718.77             0                   
292000              5800                981.823             300.031             1411.07             0                   
292000              6000                961.601             250.484             1411.93             0                   
292000              6400                979.017             270.732             1302.28             0                   
304000              4000                768.191             261.246             4.95737             51.4156             
304000              3400                770.054             263.802             0                   51.4156             
292000              5400                1010.05             293.121             1271.91             0                   
292000              5800                949.418             259.908             1750.51             0                   
292000              6700                1007.84             264.228             1200.82             0                   
292000              7000                919.501             259.459             0                   41.7731             
292000              6400                906.504             265.45              1742.5              0                   
292000              6400                898.613             268.403             2040.46             0                   
292000              5400                985.171             285.57              1480.14             0                   
304000              3400                769.04              263.802             67.3023             74.4042             
292000              6400                947.917             238.619             1896.36             0                   
292000              5400                1028.38             293.121             1256.39             0                   
304000              3400                723                 317.005             10.7934             10.4271             
292000              5800                986.747             265.667             1652.76             0                   
292000              5400                979.458             300.031             1460.61             0                   
304000              3400                729.542             300.031             14.3531             30.2421             
292000              5800                1086.08             342.255             1139.72             0                   
292000              5800                1103.39             342.255             1122.4              0                   
292000              5400                992.794             261.432             1353.1              0                   
292000              7000                906.715             268.403             128.239             0                   
292000              6400                911.707             260.97              1763.9              0                   
292000              7000                880.65              300.031             1.39767             0                   
404000              6400                882.514             226.283             1985.4              0                   
292000              6000                967.485             250.484             1410.62             0                   
292000              5400                1031.9              267.295             1163.62             0                   
404000              7700                1041.35             671.319             -5.68434e-14        0                   
292000              5800                920.118             259.908             1895.46             0                   
292000              6400                911.696             258.841             1965.06             0                   
292000              7000                911.331             261.347             0                   0                   
292000              6400                956.692             243.928             1872.16             0                   
292000              5400                995.472             283.325             1297.98             0                   
292000              5800                868.625             300.031             1936.75             0                   
292000              6400                920.428             250.484             1751.31             0                   
292000              5400                1027.36             310.434             1254.59             0                   
292000              7700                899.831             289.633             138.975             0                   
304000              3400                723.839             317.005             1.39767             10.4271             
292000              7000                896.653             261.347             2040.46             0                   
292000              6400                876.558             300.031             1900.26             0                   
292000              6400                926.836             249.088             1968.68             0                   
304000              7400                687.825             252.939             0                   0                   
292000              6000                913.739             300.031             1659.69             0                   
304000              4000                761.584             258.371             3.55969             254.326             
292000              7000                905.804             268.86              124.989             0                   
292000              7000                900.82              298.653             38.5576             66.7323             
404000              6400                883.254             228.963             1942.95             0                   
292000              6400                933.556             248.189             2046.09             0                   
292000              6000                974.015             248.189             1743.75             0                   
292000              6400                905.653             289.633             2036.46             0                   
292000              6400                957.333             243.344             1822.09             0                   
292000              6400                955.876             240.663             1877.04             0                   
292000              7000                951.666             240.663             1880.09             0                   
292000              7000                946.56              240.518             1897.72             0                   
292000              6400                944.775             240.749             1989.73             61.234              
404000              7100                1101.3              671.319             -5.68434e-14        0                   
292000              6400                878.16              300.031             1839.59             0                   
292000              6400                950.769             239.642             1894.67             0                   
292000              5800                959.569             266.142             1576.21             3.64083             
304000              3400                729.925             300.031             14.3531             0                   
404000              7700                1055.23             681.509             -1.13687e-13        0                   
292000              6400                948.95              242.036             1889.04             0                   
304000              3400                723.935             300.031             87.1633             104.646             
292000              7700                917.382             258.967             56.8297             59.3902             
292000              5800                955.802             264.487             1577.86             1.52918             
292000              7700                920.404             260.4               0                   0                   
292000              7700                918.878             258.874             0                   59.3902             
404000              6400                927.322             245.48              1824.16             0                   
292000              7000                899.854             261.347             2016.45             0                   
292000              7700                918.908             260.4               56.8297             0                   
404000              6400                885.394             225.479             2076.85             0                   
292000              7000                905.056             258.542             2016.45             0                   
292000              7700                904.024             289.633             138.175             0                   
292000              7000                937.208             243.845             2075.89             10.6661             
304000              3400                730.764             300.031             4.95737             0                   
304000              3400                768.481             259.54              4.95737             113.399             
292000              7000                908.803             262.14              0                   0                   
292000              6400                853.309             300.031             2016.45             0                   
292000              6400                848.611             300.031             2019.09             0                   
304000              3400                764.327             260.994             77.7675             145.343             
