58000               3210                1548.65             123.85              250.853             82.1852             
37000               3000                1479.41             138.473             144.557             127.712             
37000               3960                1814.35             117.9               194.888             0                   
37000               3180                1956.75             120.725             156.28              51.5061             
37000               3090                2354.08             168.187             0.515693            11.0318             
75000               3270                1822.44             120.813             11.065              0                   
37000               3000                1625.11             129.725             6.99353             91.2041             
77000               2940                1776                170.293             18.2907             72.7211             
75000               3240                1803.63             121.363             65.3599             18.0274             
37000               3300                1176.28             128.21              200.943             27.3504             
37000               3270                1219.83             136.441             217.713             0                   
37000               3720                1955.38             119.622             157.883             0                   
75000               3750                1602.38             154.453             -7.10543e-15        0                   
58000               3090                1777.02             160.836             3.99353             11.6964             
37000               3810                1750                117.9               250.168             19.5426             
37000               3330                1829.32             120.813             209.444             20.9279             
78000               3030                1659.72             134.154             87.8658             70.2451             
37000               3750                1404.37             121.326             91.4648             114.482             
37000               3060                1233.07             152.531             92.1681             11.3369             
37000               3300                1536.45             124.991             55.8001             99.4544             
61000               3720                1483.64             121.326             78.474              0                   
37000               3060                1171.5              128.895             229.018             81.1116             
37000               3060                1149.31             128.895             229.328             51.9167             
37000               3150                1626.16             138.047             3.99353             127.035             
37000               2970                1722.77             124.696             277.019             58.8152             
58000               3600                1566.2              121.703             0                   0                   
37000               3210                1134.9              134.828             187.139             52.6291             
37000               3030                2481.09             175.917             0                   25.2508             
37000               3720                1311.61             121.326             229.011             65.3395             
37000               3060                1178.56             140.104             229.328             27.3504             
58000               2970                1653.89             136.869             4.20218             106.303             
37000               3450                1297.16             132.957             32.535              0                   
37000               3150                1286.66             128.21              21.6595             34.9979             
37000               3120                1974.38             194.687             94.4173             0                   
58000               3030                1565.93             148.962             279.938             77.3275             
58000               3120                1580.26             121.939             95.9924             52.1171             
37000               3330                2092.15             137.112             5.84057             0                   
37000               3090                1890.26             145.73              181.614             4.32679             
58000               3030                1655.24             140.577             66.817              70.2451             
37000               2940                2514.29             187.846             0                   10.8171             
37000               3300                1290.2              150.988             10.1313             41.6032             
37000               3450                1177.84             128.21              159.941             33.803              
37000               3660                1337.98             121.326             204.13              27.0836             
37000               3780                1808.61             117.9               220.897             0                   
37000               3960                1657.08             121.326             3.75119             0                   
58000               3450                1583.69             121.9               0.242336            58.6171             
37000               3210                1143.35             141.26              153.729             11.6677             
75000               3060                1741.26             122.238             111.337             0                   
37000               3600                1416.43             121.326             13.9031             47.9918             
58000               3030                1521.1              123.064             317.348             77.3275             
63000               3000                1722.03             140.154             289.961             0                   
75000               3300                1717.06             123.041             182.263             0                   
58000               2970                1716.02             148.347             3.84158             53.7135             
63000               3060                1695.03             123.909             361.624             18.2126             
58000               2970                1703.55             123.064             3.59924             83.8876             
37000               3210                1285.87             179.511             26.4797             8.01291             
37000               3000                1913.08             126.516             182.53              127.922             
37000               2970                1604.06             148.528             180.7               117.708             
37000               3060                1187.08             128.21              119.239             7.52522             
37000               3750                1470.07             121.326             3.19451             81.7669             
37000               3180                1873.85             120.813             117.285             0                   
37000               3750                1687.02             121.326             0                   0                   
58000               3270                1546.22             121.9               246.088             59.1995             
37000               3540                1825.4              117.9               251.67              91.0466             
75000               3330                1802.07             120.813             65.3599             0                   
58000               3060                1574.98             123.064             220.117             97.3723             
37000               3120                2259.32             156.534             0                   0                   
84000               3180                1711.1              121.326             151.459             0                   
54000               3870                1697.33             117.9               239.535             0                   
37000               3150                1525.78             138.047             4.35413             85.0466             
37000               4020                1850.67             117.9               190.637             35.4911             
58000               3420                1614.34             126.977             134.57              35.5855             
54000               3090                1680.6              120.813             248.862             0                   
58000               3210                1733.64             163.978             3.59924             35.5855             
58000               4050                1586.17             121.05              5.03609             18.7367             
54000               3630                1733.02             117.9               260.549             91.0466             
61000               3570                1640.69             121.326             3.99353             24.4218             
37000               3750                1474.55             121.326             32.1945             0                   
58000               3390                1782.64             120.813             95.7838             0                   
37000               3000                1717.38             176.063             3.75119             111.825             
37000               3150                1677.25             121.442             339.907             17.2114             
37000               3570                1914.76             120.303             174.499             85.0466             
37000               3150                1147.79             128.895             229.328             35.5101             
37000               3330                1673.49             123.909             306.482             45.2668             
37000               3510                1283.48             121.326             145.728             80.4768             
82000               3270                1681.49             121.326             147.838             0.991012            
82000               2940                1676.74             138.473             56.4831             102.822             
37000               3510                1269.82             123.397             166.396             95.7091             
82000               2940                1647.53             123.064             294.088             88.2483             
37000               3090                1703.92             124.696             189.446             80.1702             
54000               3660                1640.54             117.9               279.597             0                   
37000               3270                1805.96             118.422             242.434             58.3245             
37000               3030                2596.72             174.176             0                   121.458             
37000               2940                2457.45             165.917             52.163              0                   
58000               2970                1640.26             138.473             88.8287             104.907             
58000               3270                1791.3              148.857             3.84158             36.1554             
37000               3060                1986.52             215.004             108.208             0                   
37000               3420                2008.35             209.794             3.99353             0.145571            
78000               2940                1796.62             152.641             23.6896             83.8876             
37000               3600                1518.29             129.835             1.19451             121.603             
78000               2940                1762.89             152.641             24.0502             102.822             
82000               3570                1671.8              121.326             0.242336            40.5169             
37000               3090                1954.38             213.822             65.338              0                   
37000               3900                1552.25             121.246             100.219             55.0521             
37000               3300                1328.91             140.924             0.52236             14.5586             
58000               3270                1853.45             120.813             3.99353             0                   
37000               3660                1320.77             121.326             130.28              105.548             
61000               3150                1606.4              121.442             313.638             38.3899             
37000               3450                1395.23             167.773             1.07624             5.68457             
58000               4050                1566.54             121.05              127.75              127.049             
37000               3720                1610.75             121.246             145.095             127.252             
37000               3870                1847.79             121.092             162.598             6.124               
37000               3570                1340.74             127.011             228.901             0                   
61000               3510                1279.29             123.806             154.035             95.7091             
54000               3510                1669.82             118.422             293.499             0                   
82000               3720                1620.99             121.326             23.0785             0                   
58000               3120                1558.78             121.9               280.694             59.1995             
37000               3240                1954.36             123.418             66.7581             12.6537             
37000               3000                1812                123.387             242.166             127.629             
58000               3120                1644.78             125.125             16.2548             67.5396             
37000               3000                1522.7              138.473             4.35413             121.792             
61000               2970                1546.03             138.473             109.364             117.82              
37000               3300                1337.15             167.773             25.3156             0                   
37000               3270                2172.49             182.898             5.5073              0                   
54000               3240                1617.07             120.813             249.05              32.8515             
80000               3060                1672.57             140.154             344.099             0                   
37000               2940                2480.22             176.26              30.6813             0                   
37000               3480                1374.18             121.326             251.764             46.2383             
37000               3210                1950.14             232.414             69.2828             2.10405             
37000               3000                1812.45             149.765             248.807             0                   
54000               3810                1789.88             117.9               177.437             0                   
37000               2940                2479.04             175.449             0                   37.7543             
37000               3570                1864.6              125.928             135.418             6                   
37000               3150                1595.62             121.442             325.188             38.3899             
37000               3000                2025.16             179.354             182.169             0                   
37000               3600                1406.95             121.326             50.3619             72.9671             
37000               3000                1698.05             138.66              6.20071             32.3146             
82000               2940                1728.28             123.064             27.2807             70.2451             
37000               3000                1641.21             145.828             6.99353             64.5348             
54000               3720                1618.2              121.246             142.717             127.252             
37000               3150                1730.32             167.657             0.833908            108.65              
37000               3720                1312.14             127.011             229.062             42.9611             
37000               2940                2388.83             175.449             46.8786             38.802              
37000               3000                1875.71             171.382             230.505             4.32679             
37000               3600                1669.29             121.326             0                   29.7225             
37000               3060                1285.61             152.531             49.3493             34.4155             
37000               4050                1780.84             121.238             7.79847             116.248             
37000               3060                1241.85             131.015             53.5505             4.86332             
58000               3360                1652.03             121.326             155.44              63.1169             
37000               3000                1489.4              140.858             130.391             89.6852             
58000               4050                1570.73             121.05              74.7179             99.4271             
37000               3090                2337.53             178.373             61.0292             0                   
37000               3210                1757.31             123.064             45.5862             95.5855             
37000               3750                1536.6              141.909             4.11179             0                   
75000               3000                1799.46             122.233             11.065              0                   
58000               4050                1572.34             121.05              67.2897             65.9349             
37000               2970                1487.93             140.858             197.354             126.545             
37000               3000                1558.36             148.528             3.99353             111.788             
37000               3810                1870.7              117.9               110.523             0                   
37000               3300                1364.32             127.6               7.20055             0.211778            
58000               3060                1768.25             122.233             101.486             0                   
82000               3270                1643.77             121.326             212.392             73.1935             
37000               3720                1340.23             121.326             247.208             13.6056             
80000               3060                1676.54             121                 307.694             17.7278             
37000               3000                1831.66             123.387             240.038             78.9473             
82000               2940                1683.38             123.064             179.548             83.8876             
58000               2940                1714.59             123.064             63.269              70.2451             
37000               3120                2011.74             143.429             75.0882             1.31727             
56000               3060                1421.83             167.685             6.8154              16.2108             
58000               3360                1612.87             126.443             58.2022             79.9722             
54000               3030                2398.65             176.26              39.6148             8.76912             
54000               3090                1678.53             127.243             206.013             45.1579             
57000               3000                1860.29             156.837             187.251             0                   
37000               2970                1491.14             138.473             207.764             90.8528             
37000               3300                1223.95             141.26              142.076             0                   
56000               2970                1648.72             170.293             18.4426             121.792             
80000               3060                1690.93             123.909             306.862             0                   
58000               3750                1557.61             131.652             0                   1.59006             
37000               3750                1467.4              123.77              1.19451             46.5587             
37000               3090                2499.28             187.846             0.242336            0                   
58000               2970                1595.05             123.064             155.227             63.722              
37000               3420                1333.1              121.9               234.924             77.8905             
37000               3150                1182.72             141.26              93.319              26.6023             
58000               3120                1730.67             131.285             3.84158             40.0709             
56000               3120                1438.46             152.531             6.8154              12.6544             
63000               3060                1721.67             130.22              351.209             0                   
37000               3060                1315                152.531             10.4116             14.3755             
57000               3720                1744.81             121.207             233.244             0                   
37000               3000                1860.87             123.387             212.546             10.6682             
54000               3060                1696.37             123.909             352.758             0                   
37000               3900                1540.85             121.031             129.687             126.012             
58000               2970                1567.06             135.081             250.853             77.3275             
61000               3720                1594.31             121.326             27.6636             0                   
37000               3000                1729.85             130.22              262.987             0                   
37000               3300                1256.1              128.21              105.021             59.4071             
37000               3750                1377.2              121.326             121.814             0                   
58000               2970                1671.69             167.279             54.8222             70.2451             
37000               3870                1917.66             117.633             234.615             113.646             
58000               3000                1817                122.233             3.99353             0                   
37000               3090                1789.02             120.813             235.254             0                   
