173000              3100                4277.66             958.366             2029.5              319.16              
742000              3400                2348.27             472.543             3988.18             3.08686             
372000              3500                1478.35             495.37              1785.65             159.518             
278000              3350                1565.59             421.778             2688.23             97.6277             
554000              2800                4151.54             583.979             4211.22             142.861             
272000              3400                2430.93             920.631             2517.45             2.63851             
372000              3150                3324                760.224             1643.15             66.7359             
173000              3700                4095.92             956.73              -2.84217e-13        251.947             
173000              2900                3506.62             955.441             4344.54             253.129             
278000              3500                1482.35             392.106             1998.34             1.32121             
278000              4200                1730.25             957.645             715.237             179.207             
463000              3650                1887.17             321.568             1367.92             60.9853             
458000              4200                1412.99             903.017             2879.25             20.5206             
565000              3100                2706.11             932.253             1995.02             3.04448             
278000              3500                1862.63             465.851             1445.11             247.671             
365000              3850                2413.22             501.758             713.521             224.181             
272000              3800                2816.26             583.979             2252.44             315.198             
266000              3300                4460.5              633.16              498.313             143.639             
748000              3100                3658                530.511             1516.51             89.7419             
173000              3250                2312.46             595.107             3743.51             78.2234             
468000              4050                2743.32             561.194             222.184             0                   
372000              3900                1962.99             462.808             829.515             0                   
173000              3000                3268.06             789.726             3997.85             329.361             
369000              3550                1570.4              594.583             1446.25             1.32121             
372000              3350                1574.82             321.568             2704.4              145.933             
357000              2950                5110.35             958.919             1425.84             8.4905              
173000              3050                2904.5              945.624             2924.7              339.973             
272000              3050                4839.25             634.992             468.807             3.11103             
471000              3350                3310.36             477.142             1149.83             165.407             
278000              3450                1452.76             321.915             1863.65             159.561             
173000              3150                4806.98             949.564             235.579             192.298             
267000              2900                3016.02             901.068             5392.02             282.577             
372000              4000                1338.07             333.864             1749.22             95.6848             
377000              3500                1957.23             901.398             888.066             215.233             
358000              2900                3358.85             924.922             4459.97             158.937             
349000              3700                4229.59             638.15              258.425             298.75              
272000              3200                3133.05             955.703             2349.13             283.161             
463000              3750                1600.3              530.773             1281.77             14.7313             
185000              3950                2893.92             627.817             155.251             248.038             
651000              3600                2782.95             477.142             1149.83             122.264             
173000              4250                3636.6              954.225             97.7613             6.8283              
562000              3250                2668.09             667.96              1191.26             168.591             
173000              3300                3113.28             922.115             2647.11             320.218             
173000              3450                2275.05             775.479             3911.76             84.5404             
641000              3000                4372.61             633.16              1070.37             86.2215             
278000              3900                1852.1              405.815             901.24              29.6211             
565000              3150                2491.97             516.944             1459.2              3.04448             
173000              3300                3647.75             733.037             10.6467             12.1498             
173000              3700                2046.76             886.631             2569.75             65.1198             
550000              3600                3799.32             746.901             3.0405              93.9879             
278000              3800                2592.24             937.497             223.813             249.538             
465000              3050                3495.2              846.178             5044.9              31.0711             
278000              3850                1604.34             333.864             1239.54             141.018             
463000              3850                1979.55             394.737             1006.58             39.2486             
549000              3300                2123.6              870.461             3724.87             77.1247             
173000              3950                3775.32             625.321             336.209             201.919             
468000              4050                2712.58             554.88              257.089             161.385             
267000              3700                3991.55             879.353             221.472             0                   
173000              3450                2758.94             850.482             3683.57             196.536             
258000              2800                4813.07             784.924             3233.49             63.5519             
449000              2900                3472.13             889.482             5283.46             103.448             
372000              3500                1479.34             323.058             1797.51             34.2385             
449000              3000                4195.44             739.347             2404.55             226.098             
267000              3650                3357.26             919.779             1480.61             0                   
455000              3800                3082.96             886.847             379.798             0                   
173000              2900                3485.91             906.718             5251                111.451             
185000              3950                3261.25             877.094             0.221681            94.3168             
173000              3950                2097.06             727.079             2583.41             0                   
173000              3750                2632.99             860.82              1632.04             17.7375             
173000              2900                3324.48             957.691             5261.01             166.458             
466000              2800                5094.95             742.321             3098.7              120.405             
352000              3150                2655.38             737.866             4337.28             123.899             
173000              3250                2666.06             950.837             3112.69             260.13              
173000              4000                2339.79             920.631             1855.98             1.37343             
173000              2800                4683.04             585.235             3682.29             233.952             
471000              3150                3388.86             477.142             1149.83             72.9159             
448000              3100                4724.15             707.147             358.871             25.224              
278000              4000                1406.86             467.557             1747.87             95.6848             
185000              4200                2971.39             681.176             2.05256             153.294             
173000              3900                1975.91             583.979             2791.89             211.83              
565000              3800                3841.28             726.238             5.04284             0                   
642000              2950                3516.52             604.858             4110.11             35.2288             
185000              4050                2256.29             558.64              538.601             91.6439             
554000              4050                3234.09             681.176             0.221681            76.0109             
751000              3250                3364.75             483.193             2828.36             11.3039             
185000              3900                2918.56             554.88              228.188             161.385             
448000              2950                5136.57             926.45              1914.09             38.9431             
457000              2900                3466.64             896.236             4287.39             226.689             
272000              2800                4007.43             604.858             4491.81             57.3916             
173000              3000                4548.71             956.956             2210.4              141.741             
456000              3100                3920.09             610.346             4447.61             31.254              
173000              3350                4132.5              910.545             1127.61             0                   
641000              2850                4511.8              761.204             2830.9              0.667473            
352000              2900                3089.35             956.824             5630.89             241.868             
550000              3050                3643.13             954.997             2155.77             120.886             
369000              4200                1694.8              408.12              1090.36             0.828732            
549000              3350                1790.75             390.63              2379.43             97.6277             
185000              4100                2949.22             561.194             222.184             0                   
633000              3100                4315.85             724.45              2677.11             177.075             
463000              3800                1358.85             438.636             2230.7              154.013             
173000              3650                2800.96             634.832             3304.35             0                   
460000              2850                5128.2              807.631             2967.12             0                   
357000              3150                2390.28             798.733             4367.03             33.8925             
363000              2800                5145.23             583.979             3454.2              166.075             
264000              3200                4234.9              583.979             2943.01             257.289             
264000              2950                2939.78             850.482             4067.33             234.64              
173000              3000                4452.9              583.979             3998.69             54.254              
173000              3000                4883.07             633.16              1254.62             87.6                
457000              3600                4106.73             733.037             8.13918             12.1498             
258000              4000                2071.67             839.17              3895.91             34.2627             
173000              3100                3149.24             839.616             5277.58             210.02              
732000              3150                3950.01             707.147             2073.1              0                   
258000              3400                2373.2              737.866             4410.18             0                   
173000              4050                4004.75             948.738             0                   180.7               
551000              3050                2856.08             833.56              3034.93             132.163             
258000              3850                1924.45             881.418             3559.68             228.735             
173000              3700                4321.17             853.962             -1.7053e-12         180.402             
278000              3550                1429.16             325.845             1511.78             76.0793             
258000              3500                3803.42             634.832             3906.68             0                   
664000              3300                3346.58             563.266             1127.66             61.7774             
278000              3450                1753.28             942.362             1495.12             113.436             
173000              3800                2408.1              957.642             1331.84             184.129             
278000              3350                2588.07             509.66              946.3               0                   
550000              3050                3406.94             841.442             4448.21             0                   
364000              3800                2264.16             785.803             442.298             121.513             
258000              3550                4789.31             907.76              4.57229             126.149             
463000              4150                1324.52             395.906             2103.55             117.685             
173000              5050                2847.81             954.022             1231.39             232.73              
272000              2950                5186.99             903.346             1755.09             154.447             
555000              3400                2607.53             949.419             652.866             177.577             
463000              3500                1486.96             503.57              1646.5              1.32121             
278000              4300                1917.49             932.73              794.632             3.26976             
278000              3850                1817.4              434.375             1026.49             185.788             
264000              3250                3812.13             765.851             26.0203             134.952             
542000              2800                3544.62             634.832             3771.94             0                   
651000              3200                2389.84             540.567             3975.17             13.1918             
264000              3200                4405.01             929.653             266.82              0                   
455000              2900                2875.91             850.482             5149.5              182.402             
267000              3000                2917.59             929.743             3937.21             81.2617             
471000              3150                3584.74             541.989             993.363             171.751             
258000              5200                2061.98             930.719             2231.44             216.457             
463000              3850                1347.17             405.958             2166.57             49.2365             
173000              3050                4850.66             707.147             366.003             0                   
173000              3200                4273.67             583.979             3051.49             76.8989             
451000              3000                3149.91             956.824             3325.83             213.905             
364000              2800                4437.28             583.979             3981.24             224.374             
264000              3600                2820.8              627.085             2431.88             364.502             
173000              2900                4816.64             915.066             2456.39             82.5765             
173000              3200                4735.18             907.76              2.74142             160.551             
173000              3250                2320.37             798.733             3725.77             0                   
173000              3500                2217.93             902.956             2172.8              282.918             
549000              2950                3563.55             717.827             3008.31             184.069             
540000              2900                4543.14             915.066             2799.29             15.1959             
642000              2800                3400.1              717.827             4212.02             55.7898             
565000              3050                2422.09             472.543             3636.6              3.08686             
454000              2850                4400.26             583.979             3554.57             230.767             
457000              3500                4296.26             634.992             614.186             85.7793             
664000              3200                2473.23             686.209             3600.32             3.04448             
656000              3050                2415.08             779.06              3593                3.08686             
278000              3550                1781.3              628.355             923.024             207.894             
173000              2850                3701.1              743.975             4346.37             70.7053             
173000              3200                3328.47             611.564             722.113             60.8736             
278000              3550                1750.64             737.866             954.695             44.811              
468000              3900                2927.38             681.176             0.221681            131.685             
173000              2800                4940.07             583.979             3583.13             121.197             
648000              3200                2574.94             477.142             1335.65             57.4532             
357000              3400                4140.32             633.16              498.853             218.317             
732000              2800                4606.26             756.555             3377.53             49.6804             
364000              2800                3908.55             691.056             3860.27             0                   
173000              3600                2559.67             583.979             2749.44             292.4               
647000              3000                3585.01             954.997             2582.68             12.3226             
369000              3950                2396.08             554.88              306.213             50.0994             
742000              3300                3048.16             516.944             1231.94             3.04448             
272000              4100                3368.01             681.575             19.5113             0                   
540000              2800                4968.19             634.832             3072.28             14.1608             
173000              3400                4494.67             634.832             2658.53             0                   
272000              3050                3398.73             923.803             3299.26             293.178             
173000              2950                4781.51             667.384             2694.15             211.129             
173000              3000                2748.27             913.106             4678.88             241.002             
173000              3900                2369.72             727.079             2265.17             137.403             
173000              3200                4827.72             635.775             3637.53             0                   
463000              3350                1731.36             412.886             2398.81             185.47              
656000              3250                3079.63             472.543             2876.59             76.1156             
258000              3900                1927.75             839.17              3140.9              164.473             
173000              4050                3084.63             937.396             1229.67             0.626226            
173000              2850                3855.38             634.832             3835.95             0                   
372000              3350                2141.1              401.476             2102.84             197.582             
264000              3550                2227.07             583.979             3363.26             235.432             
633000              2900                3841.16             752.065             2952.73             98.9173             
560000              2950                4768.03             797.898             2400.23             218.446             
173000              4000                4122.55             957.832             8.10207             29.9572             
264000              3100                4850.68             707.147             365.289             115.957             
375000              4100                2908.96             660.206             55.5061             32.6174             
185000              4050                2401.41             632.82              365.326             0                   
536000              3000                4700.18             707.147             1299.06             4                   
173000              3450                4549.28             923.844             2.74142             103.565             
565000              3200                3325.72             472.543             3035.41             3.04448             
357000              3000                5020.19             707.147             674.035             0                   
266000              2950                4640.99             634.832             3766.4              0                   
173000              3950                4202.2              920.735             -1.90425e-12        96.1425             
