145000              3810                1785.34             163.788             165.427             22.9928             
119000              4200                1738.38             133.16              213.816             29.7789             
104000              3210                2061.07             148.729             318.341             29.4257             
54000               3390                2040.7              144.364             365.492             5.5978              
95000               3330                2447.18             145.134             81.9018             12.2042             
131000              3150                5554.7              235.403             717.697             5.12445             
75000               3360                2823.9              157.899             238.641             0.905388            
147000              3810                2882.99             239.836             13.7144             0                   
101000              3870                1771.58             163.148             266.04              0                   
54000               3840                1794.09             138.951             397.773             0                   
80000               3360                1799.44             141.912             237.336             43.3388             
36000               4710                2642.52             174.584             198.017             0                   
36000               3510                3748.26             188.207             295.169             0                   
144000              3240                2332.92             188.213             100.866             8.15865             
95000               3210                2207.32             158                 366.49              12.2042             
36000               4830                2863.21             174.341             45.2626             38.8388             
118000              3330                2338.82             214.696             79.763              8.15865             
73000               4140                2751.06             170.823             11.4404             16.2608             
54000               3300                2345.73             220.246             30.1943             23.8491             
54000               4350                1989.97             166.901             56.9518             13.0979             
54000               3420                1953.89             137.37              158.379             0                   
54000               3810                1982.57             202.671             50.2782             64.8616             
193000              3090                4083.51             235.364             1052.2              26.5952             
75000               3360                2211.44             227.45              99.0666             48.1009             
99000               4380                2579.95             160.053             11.4404             20.2229             
80000               3360                1678.23             136.778             276.91              21.9758             
54000               4350                1865.6              134.153             132.363             0                   
77000               3120                2420.63             204.618             231.281             36.9691             
54000               3690                1806.33             133.849             299.095             37.3333             
54000               3420                2115.42             205.856             96.0433             0                   
54000               3810                1936.93             201.187             83.2707             47.9534             
145000              4650                1743.62             133.117             330.549             3.83095             
74000               3300                2194.16             229.24              26.1658             42.2013             
36000               3660                3542.37             191.878             183.356             10.3967             
95000               3180                2834.49             231.4               31.6697             12.2042             
122000              3420                2711.07             154.097             37.0713             2.19789             
103000              3150                2439.96             211.916             171.131             34.4941             
36000               4560                3425.62             189.427             29.6166             6.25247             
80000               4050                1824.97             182.182             135.637             20.2306             
119000              4200                1830.14             167.169             130.211             28.5566             
36000               4380                3250.51             186.648             36.6601             45.6101             
99000               4110                2316.43             152.147             12.3504             37.5218             
36000               3510                3761.92             239.517             261.868             2.12328             
75000               3180                2718.9              181.939             37.2168             24.5889             
212000              3000                4669.15             237.296             1383.93             45.2414             
54000               3180                1968.38             167.973             227.684             21.708              
54000               3360                2028.89             235.856             112.878             17.1309             
36000               4110                2501.74             157.255             379.473             53.7885             
54000               3240                2098.45             166.305             210.516             64.6051             
77000               3180                2136.54             226.166             182.756             30.8311             
54000               3570                2124.72             206.585             49.943              19.7675             
95000               3210                2531.79             212.737             72.0725             42.1241             
78000               3240                2202.41             156.667             142.783             62.5753             
103000              4020                2052.43             189.227             55.2759             0                   
36000               4080                2642.45             174.553             178.97              76.9242             
36000               3690                3096.21             177.64              298.24              46.5743             
73000               3990                2672.9              215.824             12.3504             32.6736             
161000              3180                5906.63             237.372             371.607             4.81788             
80000               3570                1837.12             163.911             412.51              0                   
80000               3660                2282.05             139.958             15.0071             0                   
75000               3990                3029.99             190.169             2.78908             0                   
54000               4350                1929.19             140.567             80.5099             13.0979             
119000              3360                2279.4              158                 110.08              19.1969             
114000              4350                2068.1              160.164             35.2563             34.3384             
103000              3210                2424.32             159.411             122.012             43.2531             
36000               3960                2610.94             197.669             202.081             19.2614             
78000               4140                1944.5              137.283             203.267             5.29884             
100000              4470                1690.93             162.399             300.634             14.1983             
54000               4200                1890.66             135.164             122.034             43.2687             
121000              3810                1820.48             179.468             146.616             33.796              
131000              3030                4569.03             238.856             778.188             63.6722             
54000               3450                1913.53             165.178             181.147             55.22               
161000              3090                5485.54             237.372             515.671             32.5233             
36000               4230                3767.97             191.878             57.9805             0                   
119000              3570                2890.71             173.812             6.58619             0                   
36000               4470                2992.91             203.715             48.2447             43.817              
75000               3240                1913.39             141.912             340.112             10.9689             
80000               3540                1794.69             158                 485.448             18.0875             
93000               4350                2001.67             160.253             43.9257             10.074              
54000               3150                2132.38             174.779             260.222             47.4166             
36000               3660                2828.01             233.3               433.235             0.206581            
101000              3930                1763.73             136.778             329.039             0                   
122000              3660                1835.39             138.658             165.391             56.838              
121000              4140                2174.71             134.31              378.525             0.182604            
36000               3540                3674.81             181.193             454.04              73.0583             
80000               3690                2157.68             139.958             60.5221             35.4144             
80000               3690                1740.28             149.011             428.066             7.16958             
54000               3270                2240.28             233.118             106.246             27.3217             
101000              3660                1715.09             167.665             271.589             58.9165             
100000              4170                1659.69             152.335             335.381             25.092              
54000               3570                1984.27             145.949             42.8449             38.7598             
36000               4050                2712.79             196.195             211.097             2.54335             
36000               4470                2576.47             191.975             244.877             22.946              
119000              4350                1710.96             148.943             192.803             3.25514             
36000               4170                2934.56             196.22              101.139             19.8596             
36000               4710                2906.84             173.864             38.2172             15.5223             
36000               3810                2835.34             156.171             347.533             30.5212             
145000              4200                1705.61             174.339             337.032             0.311616            
36000               4260                2522.91             169.359             321.758             65.7442             
93000               4350                1792.62             134.556             135.186             0                   
74000               3360                2699.64             196.411             300.518             11.3771             
54000               3240                2133.81             198.594             216.568             8.15865             
54000               4200                1859.58             133.849             141.961             25.6912             
73000               4350                2449.12             179.709             5.8801              14.9621             
36000               3810                3620.24             191.878             34.6849             23.9526             
36000               4860                2923.41             176.136             87.9371             7.85707             
145000              3660                1991.06             150.6               74.92               4.93907             
36000               3990                3914.26             237.421             43.6278             0                   
145000              3600                1795.77             153.275             149.854             29.2963             
54000               3390                2223.02             218.342             66.2949             42.3799             
145000              4110                1739.86             158.866             420.872             6.13638             
36000               3780                2617.81             169.359             585.348             32.9675             
36000               4020                3013.53             209.352             127.668             0                   
54000               3870                2241.24             140.199             24.4158             24.3244             
80000               3210                2557.32             174.588             96.9772             49.4255             
54000               4350                1973.55             147.567             78.0709             29.4985             
96000               3900                2905.05             201.207             1.90034             18.3646             
36000               3330                4118.32             217.003             164.544             0                   
145000              3810                1972.91             176.621             72.0826             4.20585             
54000               3240                2636.81             195.296             156.788             40.6687             
117000              3300                2425.42             201.652             176.787             5.5978              
124000              3270                2221.74             189.919             89.4759             39.9999             
114000              4350                2029.32             164.253             38.9341             0                   
36000               4530                3264.93             209.628             61.2361             9.14659             
74000               3720                1769.35             133.616             384.706             61.0743             
103000              3660                1743.42             136.778             221.684             49.5951             
75000               3450                3368.85             209.6               29.0223             11.3771             
36000               3840                2527.25             163.027             467.06              0                   
54000               3960                1760.09             181.987             241.663             26.6432             
54000               3750                1800.67             133.849             156.915             11.0156             
36000               4140                2678.34             170.038             117.106             55.096              
54000               3780                2171.44             224.304             16.4707             0.0197668           
78000               3120                1987.28             149.867             296.874             52.5647             
101000              3450                2514.69             203.418             72.984              1.37088             
73000               4080                2630.16             183.143             11.4404             31.0405             
36000               3450                3994.15             238.921             145.921             39.4476             
54000               4080                2271.52             152.766             16.8404             0                   
54000               3240                2769.86             212.241             95.8317             40.3102             
75000               3210                2422.25             181.939             127.915             51.8792             
100000              3120                2035.59             178.168             345.582             22.5302             
54000               3330                2378.6              145.134             124.441             51.2262             
36000               4320                3430.57             199.757             43.267              11.831              
143000              4200                1815.46             133.211             131.61              0                   
145000              3660                2026.1              176.621             72.0826             17.6243             
121000              3300                2448.33             181.939             301.81              2.19789             
100000              3270                2201.83             236.542             105.879             21.5708             
36000               5160                2776.49             171.194             120.968             3.63669             
54000               3750                2075.97             218.325             25.2846             66.2757             
36000               4320                2917.29             164.28              174.581             0                   
36000               3690                2804.64             156.171             351.666             1.9787              
54000               3420                1991.13             179.94              149.616             0                   
36000               4260                2579.09             197.242             319.24              33.9792             
36000               3690                2719.62             167.967             434.568             11.0631             
119000              4020                2356.86             159.892             11.4404             35.2211             
36000               4230                2640.73             150.008             340.881             4.2623              
54000               3540                2041.22             159.23              74.8873             66.5042             
142000              3210                2810.17             235.26              187.69              11.3771             
121000              3180                2586.17             181.939             92.9885             33.1645             
54000               3810                2121.09             155.734             17.3079             53.5393             
121000              3360                2167.4              167.973             81.7543             42.7371             
54000               3300                2233.62             233.92              110.576             68.1985             
99000               3630                3098.72             227.978             6.58619             1.08125             
36000               3480                4271.24             200.953             161.954             13.6392             
140000              4170                1755.65             135.141             189.717             15.831              
119000              4260                2367.42             154.142             11.4404             43.459              
121000              3900                1735.6              139.479             138.098             41.6221             
122000              3720                2130.55             141.064             27.8597             6.34539             
78000               3960                1774.33             142.661             211.748             50.7014             
121000              3660                1780.92             147.799             193.518             29.7356             
75000               3210                2221.29             218.632             291.7               18.473              
137000              3360                3722.78             215.17              120.724             0                   
36000               3660                3657.76             191.878             12.108              17.3649             
77000               3810                1731.57             179.235             313.753             47.4821             
75000               3270                1891.66             197.197             187.179             24.8685             
101000              3780                1751.54             136.778             374.274             17.9087             
144000              3240                2315.62             200.244             104.242             19.4878             
54000               3150                2107.02             157.551             496.802             36.9691             
127000              3450                2399.08             189.189             81.6547             1.19282             
36000               3690                3059.37             202.741             303.845             5.8422              
147000              3990                2695.66             238.956             13.804              0                   
75000               3270                2655.56             181.939             36.4536             1.37088             
86000               3210                5510.69             235.403             584.736             4.40735             
121000              3750                1730.94             202.951             176.691             60.9445             
54000               3450                2548.63             140.927             134.498             20.1075             
95000               3240                2279.08             232.829             136.061             8.15865             
193000              3120                3580.83             239.511             1520.51             11.577              
145000              4170                1712.47             140.299             508.847             0.311616            
54000               3360                2936.08             171.168             194.765             0.905388            
140000              3900                1903.73             155.942             92.3027             0                   
36000               4020                2513.15             157.255             438.124             42.5627             
54000               3120                2116.6              148.729             336.644             29.4257             
36000               4680                3265.36             177.258             82.2421             0                   
122000              3240                2797.15             189.852             45.5137             12.4258             
54000               3660                1952.09             211.988             57.5258             31.2459             
36000               4110                3259.22             206.294             52.9874             41.8404             
36000               4140                2599.32             188.891             433.999             33.9792             
54000               3270                2431.38             155.384             15.6425             12.7326             
54000               3600                2508.97             162.733             16.4393             1.37088             
99000               3360                2635.22             165.778             77.1396             2.19789             
144000              3690                2175                185.508             79.9607             0                   
