37000               4050                1802.32             195.455             0.0379463           210.159             
35000               3030                1573.41             225.622             227.076             200.54              
75000               4590                4067.15             232.851             -1.42109e-14        0                   
54000               3750                2248.55             121.513             375.517             0                   
61000               4860                1570.12             141.499             501.897             0                   
35000               4500                1532.71             187.028             452.092             0                   
35000               2880                1825.63             143.377             52.5099             130.518             
145000              3960                1542.76             211.912             189.888             0.387941            
100000              3330                1460.86             118.683             470.024             128.778             
97000               3720                2216.86             130.214             4.5049              0                   
145000              3810                1402.42             103.353             236.719             131.656             
124000              2970                1359.3              184.071             413.748             174.99              
145000              3870                1394.35             182.771             174.221             85.5239             
105000              2820                1735.84             209.455             336.22              168.491             
59000               2970                1668.75             134.316             81.1002             98.9339             
85000               3300                1452.85             227.054             256.955             182.825             
145000              3990                1160.52             197.025             734.115             88.9888             
74000               3870                1444.78             121.742             624.579             119.949             
38000               2940                6092.62             200.643             12.7747             140.977             
124000              2910                1380.29             164.478             532.527             140.841             
35000               3090                1609.39             133.693             627.326             0                   
145000              3030                2961.99             229.218             340.153             0                   
119000              3600                1490.59             105.801             506.967             23.831              
35000               4260                1625.19             117.676             487.922             0                   
77000               2850                2106.12             201.467             34.8484             140.618             
60000               3630                2227.28             237.147             0.0379463           94.7288             
170000              3960                1282.68             194.171             340.123             60.9061             
74000               3930                1371.68             180.569             588.992             146.317             
35000               3600                1460.39             133.734             17.093              135.833             
106000              2940                4865.75             224.834             620.765             9.7608              
121000              3810                1387.34             238.773             189.007             173.465             
119000              4500                1979.25             122.18              10.3531             16.7411             
145000              4050                1302.16             235.9               332.951             56.3724             
164000              2970                2994.91             234.218             310.588             43.13               
85000               4200                1629.36             130.427             630.233             0                   
145000              2970                2258.38             128.158             459.179             0                   
61000               2820                1992.56             203.688             325.125             223.335             
119000              3390                1514.35             102.183             559.73              64.7269             
38000               3000                5487.9              185.523             335.932             24.1766             
80000               4020                1872.97             174.25              0.0379463           168.186             
38000               3330                5943.19             239.072             7.19833             0.34768             
35000               2970                1630.74             234.386             34.8484             177.974             
145000              4200                1180.46             100.457             559.358             36.6523             
38000               3300                5849.47             200.668             7.19833             59.8769             
85000               2850                1687.44             151.798             131.742             140.618             
120000              4560                3618.28             217.394             -3.55271e-15        33.6691             
95000               4560                3743.12             239.793             -1.42109e-14        30.5035             
37000               4200                2007.79             195.585             0                   77.3796             
145000              4260                1378.79             239.711             423.104             23.9463             
57000               3270                5668.15             227.568             32.2368             26.2682             
35000               4110                1477.94             199.665             449.396             86.2402             
124000              2940                2413.55             230.005             599.619             0                   
144000              2880                6288.65             236.525             112.928             35.0509             
55000               4620                1828.13             162.988             447.859             0                   
130000              2970                5774.38             234.83              0                   29.6604             
38000               3000                6489.28             217.735             7.19833             0.34768             
56000               4740                4037.51             238.956             -1.42109e-14        43.0838             
149000              4110                1374.06             234.498             451.854             111.87              
145000              2910                2507.09             169.496             591.239             11.0936             
58000               2940                2060.31             234.145             33.1398             51.1994             
35000               4320                1436.61             153.664             576.759             0                   
80000               3180                2074.41             145.505             129.954             0.111948            
126000              3090                5224.67             178.295             224.88              0.110618            
95000               4680                3931.03             198.53              -1.42109e-14        0                   
119000              3270                1451.16             102.183             611.73              111.802             
59000               3000                1662.67             168.016             606.243             0                   
35000               3090                2002.25             127.872             418.341             0                   
38000               3540                5120.51             237.931             233.04              0                   
85000               2820                1539.85             145.045             417.048             102.021             
104000              3120                1532.17             181.94              259.182             158.288             
145000              4110                1170.48             106.058             564.279             88.9888             
35000               4200                1538.05             234.808             336.877             9.77033             
101000              2880                5427.43             197.916             399.285             84.6143             
37000               3960                3006.81             231.133             50.4864             9.60017             
37000               4050                1823.34             215.225             0.0379463           162.79              
61000               2970                4706.9              163.951             581.973             2.21559             
168000              2850                5225.95             199.877             511.489             0                   
100000              3630                2252.75             232.672             0.515573            1.29148             
37000               4350                2257.76             188.531             0                   0                   
145000              4350                1363.23             193.746             331.882             11.1441             
35000               3360                1584.33             239.798             245.71              88.9361             
145000              4170                1194.52             124                 646.66              21.5853             
119000              3540                1373.02             180.968             627.988             135.953             
37000               3390                2136.62             167.59              0                   99.6985             
35000               4770                1854.01             117.237             362.366             4.89674             
101000              2850                1991.69             167.121             34.8484             140.618             
85000               3150                1451.4              239.469             233.507             260.172             
170000              4020                1275.81             155.442             379.991             63.3401             
59000               2910                1519.26             149.908             714.977             131.492             
119000              4200                1232.28             208.594             593.362             40.9716             
130000              2910                5800.39             218.331             153.677             0.110618            
77000               2850                6323.54             217.735             336.692             0                   
35000               4410                1681.13             209.473             369.519             15.187              
35000               4350                1465.16             128.632             329.71              109.026             
154000              3000                5827.79             191.041             133.004             0                   
145000              3810                1300.32             145.917             588.586             0                   
57000               2880                6356.42             235.361             206.592             80.8992             
38000               2880                5991.56             193.647             236.085             54.9929             
145000              3960                1287.09             216.033             533.014             127.052             
126000              3720                5537.61             239.021             -3.55271e-15        115.175             
35000               4050                1458.32             119.569             415.884             141.102             
145000              3870                1496.55             100.457             211.395             0.387941            
35000               4320                1591.83             118.22              550.701             61.2921             
186000              3630                5206.62             223.739             2                   35.9012             
124000              2910                2050.35             137.214             756.114             0                   
100000              4110                1341.71             143.7               586.007             119.949             
128000              3480                2003.31             233.539             24.842              63.2392             
145000              4080                1235.78             155.233             699.803             31.8585             
145000              2910                2298.66             211.009             712.219             0                   
56000               3750                1787.59             154.536             0.0379463           135.759             
64000               3030                5558.42             203.861             7.67951             183.518             
98000               4440                4339.76             207.083             -1.42109e-14        0                   
55000               4680                1771.09             117.237             520.635             0                   
61000               3150                6436.04             228.484             0.910081            140.348             
138000              3870                1840.54             123.87              75.5407             39.8473             
145000              3630                1970.93             168.625             234.591             0                   
61000               4110                1383.68             181.323             428.967             153.182             
124000              2940                1356.47             145.045             427.083             140.841             
35000               2880                1618.57             233.299             193.569             160.024             
37000               4200                1931.2              147.215             0.0379463           130.001             
35000               3060                1802.03             193.623             33.1398             75.0358             
100000              2820                2261.31             239.288             253.504             152.469             
38000               3660                5902.33             201.1               0.910081            30.5277             
83000               2850                5746.91             190.619             453.085             0                   
193000              3210                4847.62             214.285             7.01654             107.386             
35000               2910                1635.92             175.591             83.7757             166.397             
121000              3840                1317.48             234.399             558.352             121.992             
37000               4500                2118.93             155.506             0.190887            0                   
61000               2850                1521.25             174.586             403.524             153.185             
104000              3330                1540.68             184.682             645.996             1.78024             
145000              3240                1656.39             111.383             565.836             0                   
103000              2850                6076.62             222.715             424.105             0                   
119000              4110                1709.5              138.492             1.98684             0                   
119000              4320                1909.42             165.029             0                   48.7298             
74000               4560                1842.17             207.271             56.379              12.3157             
95000               4200                1395.22             239.838             434.348             53.5545             
98000               3240                1697.82             128.205             753.387             57.1463             
38000               2970                5109.28             187.244             562.644             0                   
98000               4800                1672.2              122.625             293.672             27.3006             
124000              3570                1398.77             238.23              139.821             109.533             
56000               4530                3789.45             236.123             -1.42109e-14        114.289             
54000               3210                1583.13             217.203             540.162             0                   
131000              3480                3780.72             181.592             2.61173             5.57447             
103000              2970                4972.47             195.013             358.61              18.1557             
35000               3360                1787.92             181.611             447.615             0                   
77000               2850                2076.14             236.363             54.0255             105.683             
35000               2940                1508.12             133.708             606.922             131.492             
98000               4800                1622.9              122.625             371.565             76.0694             
78000               3510                1620.85             130.613             658.99              70.4544             
54000               3330                1558.49             234.32              494.089             40.8633             
154000              3150                5762.28             199.485             4.5049              0.110618            
35000               2850                1591.02             151.798             261.982             140.618             
104000              2910                5755.76             178.295             31.5405             44.1836             
54000               4200                1330.36             192.933             535.479             183.765             
119000              3660                1446.89             215.896             397.487             172.517             
123000              3090                2401.51             203.515             34.1063             0.111948            
54000               3960                2063.75             130.245             4.5049              1.29148             
38000               3120                5531.37             236.231             7.19833             39.9885             
75000               3270                5573.34             200.668             7.19833             14.7482             
124000              2970                1859.94             166.964             816.974             0                   
100000              3870                1403.2              126.193             719.523             119.949             
98000               4410                1795.9              127.866             43.9123             0                   
38000               3030                5546.56             210.829             373.185             0                   
103000              2850                5105.83             195.013             627                 0                   
77000               3180                2729.44             239.461             259.665             0                   
55000               4530                1816.25             117.237             516.459             140.421             
100000              3120                2264.9              151.745             13.0215             24.3502             
35000               3870                1707.97             125.656             106.313             90.2411             
35000               2940                1752.92             136.578             137.745             51.1994             
130000              2910                6098.64             191.84              0                   0                   
77000               4350                1720.38             231.17              377.098             0                   
38000               2850                6443.46             225.912             170.91              58.586              
81000               3210                1517.85             226.491             346.554             244.936             
75000               4530                3907.63             216.411             -7.10543e-15        45.927              
145000              3510                1552.83             177.288             416.745             118.653             
102000              3990                4188.25             239.76              -1.06581e-14        103.492             
74000               3360                1536.67             233.901             330.913             228.803             
61000               2910                5808.73             178.295             50.379              3.83617             
38000               2970                6053.25             232.782             243.611             0                   
145000              3750                1407.74             233.822             162.41              129.569             
145000              2910                1989.06             145.733             849.392             0                   
126000              2850                5338.13             226.108             554.462             35.4163             
35000               3300                1976.09             238.136             348.295             11.7063             
35000               3210                1747.74             140.151             33.1398             21.8216             
145000              3750                1430.98             100.457             197.014             77.7988             
145000              3930                1181.78             141.533             686.262             88.9888             
145000              3000                1935.08             127.361             565.055             107.508             
35000               3060                1592.49             226.761             575.071             27.7237             
107000              2970                5328.76             239.662             259.137             45.6872             
145000              3030                1871.54             127.361             693.716             0                   
55000               3360                1538.45             203.598             313.744             216.328             
35000               4470                1867.84             117.237             389.255             66.8017             
35000               3750                1584.59             143.278             16.183              16.1854             
54000               3810                1921.95             235.889             69.7016             1.29148             
83000               3030                4983.87             238.371             243.725             33.6823             
145000              4080                1222.87             212.978             553.233             0                   
145000              4200                1215.55             100.457             435.522             0                   
54000               4200                1330.75             146.836             476.704             122.313             
35000               3120                1940.49             223.651             405.554             0                   
35000               2940                1809.63             132.734             473.525             67.9711             
