129000              7400                1404.39             147.033             1903.93             62.1868             
126000              7400                3556.28             243.091             2252.67             16.7559             
167000              7400                2874.36             684.428             68.0019             0                   
88000               7100                1239.54             1173.2              1320.78             143.079             
126000              5900                3582.88             237.973             2359.94             158.367             
267000              5900                3488.77             775.636             2222.55             173.342             
129000              9100                721.009             127.297             91.4784             36.3132             
127000              8000                4232.48             770.358             3.83506             0                   
88000               6300                3725.59             836.177             1428.7              305.242             
78000               6800                3623.06             660.72              1151.04             199.412             
78000               7500                3471.85             304.739             1359.32             182.192             
78000               10000               2092.9              160.585             2276.59             80.1585             
88000               8650                1018.27             995.971             1285.86             122.639             
128000              6500                4031.81             505.054             47.2001             0                   
88000               7600                1498.18             138.463             261.343             97.0179             
78000               9550                2998.89             307.47              1511.92             0                   
88000               8300                1361.69             986.894             284.402             326.357             
81000               8900                3233.94             1154.86             611.234             579.037             
78000               11000               2822.27             605.648             1696.66             24.3543             
126000              7100                2633.15             708.078             2654.4              126.593             
264000              6300                3563                846.768             1721.46             4.79456             
78000               7500                3510.66             345.858             780.671             260.301             
78000               8000                4079.17             415.159             0                   145.077             
171000              9150                1619.05             409.676             -1.42109e-14        2.25065             
126000              7900                1790.87             734.549             229.993             33.6347             
129000              7000                2526.98             1120.47             2270.75             203.001             
175000              6100                2721.29             629.116             2496.18             145.45              
355000              5900                3570.76             679.456             2179.25             60.0831             
126000              7000                3085.85             1186.61             1644.32             78.6024             
78000               9000                3771.49             759.203             111.858             51.7231             
129000              7600                1654.88             801.854             166.163             179.867             
175000              5900                3173.11             355.792             2415.98             99.0838             
228000              7000                2471.37             1075.59             2294.08             1.23243             
175000              7600                1499.67             766.863             228.965             90.4108             
175000              6400                2650.27             799.244             2783.22             152.287             
174000              5700                3844.9              1024.54             3064.03             38.0675             
223000              6000                4168.74             1066.25             3395.03             11.857              
88000               8000                1048.02             1103.79             120.894             276.7               
260000              6200                4089.58             772.724             2163.15             30.2604             
126000              9400                1169.97             440.104             -1.42109e-14        0                   
218000              7300                3323.07             635.544             531.404             43.2097             
129000              8000                854.069             126.924             12.7426             0                   
78000               9300                2389.01             690.793             2093.25             0.653409            
88000               6100                4156.71             1136.93             2276.04             238.618             
178000              7600                873.817             349.459             964.935             0                   
272000              7300                3758.85             657.422             272.227             6.07297             
78000               8300                3389.68             540.246             973.778             59.769              
171000              7800                1154.1              578.086             31.8526             9.47147             
88000               9700                991.526             121.513             1578.35             41.6403             
78000               10050               3597.76             926.616             842.839             0                   
318000              5900                3127.08             675.456             2802.48             334.833             
172000              7200                2191.93             998.256             886.443             15.4629             
88000               9100                931.826             1015.47             92.622              200.588             
88000               7800                1048.36             1158.82             498.637             376.681             
88000               6600                3450                787.664             2126.84             164.353             
88000               7800                1131.94             1113.75             169.296             7.75225             
78000               8500                2334.81             167.694             2157.54             32.9317             
78000               7500                3496.84             791.086             193.294             62.1202             
88000               6600                3527.75             233.257             2377.91             0                   
88000               6300                3705.24             295.065             1790.14             353.219             
269000              6800                3569.26             679.496             870.912             76.6023             
86000               9200                2831.76             1131.93             1249.15             746.037             
88000               7600                1122.42             606.702             633.02              116.994             
78000               10000               2129.54             499.46              2274.32             123.681             
88000               7200                3356.91             619.223             2844.83             0                   
134000              6800                3307.58             785.766             2106.91             137.405             
78000               6500                3686.94             346.101             694.778             199.412             
88000               7200                1911.51             300.257             1945.9              5.21995             
316000              7000                2211.66             1135.87             2386.17             49.9369             
88000               7400                2178.91             257.962             423.348             99.5712             
88000               10250               944.705             130.243             316.362             0                   
217000              7900                1366.88             654.164             320.748             0                   
78000               6300                4025.53             538.044             467.279             0                   
78000               7350                3818.94             674.12              638.995             0                   
355000              6600                3714.47             770.682             1738.36             0                   
167000              6300                2955.25             205.109             2283.96             0                   
78000               9000                3849.76             352.015             3.83506             0                   
78000               6500                3432.68             345.858             1047.04             261.687             
129000              8150                913.808             119.683             1004.24             32.9902             
127000              6500                3435.39             1035.46             4020.65             0                   
88000               8100                1070.83             1058.65             968.665             288.901             
179000              6800                3254.06             627.68              1974.25             227.316             
119000              7700                3533.96             648.607             150.016             179.579             
175000              7100                3902.87             554.042             836.686             0                   
88000               8300                1282.08             1024.44             250.866             456.675             
78000               9500                2163.55             692.061             2020.71             226.44              
88000               9100                849.014             1160.65             78.0948             172.471             
133000              7900                1383.87             512.248             565.694             0                   
78000               9000                2382.27             356.674             1991.15             70.2155             
126000              8450                960.888             540.246             1744.42             131.991             
218000              6800                3766.11             788.177             749.827             22                  
78000               6500                4104.18             680.095             47.2001             0                   
88000               8100                1241.12             1208.62             163.652             50.4715             
216000              6800                2966.53             980.845             2066.29             317.407             
78000               9050                3183.79             842                 1486.63             104.049             
129000              6300                3327.83             705.05              2095.49             347.242             
313000              6800                2827.77             756.974             2415.05             0                   
88000               9400                1098.74             132.976             11.4372             55.679              
78000               9300                3656.96             718.541             1246.88             0                   
167000              6300                4132.96             311.065             1252.49             79.0838             
263000              6300                3752.12             717.524             1350.72             0                   
88000               6800                3234.88             217.156             2223.29             156.144             
88000               8100                1036.54             488.867             1021.12             0                   
129000              7600                861.032             127.297             1500.38             0                   
129000              7400                2545.41             245.812             128.374             134.29              
167000              7400                2822.33             266.408             68.0019             0                   
263000              6600                2842.33             756.974             2903.97             0                   
78000               10000               2333.18             235.608             1788.92             226.44              
126000              5900                4259.74             1066.25             2149.03             59.2834             
126000              7000                2983.75             1002.17             1781.51             1.7895              
78000               9000                2153.83             158.842             2371.94             0                   
167000              7900                3078.61             397.782             60.2503             0                   
88000               6300                3158.81             238.033             2318.54             271.156             
78000               9500                2139.84             158.842             2249.09             232.041             
129000              8550                724.967             127.297             110.744             0                   
266000              6800                3324.12             630.485             1854.2              0                   
88000               6600                2860.05             963.459             2327.68             117.977             
78000               8100                3158                986.436             2707.22             213.125             
219000              6800                2741.49             893.548             2298.45             271.01              
78000               9500                2397.46             587.329             1482.07             33.2734             
167000              6800                3030.45             223.355             2011.77             0                   
227000              6100                4828.46             1190.87             1732.93             329.462             
78000               9800                2296.41             775.123             1742.14             51.7883             
269000              6200                3029.06             675.456             3162.75             115.968             
128000              7000                3325.26             484.828             780.224             163.974             
313000              6900                2746.78             756.974             2897.09             0                   
88000               6600                3809.5              313.218             1690.85             0                   
78000               8800                2238.63             680.556             2570.67             0                   
78000               6500                4073.56             374.373             47.2001             21.1083             
88000               8550                852.463             1222.09             121.468             225.024             
88000               7400                2207.95             202.545             942.219             24.9518             
78000               9000                2225.2              802.556             2216.12             122.337             
126000              5900                3619.42             240.231             2242.78             16.7559             
320000              5900                3128.24             704.238             2603.95             144.273             
274000              7000                2193.13             886.29              2062.18             81.8154             
88000               6300                3720.67             947.197             1749.58             427.457             
88000               9700                920.951             127.297             794.538             0                   
78000               9700                3545.25             283.364             120.592             79.5597             
78000               8500                2946.36             252.535             1569.76             0                   
88000               7800                990.16              982.079             508.888             362.738             
88000               8000                937.189             1143.69             11.6217             94.8348             
88000               9400                990.54              827.871             18.3194             0                   
88000               7400                1312.56             1153.57             1288.92             269.774             
88000               9400                923.965             433.829             306.766             53.44               
88000               8100                1440.63             168.438             777.043             4                   
88000               6300                3198.05             525.939             2219.91             147.81              
175000              7600                991.082             823.127             720.956             36.3467             
78000               11300               3706.74             376.293             169.062             0                   
88000               8550                906.808             1015.77             18.5296             0                   
129000              6100                2712.39             438.44              2664.05             154.124             
78000               10300               3652.76             304.803             257.442             0.665158            
128000              6800                3428.14             484.828             1421.62             261.687             
78000               9500                2260.31             215.283             2079.33             0                   
174000              7200                3409.32             870.046             112.718             264.876             
176000              6200                3088.23             571.606             2796.54             16.7559             
126000              8400                1034.74             483.777             1246.56             0                   
216000              7200                3345.82             893.102             150.751             173.002             
123000              5900                3669.53             588.371             2537.91             16.7559             
78000               11000               2744.72             323.205             1709.51             0                   
263000              7000                2900.92             756.974             2020.79             63.0676             
222000              6600                2658.01             708.078             2568.21             160.914             
126000              6200                4244.05             1066.25             2729.06             0                   
137000              7400                2083.47             685.926             595.635             119.063             
266000              7400                2153.15             682.416             331.054             39.1729             
222000              6200                3935.24             761.393             2161.89             60.1778             
219000              6200                2959.71             723.816             2992.05             16.7559             
167000              7300                3845.32             352.015             131.486             0                   
172000              6600                2845.13             874.9               2175.14             269.284             
78000               7000                3633.97             282.408             122.999             44.6743             
88000               7400                1123.59             612.511             1622.86             0                   
88000               7200                1664.7              163.454             2103.8              116.693             
81000               9200                3073.13             1040.6              984.149             418.466             
88000               8300                1151.95             1032.77             499.548             135.657             
88000               6300                2671.25             260.909             2390.18             160.874             
88000               7600                1509.94             513.062             249.581             36.1068             
88000               7600                1122.84             132.952             524.02              32.9902             
78000               6700                3932.36             958.758             17.1535             42.1633             
218000              7300                3330.11             540.246             1016.89             115.827             
88000               7600                1024.82             148.03              1257.1              95.3498             
119000              7200                3374.35             833.959             131.481             206.862             
175000              6300                3768.33             648.14              1763.63             343.191             
178000              7600                871.347             482.087             1191.85             0                   
129000              7900                2877.73             1031.47             197.231             0                   
88000               6100                2740.84             599.886             2595.67             152.287             
366000              5900                3112.87             675.456             2605.59             199.662             
88000               8900                1218.43             128.397             1546.79             0                   
129000              7100                1003.38             149.965             1339.18             0                   
78000               8500                3767.16             310.747             509.298             12.4489             
88000               8150                1720.39             226.753             187.173             95.0587             
88000               7600                1612.55             628.728             178.801             192.426             
126000              6400                3774.71             369.47              2097.13             99.0838             
126000              6600                3006.36             1147.53             2742.57             0                   
216000              6900                2852.09             552.166             2781.47             0                   
129000              6800                3076.18             1136.62             2329.43             94.831              
126000              5900                3177.38             271.151             2407.57             99.0838             
78000               9800                2133.31             540.246             2586.82             80.1585             
134000              6900                3497                603.259             2524.97             0                   
126000              6200                3470.13             698.672             2262.2              34.0523             
78000               7550                3996.75             329.691             231.337             0                   
78000               9300                3789.13             669.061             169.086             0                   
