365000              3550                1459.42             440.619             2.41068             497.355             
280000              3050                1717.86             533.763             0                   211.429             
270000              2500                1041.68             754.253             1284.89             455.773             
189000              2500                1780.78             395.8               747.418             175.917             
475000              2500                2114.4              471.741             540.99              0                   
191000              2800                1726.96             591.614             1.54116             248.97              
472000              2250                2268.12             732.349             290.363             52.1936             
270000              3700                1015.53             680.672             1527.95             36.6458             
558000              4450                1739.73             460.514             -1.42109e-14        462.937             
280000              3550                1201.08             310.924             292.495             0.00677074          
177000              3500                2593.49             688.409             -8.52651e-14        460.748             
280000              3050                1097.16             292.263             639.866             0                   
560000              2700                2638.03             666.149             -9.09495e-13        0                   
185000              3200                1566.71             724.99              933.439             0                   
274000              2500                2066.39             458.06              400.519             71.0768             
475000              2250                2569.77             784.271             -9.23706e-13        48.9201             
370000              2500                1208.93             519.431             969.143             14.4925             
375000              2500                3200.21             768.249             -4.40536e-13        683.358             
475000              3500                2344.15             965.309             -7.38964e-13        309.421             
189000              3450                2864.69             592.859             -1.74083e-13        447.063             
370000              2500                1142.95             623.838             1045.82             170.084             
468000              2250                2356.37             832.506             261.635             0.41636             
382000              3000                1072.75             386.512             953.072             512.312             
392000              2500                1929.15             451.257             423.943             152.766             
280000              2550                1234.62             316.62              348.873             0                   
372000              3500                1623.85             473.449             1.67028             0                   
189000              4300                1694.85             538.999             618.399             382.439             
383000              2750                3250.11             972.118             -6.53699e-13        789.258             
475000              2250                2136.83             497.226             311.804             333.834             
365000              4500                1249.39             368.943             202.145             104.889             
189000              3250                1758.53             415.449             696.707             296.034             
378000              2500                2942.2              871.365             -1.3145e-13         539.807             
189000              2500                1889.1              508.102             677.609             131.166             
475000              2500                1520.61             332.23              932.466             0                   
285000              2500                966.622             200.336             1207.91             0                   
191000              2550                1491.95             414.383             501.303             0                   
280000              4050                1157.17             410.651             417.319             23.713              
191000              2550                1427.55             411.817             768.77              474.524             
383000              2250                2490.91             797.16              91.7531             0                   
288000              2500                2900.33             649.848             -1.42109e-14        0                   
177000              2500                2185.1              544.297             581.581             267.286             
285000              3300                1077.33             809.516             855.349             799.17              
280000              4050                1143.89             334.176             309.876             399.226             
268000              3550                1363.59             470.594             67.1017             457.184             
378000              2700                3446.77             926.86              -1.42109e-13        498.151             
285000              2500                1744.13             562.806             554.094             254.26              
376000              2750                2779.85             734.141             -5.54223e-13        204.387             
365000              3550                1700.78             593.9               -1.06581e-14        339.051             
475000              2250                1762.36             497.359             727.327             0                   
475000              3250                2307.7              774.57              -7.53175e-13        378.924             
465000              4500                1042.28             329.451             510.033             113.315             
189000              3000                1593.2              325.844             959.858             321.182             
285000              2750                936.587             197.625             1205.55             92.8776             
189000              3550                2178.63             820.224             0                   225.634             
468000              2500                2730.38             910.008             -3.69482e-13        392.583             
383000              3250                2581.54             960.452             -3.83693e-13        324.079             
191000              3550                1467.62             426.9               598.155             407.651             
383000              3250                2736.73             851.773             -3.83693e-13        14.937              
383000              4150                3038.6              920.309             -4.12115e-13        0                   
285000              2250                1374.73             338.506             864.751             0                   
365000              4050                1042.07             388.911             531.68              159.906             
191000              2800                1702.81             439.978             10.3486             0                   
383000              3500                3012.32             997.426             -6.53699e-13        185.776             
285000              2250                1226.02             306.591             1050.76             0                   
189000              3000                1625.79             416.93              1046.45             55.3031             
276000              3050                1627.18             447.554             6.85837             0                   
191000              3750                2168.95             698.999             -4.26326e-14        95.6676             
383000              3200                3113.94             919.824             -3.97904e-13        1.45105             
191000              3300                2018.49             809.826             -7.10543e-14        261.135             
380000              4500                1837.96             613.602             -2.84217e-14        265.561             
185000              3000                1361.55             627.312             927.783             208.782             
292000              2500                1950.87             712.443             400.057             0                   
383000              3000                2683.88             993.46              -4.9738e-13         894.771             
280000              3550                1298.24             359.241             154.259             415.606             
191000              2550                1686.43             444.72              203.45              197.434             
384000              2500                1603.98             597.907             637.889             369.963             
378000              2500                3021.42             997.957             -7.10543e-14        392.947             
383000              3950                2959.31             952.195             -6.53699e-13        193.664             
365000              4050                1158.85             316.406             256.644             118.034             
380000              4000                1145.1              539.527             529.73              0.00677074          
379000              4000                1752.69             440.692             -1.42109e-14        462.937             
276000              3550                1417.64             568.558             581.998             322.198             
191000              2550                1825.26             458.302             0                   0                   
189000              3000                1833.17             403.311             645.414             0                   
177000              3250                2494.61             674.343             -7.10543e-14        247.08              
383000              2250                2482.18             738.627             41.9513             196.434             
380000              3050                1704.39             476.117             -1.42109e-14        458.969             
380000              3550                1319.13             372.216             155.441             123.335             
380000              3300                1105.77             344.321             482.854             5.91652             
383000              2250                2316.5              729.999             263.293             0                   
475000              2250                1965.45             443.743             643.325             0                   
270000              3250                1053.47             652.393             1161.41             101.881             
177000              3250                2423.92             573.554             -7.10543e-14        417.783             
378000              2500                2743.62             961.295             -1.98952e-13        665.417             
383000              3900                3321.8              909.588             -6.53699e-13        73.1637             
475000              2500                2191                510.166             197.801             144.576             
475000              3250                2362.7              696.464             -8.10019e-13        178.044             
383000              3450                3295.92             903.612             -6.82121e-13        196.468             
280000              2550                1170.62             339.864             550.663             221.271             
268000              4050                1575.82             453.539             32.0201             138.465             
270000              3500                1165.27             632.156             1001.47             255.407             
465000              3650                938.392             534.846             1793.13             0                   
383000              2750                2993.99             902.743             -5.40012e-13        71.3703             
370000              2500                941.492             603.896             1227.34             134.465             
383000              2250                2747.02             938.311             -2.84217e-14        0                   
475000              2250                1685.97             416.867             828.001             0                   
285000              2750                955.145             527.417             1133.91             0                   
177000              3000                2203.51             549.603             0                   397.007             
285000              2500                1066.77             253.16              1159.02             83.2736             
383000              2500                2858.36             880.873             -5.40012e-13        811.591             
285000              2500                1500.86             661.923             682.259             107.399             
280000              2550                1515                384.106             36.5698             0.00677074          
383000              2750                2680.81             924.172             -4.9738e-13         935.488             
189000              3250                1645.11             364.473             848.63              5.23631             
383000              3750                2410.05             827.903             -6.53699e-13        391.417             
370000              2750                1077.7              628.323             1059.59             142.228             
383000              2250                2492.29             594.484             311.391             270.433             
280000              3550                1512.78             404.83              5.45161             0.00677074          
280000              4050                1115.9              307.771             320.184             104.889             
365000              4050                1295.03             382.965             116.392             366.437             
185000              2950                1503.88             642.267             1340.68             0                   
270000              2750                1048.47             714.934             1230.2              84.198              
191000              3050                2027.51             610.232             -7.10543e-15        504.24              
465000              4500                1430.98             391.796             81.329              462.707             
365000              4050                1493.49             482.055             39.6178             130.078             
185000              2950                1627.57             783.797             1256.91             14.3012             
280000              3550                1049.89             295.205             579.94              134.969             
270000              3750                979.454             713.747             1296.78             171.942             
383000              3000                3184.12             985.195             -6.39488e-13        182.792             
285000              2500                1499.24             520.547             753.909             177.694             
189000              3250                1955.71             535.274             637.729             239.604             
191000              3050                1397.56             426.9               732.218             494.434             
383000              2500                2608.4              714.026             -2.84217e-14        527.789             
270000              3700                1425.54             562.429             984.98              0                   
285000              2500                1479.59             819.735             863.811             57.9607             
380000              4500                1713.64             489.279             -2.84217e-14        336.468             
280000              4050                1406.77             392.983             146.928             458.8               
191000              2800                2117.94             856.825             -4.26326e-14        342.867             
465000              4500                1036.91             429.619             626.107             109.926             
475000              2500                2212.89             578.216             67.6747             262.87              
376000              3050                2387.78             904.833             -5.54223e-13        737.879             
382000              3300                1006.21             346.596             797.81              278.861             
189000              2500                1599.86             360.632             956.559             267.66              
189000              3000                3047.3              720.816             -2.27374e-13        496.935             
468000              2250                2253.48             662.202             174.196             100.202             
276000              3750                1920.03             642.111             -4.26326e-14        34.8813             
383000              3300                2323.07             815.082             -6.53699e-13        603.933             
475000              2250                2429.38             643.876             -8.2423e-13         0                   
280000              3050                1261.58             344.02              255.446             104.211             
365000              3550                1272.93             366.755             146.772             456.521             
285000              3000                1064.54             235.454             1010.68             39.4753             
364000              2750                2444.34             605.435             -1.42109e-14        0                   
177000              3500                2429.11             532.652             -2.84217e-14        50.412              
285000              2500                1258.66             651.584             957.679             31.7671             
392000              2250                1840.9              503.48              502.418             0                   
370000              2500                1285.72             618.801             840.405             39.4753             
189000              2500                1698.96             345.312             799.611             0                   
475000              2500                2228.15             463.452             271.11              226.825             
382000              2500                1105.83             279.163             1087.28             0                   
270000              3750                1212.75             668.97              914.724             4.85544             
191000              3550                1466.78             439.832             477.711             253.099             
475000              3000                2422.32             643.876             -8.2423e-13         384.112             
465000              4500                1344.82             368.943             100.557             154.491             
280000              2800                1305.94             474.227             263.665             0                   
384000              2500                1931.16             629.655             494.505             410.4               
185000              2950                1369.26             714.972             1236.97             98.4607             
191000              3300                1414.76             365.372             638.007             466.769             
383000              2250                2683.28             594.484             14.4377             0                   
380000              4050                1056.63             300.317             433.388             131.869             
189000              2750                1913.72             455.809             513.558             313.326             
475000              2250                2247.06             482.882             51.3321             0                   
383000              3050                2132.55             838.073             -6.6791e-13         439.819             
270000              3450                1040.08             618.867             1590.55             94.8758             
377000              2500                1607.28             347.121             577.359             0                   
465000              4500                1149.12             365.411             311.002             104.889             
270000              3900                1060.9              627.312             1860.33             0                   
177000              2750                2761.72             641.211             -2.84217e-14        200.215             
370000              3000                1186.11             665.339             893.387             0                   
268000              4500                1407.5              420.138             148.086             118.034             
285000              3250                2437.55             575.687             -2.84217e-14        0                   
280000              2800                1123.08             326.338             716.743             413.05              
370000              2500                977.675             629.187             1175.18             0                   
191000              3050                1473.65             439.832             477.711             0                   
375000              3000                2778.22             822.384             -8.17124e-13        529.262             
285000              3000                985.412             215.084             1115.26             0                   
285000              2750                1291.18             296.29              947.174             225.457             
285000              3050                1082.73             343.614             767.304             302.919             
380000              4050                1529.33             489.279             0                   336.468             
475000              2250                2405.04             516.92              0                   121.378             
468000              2750                2516.86             840.19              -5.11591e-13        526.868             
475000              2250                2206.58             558.986             401.69              0                   
468000              3500                2227.98             792.3               -5.54223e-13        506.919             
177000              2500                2253.17             521.714             380.049             0                   
465000              4950                1052.9              345.212             578.052             109.926             
177000              2500                2458.44             526.334             0                   0                   
177000              3000                2087.62             564.098             505.302             252.375             
189000              2500                1631.88             345.289             976.863             520.517             
191000              3050                1594.68             559.708             152.274             0                   
177000              3000                2178.04             453.803             109.653             0                   
189000              3750                1945.45             471.597             558.929             281.902             
