143000              4710                1337.27             129.318             1538.16             0                   
144000              3330                2036.01             154.661             423.933             26.6376             
104000              4230                1828.85             172.428             364.314             65.4614             
35000               3390                2694.6              213.606             698.816             0                   
35000               3390                2727.95             234.022             585.29              90.9675             
35000               3240                3707.35             205.353             13.3701             41.8475             
35000               4260                1708.29             181.862             653.82              0.759973            
143000              2970                5725.26             237.636             918.304             50.0199             
54000               4770                2250.02             133.992             203.15              36.4977             
35000               4440                2967.71             141.638             208.896             0                   
143000              4920                1435.66             199.731             1197.59             0                   
164000              3240                1701.78             186.385             1465.13             0                   
35000               4950                1844.96             133.582             633.234             0                   
104000              3600                1811.02             220.474             905.546             99.2153             
143000              4560                1326.22             160.479             1446.01             17.8176             
124000              3450                2015.83             232.686             759.061             112.248             
35000               4950                2233.4              173.059             184.518             35.3106             
35000               3180                2595.93             186.385             985.86              58.4884             
123000              4230                2182.83             119.089             261.64              0.0236157           
78000               3690                2057.57             237.091             782.629             57.3005             
123000              4830                1315.44             115.803             1201.39             12.2255             
35000               3330                3465.52             183.029             92.1577             0                   
143000              3330                1725.2              128.489             1453.05             0                   
55000               3240                2533.41             179.186             1099.64             49.6874             
82000               3720                3192.16             239.222             112.357             0                   
98000               4650                2461.82             164.163             399.104             0.264338            
104000              4920                1389.39             119.465             1232.08             0                   
35000               4350                2739.93             128.471             674.41              42.9198             
35000               4650                2179.22             130.005             244.141             41.1342             
143000              4350                2068.31             117.742             415.735             20.9629             
85000               4200                2060.25             182.203             28.6963             72.7023             
123000              4500                1381.79             110.062             1400.27             0                   
143000              4650                1466.14             136.318             896.465             0.810202            
76000               3120                4509.31             226.341             1099.95             63.8746             
99000               4200                3803.62             203.158             3.7041              77.1035             
164000              3750                1893.21             111.808             1321.75             1.63596             
80000               3060                5387.98             192.872             611.122             49.0625             
164000              3540                1786.37             198                 759.923             72.7694             
35000               4080                2647.83             196.57              7.52801             75.6636             
150000              4770                2727.04             160.069             29.4911             21.1644             
164000              3840                2041.05             142.074             494.149             15.9279             
35000               4050                2502.24             174.404             23.4062             30.5056             
168000              3180                5225.61             191.983             358.393             0                   
125000              4350                3078.67             209.27              3.36623             25.559              
123000              4230                1504.32             238.615             853.622             34.2271             
95000               3210                4546.68             171.032             1006.9              5.41048             
100000              3060                5714.79             200.778             414.971             37.3248             
187000              3420                2786.72             237.3               628.508             1.26268             
35000               4650                1969.2              175.153             563.895             0                   
162000              3030                6233.04             239.984             684.816             30.8116             
35000               3300                2923.92             234.042             941.245             49.6874             
162000              3000                6503.03             232.078             873.702             38.0943             
123000              3150                5454.17             191.983             18.0626             0                   
78000               4050                3568.5              224.083             3.89583             56.2952             
79000               3150                5801.67             202.637             635.125             0                   
56000               2910                5177.47             226.377             1198.24             20.0373             
74000               4260                2495.53             128.962             818.178             27.6691             
35000               3330                2622.71             153.052             992.932             48.9963             
193000              3060                5392.79             232.078             835.603             0.429563            
124000              4110                2016.36             228.242             138.923             89.1344             
212000              4080                3132.49             232.383             118.831             3.09686             
143000              3840                2045.75             233.183             437.92              35.7053             
78000               3600                2188.61             118.867             1204.24             1.63015             
172000              4320                2355.38             225.533             28.7733             56.8613             
78000               3540                2094.86             186.385             1491.23             1.63015             
143000              4800                1388.16             154.789             1154.76             13.5466             
137000              2940                5884.77             239.597             1002.48             8.37726             
35000               3660                2983.65             158.618             622.682             0                   
126000              3360                3219                237.636             509.524             63.121              
56000               3030                5121.42             232.691             1080.23             0                   
81000               3540                2603.31             209.252             715.82              83.9821             
143000              3240                2414.44             226.277             1202.64             31.6845             
164000              4410                1875.9              165.292             544.359             2.40878             
193000              3300                5278.9              234.331             99.0793             0                   
58000               3390                3761.73             223.984             37.9243             0                   
123000              3180                5326.43             217.819             450.694             0                   
102000              2970                4248.51             226.341             1510.6              49.2339             
79000               4380                3750.75             214.462             0.575429            0                   
98000               3420                1806.14             175.799             1098.9              80.9775             
35000               3930                1870.67             144.89              245.785             5.16525             
35000               4110                1733.87             204.019             592.939             43.7913             
102000              2940                4773.24             207.616             1511.87             3.58988             
101000              2880                4744.03             194.229             1396.37             66.5919             
123000              3720                2159.83             122.509             287.715             16.1456             
104000              3840                1806.85             221.925             856.946             85.1458             
56000               2970                4643.34             171.032             1208.18             0                   
56000               3300                3228.97             229.746             41.57               93.6706             
35000               4860                2071.29             130.224             324.759             11.3634             
79000               3000                5655.51             232.916             697.415             10.6872             
143000              4200                1456.85             129.318             1023.14             0                   
149000              4020                3545.87             195.394             47.9605             0                   
168000              3120                4571.4              192.731             676.081             15.1881             
124000              3390                1658.05             186.385             1441.29             44.4839             
55000               3420                3182.09             226.143             215.422             117.834             
109000              3390                3741.08             225.245             38.1134             0                   
125000              3390                2112.46             112.018             778.258             35.7574             
61000               4110                1617.74             140.752             721.021             47.5803             
35000               4230                2436.92             158.112             46.4505             70.6201             
121000              2940                4690.79             236.789             1371.67             72.0491             
58000               4410                3571.8              234.866             0.362219            1.40364             
58000               4050                2988.51             237.412             14.2334             22.5452             
54000               4140                2489.76             143.373             152.651             54.7746             
123000              3180                2416.85             236.497             1107.64             41.6863             
82000               4260                1823.73             210.899             589.356             12.3411             
124000              2970                5294.39             199.229             954.344             0.803016            
188000              2940                6379.41             239.852             892.766             21.063              
143000              3180                1897.93             141.614             1241.68             44.5707             
167000              3120                4878.55             239.108             932.954             0                   
35000               3240                3327.95             171.591             82.9094             38.144              
118000              4110                3737.27             203.794             3.89583             53.8122             
148000              3210                5578.12             198.236             13.2004             46.4549             
35000               4200                3326.69             204.996             21.7543             0                   
35000               4320                2757.62             157.798             30.2304             13.067              
124000              3420                1914.14             164                 893.712             78.6154             
104000              4260                2025.91             142.865             32.1148             46.2577             
79000               3240                3511.32             188.438             35.1367             17.0784             
212000              3300                3626.39             239.345             645.103             0                   
35000               3270                3229.15             170.238             479.574             0.662244            
168000              3150                4672.68             213.944             459.639             50.1881             
124000              3870                1754.65             219.205             1101.56             66.6438             
104000              3450                2402.37             120.045             650.895             26.1232             
78000               3300                2285.32             116                 742.942             36.6508             
56000               3210                5926.29             232.506             971.445             0                   
193000              3420                3043.96             232.185             334.498             17.8486             
35000               3840                2513.13             133.166             1012.13             19.6516             
143000              4530                1366.38             146                 1681.72             0                   
105000              3060                5975.47             237.516             589.85              1.12478             
76000               4200                3139.41             225.591             0.764774            113.725             
191000              3420                2593.93             202.408             406.421             0                   
74000               3840                2060.21             189.879             495.094             72.3087             
148000              3120                5862.4              228.186             139.571             0                   
124000              3450                1653.47             98.4173             1274.32             24.7507             
164000              3240                1916.34             191.439             1058.89             24.7486             
75000               3930                1957.85             137.126             271.227             47.1862             
102000              3750                4062.12             197.52              11.5831             67.5248             
82000               4350                3248.89             236.292             218.181             0                   
104000              3300                1790.65             111.956             1170.93             48.9277             
166000              4200                2521.11             194.614             177.805             8.23161             
164000              3180                1802.27             140.752             1322.55             20.8208             
55000               3360                2595.08             203.035             498.626             90.3223             
164000              3810                1607.6              186.385             1144.64             0                   
123000              4170                1517.29             97.4112             765.491             0                   
35000               3810                2563.68             129.695             775.968             37.9435             
146000              3960                2399.14             233.328             50.498              43.7956             
124000              3690                1577.22             95.9988             1167.71             44.4839             
162000              3060                6692.5              232.078             807.805             8.82315             
35000               4830                2969.74             188.438             69.8215             0                   
145000              4320                1967.18             142.865             126.83              49.2642             
121000              3000                4503.82             177.552             1332.99             43.673              
79000               2880                5532.83             197.52              1091.68             11.3162             
104000              4440                1481.15             155                 1328.42             10                  
123000              4860                1364.18             94.6601             1262.23             0                   
85000               3900                3719.96             173.316             62.8763             0                   
124000              3270                1805.87             183.382             1265.99             68.9873             
192000              4110                2932.08             223.063             242.852             0                   
121000              3030                3972.16             191.133             1721.64             0                   
188000              3090                6592                232.078             599.677             0.803016            
193000              3360                2700.82             222.742             329.214             37.3793             
35000               3930                2524.4              223.419             920.023             0                   
192000              3840                2655.45             223.063             39.254              38.6093             
35000               4320                1615.29             133.287             760.704             0                   
149000              3300                4726.46             211.11              299.513             14.3085             
35000               3210                2729.78             188.438             1098.22             0                   
76000               3510                3122.95             226.702             186.614             52.2532             
35000               3930                1621.51             144.606             829.292             18.927              
164000              3540                1684.98             155                 1418.78             0                   
124000              3960                2031.05             150.466             124.159             50.6034             
144000              3510                2514.58             139.588             337.386             12.7371             
121000              3120                4780.32             232.354             915.911             54.227              
35000               4560                1711.66             130.224             786.557             35.3251             
81000               4560                2895.91             141.638             338.607             0                   
99000               4290                3295.7              189.087             5.32935             32.1259             
123000              4800                1433.68             199.244             1178.52             19.8527             
76000               3030                4494.94             186.385             1515.43             43.673              
102000              4380                2185.01             224.817             573.575             0                   
169000              4080                3333.65             220.231             22.8766             42.2893             
123000              3480                4993.43             204.094             21.2553             17.9647             
145000              3120                3899.24             205.27              1812.63             7.10961             
55000               3480                2463.46             198                 865.894             90.7269             
35000               3240                2769.83             211                 904.47              79.4884             
35000               3420                2779.44             190.224             432.012             61.2227             
95000               3060                4556.33             218.892             904.079             67.1903             
121000              3060                4375.6              171.032             1359.61             0                   
78000               3690                2227.3              217.488             1141.17             1.63015             
124000              3510                1639.56             116.385             1384.61             42.0675             
143000              4470                2443.21             149.655             195.988             0.0725053           
54000               3180                3233.84             232.078             103.817             29.9029             
144000              3840                2331.92             111.808             967.239             1.63015             
124000              3720                1862.79             143.77              1009.79             54.8638             
187000              4320                3227.02             197.797             52.1689             0                   
164000              3480                1852.22             218.789             700.937             65.0047             
170000              4740                2895.09             176.817             29.4911             24.0549             
75000               3090                4372.65             191.133             1583.24             16.3852             
164000              3450                1627.29             213.606             1183.33             39.34               
143000              3480                1964.7              236.392             732.87              21.6605             
145000              3210                1992.95             122.456             1232.29             0                   
55000               3240                2762.91             221.865             921.216             98.1945             
164000              3990                2272.68             176.313             192.003             0.0236157           
164000              3510                1989.45             225.922             898.44              8.07777             
56000               2880                5083.32             194.229             1231.34             3.58988             
