54000               3360                4023.48             234.123             199.59              2.37963             
74000               3390                1903.2              239.735             837.886             44.3216             
54000               4560                1891.23             122.78              214.465             25.2048             
145000              3450                1690.69             146                 1296.06             65.2443             
54000               4230                1348.83             142.003             922.802             25.0577             
145000              3180                1745.41             135.298             1311.22             50.731              
145000              3120                1992.92             211.657             1419.57             69.3878             
145000              3660                1688.13             156.149             1461.14             0                   
74000               3660                1796.49             166.553             1038.38             75.2195             
54000               4320                2524.59             192.799             3.94541             48.7364             
74000               3660                1939.81             224.457             1011.04             74.9182             
121000              4350                1342.71             143.22              1385.22             26.8073             
103000              4620                2756.26             160.004             46.4404             6.83857             
193000              3000                5225.35             233.126             945.888             34.6132             
77000               3240                4190.37             233.126             1039.63             38.6694             
54000               4050                1437.49             123.898             933.795             0.385165            
167000              3030                6177.98             233.126             126.85              47.5131             
151000              3030                5767.31             231.877             597.43              4.26767             
75000               4380                2274.27             210.12              99.9592             85.3296             
145000              4620                1271.95             231.251             982.896             51.1677             
74000               3480                1969.82             205.442             1221.45             2.77954             
212000              3150                5706.36             230.559             774.386             0.0545618           
54000               4290                1345.37             130.803             1020.28             41.0723             
97000               3270                3118.85             232.678             56.3805             48.6233             
125000              4050                1554.71             172.591             641.505             34.9389             
125000              4290                1674.19             101.562             501.45              13.8986             
193000              3300                4913.37             207.962             810.869             0.0708832           
54000               3720                2088.22             150.301             687.011             65.9269             
212000              3150                4282.92             209.208             1114.6              3.99216             
54000               3000                4314.69             191.46              1281.18             0                   
54000               3210                1985.07             120.887             1070.57             48.6359             
74000               3240                1819.06             109.236             1289.17             48.1024             
35000               3750                2697.99             188.081             908.489             0                   
74000               4170                1644.85             97.4345             1332.43             0                   
168000              4440                2496.15             176.236             57.5599             0                   
54000               4380                1900.6              125.372             285.26              58.8476             
121000              4620                1314.94             146.248             943.55              45.4006             
145000              3840                1619.1              236.168             1302.31             80.5406             
121000              3030                3854.79             174.601             1735.67             5.20483             
172000              3210                5302.1              217.735             130.011             48.5092             
127000              3960                1501.13             229.85              738.62              91.0385             
145000              4440                1242.17             87.3782             1125.72             19.6133             
129000              3240                5870.63             222.688             293.026             1.57612             
77000               4530                2547.85             209.091             23.4001             4.95406             
77000               3030                4531.45             233.126             1110.77             0                   
54000               3390                4212.02             204.66              1183.32             0                   
145000              3090                3258.73             174.601             1770.41             0                   
119000              4110                2131.51             155.536             94.6415             62.2703             
54000               3360                2585.4              175.771             37.9617             27.7789             
149000              4140                2026.55             212.686             287.449             0                   
172000              3120                5883.37             233.126             67.869              16.7781             
104000              3270                2500.25             228.711             1152.76             0.602325            
99000               3270                2205.37             150.967             190.094             75.5772             
147000              3300                3727.47             186.548             651.407             1.79531             
145000              3210                1785.88             159.013             1147.82             85.3435             
165000              3240                5699.81             237.21              869.917             0                   
146000              3450                3226.06             228.763             241.844             0.0395324           
54000               3750                2468.21             117.047             823.851             0                   
193000              4290                2522.72             200.848             74.6983             0                   
95000               3060                3994.36             174.601             1223.38             8.18308             
74000               4320                1520.24             221.828             802.389             7.92177             
54000               3180                1902.3              132.936             1104.48             21.766              
123000              4440                1965.14             188.337             653.987             0                   
193000              3270                3883.88             230.007             838.074             17.2704             
54000               3810                2324.82             117.047             1028.73             52.2243             
35000               3630                3087.43             209.241             1026.78             32.2679             
99000               3300                2332.95             193.982             201.457             67.2458             
80000               4350                1822.27             123.113             376.934             52.9488             
74000               4080                1681.33             146                 1520.9              0                   
75000               4380                2187.1              171.375             125.105             64.2613             
125000              3420                2058.6              159.306             319.964             68.6601             
125000              3150                5809.95             237.735             518.995             47.7546             
170000              2940                4543.36             207.962             1156.11             0.0491755           
122000              3060                5285.76             234.663             1062.33             17.7371             
96000               4230                2499.5              238.731             46.8764             41.5808             
98000               4080                2125.11             116.618             1111.38             0                   
54000               3300                1898                132.5               1309.65             0                   
74000               4560                1629.58             98.0297             1364.4              27.2322             
145000              4320                2959.55             236.05              39.9337             0                   
35000               3570                3012.31             224.702             1097.77             0                   
145000              3360                2098.64             148.386             212.8               34.4953             
54000               3210                1999.78             202.955             982.541             60.1258             
54000               4620                1561.23             170.821             804.71              47.4361             
101000              4320                3490.09             198.751             200.981             0                   
54000               4860                2456.57             182.892             7.36958             1.91766             
145000              3870                2734.23             239.428             86.167              0                   
124000              3420                1879.48             120.408             1289.01             16.2456             
54000               3330                2426.32             121.865             507.884             17.4402             
145000              3090                3470.34             182.208             1687.05             53.8709             
145000              3060                3636.55             192.512             1710.81             27.3423             
118000              3810                3019.19             192.776             29.5074             57.2793             
54000               3000                4367.03             191.385             1290.84             51.2776             
99000               3390                2519.55             121.606             597.174             0.0395324           
119000              3930                1683.98             207.747             1440.74             23.6383             
145000              3540                1748.53             191.062             1286.98             50.731              
99000               3240                2269.46             210.414             124.285             85.113              
145000              4260                1301.52             154.198             1399.21             1.26268             
172000              3060                5342.51             206.356             276.737             1.57612             
73000               4470                2567.55             231.247             3.78569             47.8035             
100000              4560                1808.96             219.322             541.847             5.41641             
170000              3000                3828.01             232.556             1568.68             47.3472             
125000              4110                1651.74             226.652             377.414             50.107              
212000              3000                5446.97             236.664             950.516             3.98955             
80000               3150                3348.19             182.208             1822.39             20.2756             
74000               3900                1917.5              236.002             806.138             21.7785             
101000              3030                3688.06             220.786             1520                34.7738             
35000               3630                2666.2              238.255             769.077             0                   
145000              4620                1196.32             171.346             1034.22             21.2047             
101000              3510                2399.97             182.579             75.4329             0.0631481           
75000               4320                2252.09             215.189             39.9916             112.586             
125000              3090                3257.29             202.193             1826.23             0                   
121000              4620                1306.33             110.062             995.61              31.4031             
145000              4200                1442.27             97.5844             1007.45             0                   
116000              3090                4629.72             203.794             1129.44             36.6677             
193000              2940                3625.99             231.344             1761.04             36.3124             
145000              3270                2558.04             163.136             74.1741             51.0442             
54000               3960                1742.43             138.85              333.15              28.3048             
119000              3660                1932.17             237.388             1041.28             23.2914             
80000               4710                1557.62             188.72              796.938             47.4361             
80000               4380                1894.53             189.098             313.473             53.9529             
167000              3030                5825.65             199.877             226.684             28.0455             
145000              3600                1893.27             238.547             685.526             67.5346             
142000              3330                3234.5              237.947             59.0253             45.1678             
54000               4830                1439                121.737             1015.12             47.4242             
54000               3390                2415.32             189.573             307.29              0.0395324           
99000               3210                2370.39             145.357             114.697             49.6992             
54000               3570                2147.86             129.36              575.749             53.1389             
212000              3090                4668.96             217.735             906.555             1.57612             
74000               3750                1842.32             108.531             1320.67             29.4976             
103000              4530                2517.41             218.952             23.4001             20.7541             
35000               3390                2562.73             215.672             1030.02             56.5957             
35000               3330                2751.85             224.843             860.109             78.0001             
145000              4500                2052.38             155.598             294.722             0                   
145000              3810                1675.48             226.323             970.57              94.3605             
54000               4650                2381.26             131.029             200.013             0.18034             
148000              3090                5600.07             222.252             68.1042             41.0967             
54000               4410                2300.78             144.929             54.267              33.4448             
145000              3060                3685.55             238.548             1590.65             0.0407993           
193000              4290                2649.92             175.235             36.9406             18.7746             
125000              4350                1694.56             143.186             297.952             0                   
166000              3270                4243.12             239.292             680.703             27.4934             
54000               3030                4138.17             165.036             1231.9              27.3815             
145000              3300                1741.42             109.236             1304.83             0                   
170000              2940                4049.69             190                 1345.15             12.5596             
98000               3450                1780.7              149.167             950.722             66.5196             
166000              4290                2600.86             209.387             12.1439             40.0756             
193000              2940                3677.86             230.007             1578.35             2.19943             
124000              3390                1855.48             155                 1505.16             0                   
145000              3360                1824.02             162.278             894.282             74.0863             
170000              3000                4930.04             228.566             1075.82             52.0411             
148000              3270                5230.06             227.391             152.006             28.9094             
119000              4170                2303.23             143.167             28.3763             45.1178             
35000               3330                2691.75             233.971             819.021             43.0403             
147000              3210                2563.31             150.392             1232.05             1.67494             
145000              3390                1709.14             191.062             1269.97             85.7925             
78000               3840                1830.35             231.168             458.002             65.8389             
54000               3060                4206.51             217.681             1188.34             41.4952             
191000              3060                5582.63             233.126             79.9298             1.57612             
102000              3330                4426.85             202.425             166.605             2.37963             
167000              3090                5352.22             199.877             555.282             39.7868             
106000              3060                5671.33             237.735             1024.8              65.1008             
54000               3090                3614.8              165.036             1564.94             4                   
145000              4680                1282.97             199.367             972.927             5.41641             
54000               3660                1886.85             194.311             1304.57             0                   
54000               3120                3899.81             210.19              1130.44             78.7007             
54000               3450                4223.01             202.425             167.306             2.37963             
98000               3390                4427.6              228.186             1089.08             0                   
74000               4230                1636.2              95.9366             1270.43             50.8602             
193000              3120                4520.51             237.106             1119.61             0                   
147000              3150                2263.36             133.919             1366.45             22.6494             
150000              4020                2253.34             142.933             92.8462             0                   
125000              4080                1796.05             112.452             301.709             0                   
54000               4080                2566.7              154.647             58.0982             3.58941             
173000              3960                2068.76             190.853             305.033             14.8981             
145000              3510                1723.96             211.657             1061.4              106.157             
120000              3600                3115.31             239.866             64.8603             0.0236157           
167000              3180                5685.06             206.252             180.812             56.4451             
74000               4020                1918.72             219.761             223.623             35.5265             
187000              3300                3824.03             234.331             634.05              1.67494             
129000              3750                2245.75             125.615             374.698             18.5333             
74000               3330                1802.27             155                 1370.2              59.4754             
145000              4680                1178.55             135.154             1099.75             0                   
54000               3000                4114.9              165.036             1364.31             0                   
54000               3480                4459.21             215.283             49.4034             25.2206             
54000               4680                2098.22             199.031             513.311             0                   
150000              3000                5618.76             237.735             883.69              33.0789             
75000               3390                2324.44             203.554             148.718             90.3332             
145000              4320                1276.94             122.244             876.917             11.9862             
54000               4170                1989.6              178.95              211.938             50.1857             
142000              3360                2962.17             188.888             67.0559             25.9975             
74000               3270                2031.09             109.236             1278.02             0                   
80000               3300                3475.39             146.32              676.547             0.32843             
114000              4530                2761.66             238.775             3.78569             35.7506             
145000              4680                1214.48             97.6954             1051.36             6.4365              
54000               4530                1495.96             141.114             870.025             0                   
54000               3300                2775.06             165.494             112.123             47.8855             
124000              3780                1919.91             227.781             1013.7              52.7987             
74000               4470                1638                94.7611             1366.38             43.8161             
54000               4110                3569.08             197.395             11.2819             0                   
100000              3180                3998.36             165.036             1470.85             0                   
