0.00000277	0.70093458	0.14112093	0.75593992	0.00614999	0.21554022	
0.24376312	0.13084112	0.44952883	0.10773977	0.88866862	0.00000000	
0.00000554	0.71028037	0.20911934	0.07196057	0.00000000	0.00000000	
0.47368129	0.44859813	0.15545849	0.05162238	0.00000000	0.56582593	
0.00000554	0.31775701	0.30634413	0.10999756	0.00590848	0.04442404	
0.27423421	0.20560748	0.93908684	0.41090288	0.00870723	0.00000000	
0.57894504	0.58878505	0.10744150	0.69884861	0.00014803	0.59012442	
0.00001108	0.59813084	0.24163658	0.14555832	0.00071599	0.08896251	
0.00000000	0.29906542	0.43584514	0.14819859	0.24321253	0.20039797	
0.00000277	0.71028037	0.12207020	0.66141168	0.05614838	0.07081628	
0.50415238	0.09345794	0.62623306	0.12623721	0.76148446	0.00000000	
0.99445980	0.44859813	0.00641706	0.54073804	0.10380366	0.00000000	
0.00000831	0.13084112	0.36123160	0.17109849	0.01762668	0.10970423	
0.00000831	0.16822430	0.23872755	0.78784592	0.07166039	0.00901056	
0.00000277	0.56074766	0.26701607	0.51704209	0.00000000	0.00000000	
0.35733716	0.44859813	0.16337660	0.04502602	0.00142848	0.45418053	
0.00000277	0.65420561	0.12650416	0.26992817	0.01395401	0.12030336	
0.40719893	0.54205607	0.09609626	0.05567516	0.00931309	0.21840558	
0.48476169	0.74766355	0.09045693	0.85230719	0.00519602	0.22226811	
0.74792104	0.37383178	0.11931390	0.35972326	0.12991734	0.05106963	
0.35733716	0.54205607	0.13639106	0.04708867	0.00014803	0.00000000	
0.61495632	0.44859813	0.02966596	0.04741072	0.25955683	0.00000000	
0.73684065	0.74766355	0.07083132	0.03433543	0.00678879	0.59304234	
0.00000000	0.41121495	0.31237459	0.76714682	0.26745553	0.65334705	
0.00000000	0.60747664	0.21209758	0.96662104	0.09173282	0.24399558	
0.50415238	0.37383178	0.10207518	0.05685111	0.36472110	0.00000000	
0.88365587	0.09345794	0.88170558	0.19394485	0.22449347	0.00000000	
0.00000277	0.20560748	0.31278028	0.45058464	0.50470580	0.12219392	
0.48753179	0.16822430	0.19710137	0.42376665	0.80218943	0.04535017	
0.86149508	0.37383178	0.05372528	0.00908640	0.55220438	0.12564166	
0.62049651	0.41121495	0.06082223	0.03810502	0.16895711	0.00000000	
0.49584208	0.31775701	0.58559008	0.85026957	0.00000000	0.07508414	
0.21606214	0.67289720	0.91982850	0.40421846	0.00000000	0.00000000	
0.84487449	0.58878505	0.05625464	0.01168876	0.01470653	0.38632046	
0.00000000	0.79439252	0.36970575	0.19022275	0.01477704	0.02340194	
0.00000831	0.00000000	0.41300718	0.86897076	0.21908124	0.11866554	
0.48476169	0.14953271	0.58384562	0.10078079	0.87697255	0.00000000	
0.35179696	0.80373832	0.06415366	0.04828621	0.00171496	0.13981318	
0.97506911	0.09345794	0.35287916	0.10985682	0.98946819	0.00901056	
0.24376312	0.59813084	0.23712149	0.08623685	0.00000000	0.00000000	
0.00000277	0.24299065	0.32409187	0.09569883	0.25758011	0.20542736	
0.24376312	0.28037383	0.13812837	0.93077277	0.63013414	0.03905539	
0.47368129	0.49532710	0.06976674	0.43662091	0.00816925	0.55255787	
0.61495632	0.16822430	0.18067093	0.63016187	0.75105334	0.00000000	
0.22437243	0.70093458	0.07835448	0.86809010	0.00400738	0.65803705	
0.35733716	0.64485981	0.15919322	0.06426079	0.00000000	0.53981994	
0.00000000	0.26168224	0.50715351	0.19453196	0.38032215	0.00660429	
0.00000831	0.31775701	0.13412874	0.05342947	0.04502657	0.00000000	
0.60941612	0.41121495	0.09764409	0.05685111	0.23770622	0.00000000	
0.88088577	0.05607477	0.75599658	0.17963490	0.88505313	0.00000000	
0.72853035	0.69158879	0.02642020	0.04708867	0.01717538	0.06893443	
0.22437243	0.80373832	0.07176298	0.76683427	0.00196874	0.31063322	
0.72576025	0.41121495	0.13724539	0.23964967	0.03539973	0.02298265	
0.37949795	0.13084112	0.55263135	0.10238498	0.79503082	0.00000000	
0.00000000	0.33644860	0.71946300	0.20127078	0.05329406	0.18040803	
0.49861218	0.13084112	0.82933578	0.17374480	0.53121942	0.00000000	
0.22437243	0.50467290	0.24388697	0.12062080	0.00164533	0.12818775	
0.74792104	0.48598131	0.02869708	0.67784041	0.02421128	0.10039812	
0.00000554	0.00000000	0.38654188	0.67935740	0.34215652	0.25877141	
0.35179696	0.54205607	0.11362708	0.04774054	0.04805805	0.58269521	
0.22437243	0.90654206	0.07723645	0.88160227	0.00187228	0.42030681	
0.00000277	0.24299065	0.35362133	0.68154698	0.21189777	0.10950494	
0.00000554	0.31775701	0.29229294	0.11826804	0.00162709	0.13740255	
0.89473626	0.26168224	0.35372633	0.05738901	0.73624838	0.13648333	
0.00000000	0.74766355	0.34148882	0.50703876	0.13897904	0.05417332	
0.62049651	0.44859813	0.06105324	0.04116059	0.02448658	0.00000000	
0.62880681	0.70093458	0.17275043	0.04643854	0.00137679	0.41899577	
0.00000000	0.56074766	0.32856878	0.11582463	0.10208811	0.28944638	
0.00000000	0.33644860	0.55070791	0.15001604	0.05374435	0.00000000	
0.00000277	0.75700935	0.11541927	0.23753262	0.01438072	0.02362060	
0.00000000	0.66355140	0.28982778	0.12758238	0.09346757	0.43163309	
0.86426518	0.48598131	0.11583212	0.81095044	0.00351527	0.00000000	
0.23822293	0.05607477	0.95696584	0.20565425	0.81708250	0.00000000	
0.00000000	0.48598131	0.42446435	0.22795236	0.28566987	0.00000000	
0.24376312	0.70093458	0.35601490	0.46290619	0.00000000	0.48439746	
0.00001108	0.44859813	0.11929003	0.68021908	0.03676223	0.00000000	
0.00000000	0.75700935	0.28677556	0.87114653	0.13043748	0.13122912	
0.50415238	0.44859813	0.12681439	0.06759696	0.00690075	0.53673983	
0.36287736	0.48598131	0.07823373	0.04708867	0.01269475	0.25866929	
0.37395775	0.31775701	0.08850723	0.04965556	0.11779049	0.48376972	
0.00000277	0.03738318	0.43393601	0.81638121	0.03186448	0.13056369	
0.00000277	0.20560748	0.40830834	0.12840347	0.37673498	0.19460417	
0.00001108	0.18691589	0.24409459	0.47647794	0.29567211	0.07517034	
0.37395775	0.31775701	0.07598334	0.04965556	0.50817970	0.44803382	
0.47368129	0.85046729	0.06785045	0.04708867	0.00643680	0.08370590	
0.00000831	0.41121495	0.29194452	0.45317656	0.00276870	0.00000000	
0.35179696	0.58878505	0.05377039	0.04741072	0.01658155	0.34042515	
0.00000000	0.44859813	0.24899866	0.98383719	0.01532522	0.36729165	
0.00000000	0.16822430	0.61827915	0.27901629	0.45087933	0.31537878	
0.22437243	0.79439252	0.08456273	0.85327419	0.00448758	0.29033692	
0.00001108	0.24299065	0.36049897	0.10463154	0.29885305	0.00000000	
0.24376312	0.70093458	0.07486579	0.07205468	0.00683051	0.40067279	
0.37395775	0.31775701	0.09892058	0.05888959	0.37070916	0.00000000	
0.00000554	0.51401869	0.20775192	0.09452461	0.00284777	0.00000000	
0.62049651	0.70093458	0.03151782	0.00795966	0.47068430	0.00000000	
0.51246267	0.31775701	0.07505479	0.40632687	0.13244976	0.59038122	
0.73130045	0.58878505	0.11161295	0.04251008	0.00152846	0.35227404	
0.62049651	0.20560748	0.90612811	0.25845102	0.00806469	0.00000000	
0.60941612	0.48598131	0.06950782	0.07572499	0.01355322	0.29621631	
0.37949795	0.81308411	0.43496694	0.46290619	0.00000000	0.00000000	
0.00001108	0.16822430	0.24450744	0.12959151	0.01904713	0.00000000	
0.00000000	0.29906542	0.74793766	0.81381692	0.08380832	0.11746803	
0.00000831	0.44859813	0.12069086	0.64400213	0.06826233	0.14110079	
0.60110582	0.64485981	0.08977776	0.19844747	0.00160814	0.00000000	
0.22437243	0.16822430	0.35094139	0.07465006	0.70718914	0.00000000	
0.48753179	0.44859813	0.04803011	0.66141168	0.25028965	0.09645209	
0.61772641	0.16822430	0.41758432	0.12098775	0.61478167	0.00000000	
0.35179696	0.58878505	0.05318452	0.04828621	0.01548784	0.32224784	
0.00000277	0.00000000	0.50548302	0.69985360	0.34570908	0.16396825	
0.00000554	0.75700935	0.12240907	0.14738700	0.01580867	0.02362060	
0.00001108	0.22429907	0.20733907	0.64494755	0.22863005	0.02977751	
0.35733716	0.69158879	0.03752799	0.04741072	0.03111026	0.02862296	
0.00000000	0.26168224	0.36438643	0.96260625	0.07317739	0.77464878	
0.88365587	0.74766355	0.08053781	0.02911187	0.01030132	0.36314829	
0.22437243	0.74766355	0.08754885	0.05859000	0.15924468	0.00000000	
0.37395775	0.31775701	0.26002866	0.51482316	0.00479328	0.16352373	
0.00000277	0.41121495	0.12382422	0.63215804	0.06712419	0.09864346	
0.00000277	0.42990654	0.14066989	0.36291869	0.35237367	0.00991996	
0.35733716	0.80373832	0.04541819	0.04741072	0.00918540	0.25586700	
0.00000000	0.26168224	0.44624751	0.82086224	0.03643466	0.58361279	
0.35733716	0.31775701	0.09404753	0.04163373	0.28163588	0.00300352	
0.36287736	0.33644860	0.19455268	0.04662330	0.79562554	0.00000000	
0.84487449	0.48598131	0.02965952	0.01045264	0.03124761	0.13004948	
0.24376312	0.74766355	0.09651889	0.04741072	0.00000000	0.00000000	
0.00000000	0.29906542	0.39189221	0.10862130	0.30766585	0.29757240	
0.35733716	0.41121495	0.09186110	0.29499433	0.06953137	0.05963973	
0.47645139	0.41121495	0.52057469	0.77304987	0.00000000	0.34767415	
0.39057834	0.41121495	0.11791307	0.05203594	0.17815254	0.00901056	
0.75069114	0.74766355	0.09083733	0.02951939	0.00629329	0.23512769	
0.37395775	0.89719626	0.08158712	0.04708867	0.00319394	0.06893443	
0.75069114	0.69158879	0.02384264	0.01735438	0.02295262	0.00000000	
0.48476169	0.39252336	0.87891348	0.40440754	0.00000000	0.42269311	
0.37672785	0.31775701	0.12403661	0.04644026	0.31826721	0.00000000	
0.38226805	0.09345794	0.61667548	0.10622537	0.90228415	0.00000000	
0.99445980	0.69158879	0.04744353	0.01576746	0.01156977	0.19047884	
0.24376312	0.54205607	0.15433926	0.78032572	0.00000000	0.00000000	
0.00000831	0.16822430	0.23992791	0.73581239	0.15303195	0.33365221	
0.24376312	0.20560748	0.22777869	0.08318561	0.92014764	0.44690600	
0.46537100	0.71962617	0.31618808	0.45826543	0.00000000	0.00000000	
0.35179696	0.80373832	0.05205503	0.04708867	0.00295671	0.16843599	
0.00000831	0.28037383	0.21960762	0.08053325	0.09839175	0.01490005	
0.75069114	0.48598131	0.01366221	0.00318110	0.03700043	0.02563581	
0.00000831	0.24299065	0.28061862	0.08960756	0.36320442	0.16448336	
0.24099302	0.29906542	0.94070722	0.38368082	0.00000000	0.00000000	
0.49030189	0.54205607	0.05920974	0.13024251	0.01461568	0.00000000	
0.22437243	0.74766355	0.09908262	0.95303116	0.00277709	1.00000000	
0.62326661	0.48598131	0.08126495	0.77112708	0.00694014	0.52465215	
0.48753179	0.48598131	0.04315444	0.04741072	0.01665933	0.00000000	
0.60664602	0.09345794	0.68515356	0.11450018	0.71430999	0.00000000	
0.00000554	0.13084112	0.33452765	0.10875772	0.04139157	0.30914948	
0.00001108	0.13084112	0.25397433	0.59902084	0.17405687	0.00000000	
0.61772641	0.13084112	0.41359185	0.10108125	0.76744735	0.14643384	
0.38226805	0.31775701	0.25830805	0.07333769	0.00195018	0.22313913	
0.70636956	0.58878505	0.04767669	0.04708867	0.00836541	0.50323254	
0.35733716	0.48598131	0.06171642	0.72199112	0.03070881	0.18903564	
0.00000277	0.50467290	0.08585808	0.62964469	0.32678517	0.05912838	
0.72576025	0.05607477	0.52065105	0.14762702	0.91879458	0.00000000	
0.00000000	0.16822430	0.56555616	0.22236532	0.58981935	0.10454388	
0.48753179	0.35514019	0.14048614	0.04564680	0.01261508	0.19921908	
0.00000831	0.59813084	0.09301827	0.03376990	0.16887530	0.00000000	
0.72576025	0.09345794	0.70531158	0.13494025	0.67654398	0.00000000	
0.00000831	0.59813084	0.13029378	0.25801501	0.00936579	0.10252401	
0.37118765	0.69158879	0.37024746	0.87751840	0.00000000	0.10705467	
0.24376312	0.41121495	0.12877125	0.05552493	0.04030063	0.00000000	
0.00000000	0.14953271	0.49142706	0.85934388	0.17215976	0.16572531	
0.35733716	0.80373832	0.06160545	0.04708867	0.00319394	0.15653604	
0.00000000	0.20560748	0.51392614	0.40188556	0.35783310	0.21193750	
0.99445980	0.48598131	0.00000000	0.00163087	0.04059862	0.03498682	
0.48476169	0.58878505	0.06271490	0.04708867	0.00491071	0.42956967	
0.00000000	0.50467290	0.31387565	0.96153563	0.01926866	0.21671760	
0.37395775	0.31775701	0.34145541	0.16792118	0.00109372	0.00000000	
0.35733716	0.89719626	0.08643869	0.04826376	0.00089730	0.47869978	
0.00001108	0.03738318	0.30921021	0.48052382	0.16730512	0.08982482	
0.00001108	0.56074766	0.16775328	0.05879289	0.02858870	0.00000000	
0.87534557	0.69158879	0.09797771	0.11430160	0.00845928	0.06666677	
0.51246267	0.31775701	0.13340088	0.45579266	0.09712711	0.00901056	
0.48199159	0.41121495	0.50643758	0.88629916	0.00000000	0.63327001	
0.00000831	0.03738318	0.36003362	0.65311011	0.09276524	0.14601305	
0.00000000	0.35514019	0.46208851	0.97235401	0.01367946	0.36173814	
0.35179696	0.69158879	0.03948652	0.04828621	0.01548784	0.00000000	
0.00000277	0.54205607	0.18997316	0.40153070	0.00551352	0.00000000	
0.99445980	0.69158879	0.10493195	0.04708867	0.00064352	0.44433799	
0.75900143	0.58878505	0.00403781	0.62535101	0.03661748	0.01201409	
0.00000554	0.35514019	0.19922050	0.07439104	0.00427824	0.06847248	
0.00000277	0.03738318	0.46161362	0.74291643	0.09673158	0.07033917	
0.63711710	0.69158879	0.00917551	0.00968387	0.03245322	0.02413780	
0.00000277	0.59813084	0.39076821	0.61571722	0.00000000	0.23567283	
0.64819750	0.48598131	0.00798446	0.00648386	0.03547997	0.00000000	
0.24376312	0.85046729	0.34698233	0.25055611	0.00000000	0.00000000	
0.00000554	0.35514019	0.12997400	0.65614582	0.04051806	0.07658980	
0.00000000	0.22429907	0.29937104	0.97181870	0.39193641	0.55873912	
0.00000277	0.31775701	0.12386001	0.04700838	0.26784099	0.15433746	
0.22437243	0.09345794	0.76802170	0.17038964	0.61245315	0.00000000	
0.38503814	0.29906542	0.20432026	0.04708867	0.64203475	0.09669057	
0.24376312	0.51401869	0.29030506	0.11489302	0.00000000	0.01060929	
0.35733716	0.80373832	0.07688612	0.04076688	0.46015878	0.00300352	
0.00000000	0.37383178	0.58190308	0.43434586	0.02123569	0.00000000	
0.50415238	0.44859813	0.18028910	0.05076416	0.00000000	0.12853270	
0.00000554	0.03738318	0.31130310	0.10991813	0.12605295	0.06346877	
0.64819750	0.35514019	0.11417595	0.13435660	0.02992895	0.48376972	
0.75623134	0.16822430	0.34772212	0.09396858	0.73346360	0.26194914	
0.21606214	0.85981308	0.86624163	0.47131741	0.00000000	0.34242850	
0.00000554	0.13084112	0.21333851	0.12653508	0.32900985	0.13067497	
0.22437243	0.80373832	0.08578720	0.69155980	0.00429822	0.57769735	
0.00000000	0.20560748	0.78304894	0.79402439	0.22500008	0.23283750	
0.63988720	0.13084112	0.35110367	0.06925037	0.85470061	0.33380839	
0.35733716	0.44859813	0.16811363	0.91385881	0.00100181	0.04876638	
0.22437243	0.51401869	0.15557065	0.04708867	0.00136751	0.02544839	
0.37118765	0.65420561	0.06475361	0.01457243	0.25641931	0.00000000	
0.00000831	0.00000000	0.37821092	0.72533247	0.31901925	0.06652365	
0.51246267	0.69158879	0.02021839	0.04828621	0.02674159	0.01672271	
0.00000000	0.70093458	0.25597892	0.08876661	0.08192883	0.38025635	
0.00000277	0.71028037	0.10043261	0.04828621	0.17778785	0.00000000	
0.35733716	0.55140187	0.12555914	0.79255920	0.00223056	0.64360963	
0.38503814	0.28037383	0.27168628	0.11281828	0.06197156	0.14973546	
0.88365587	0.39252336	0.06780941	0.00598939	0.67915569	0.15944495	
0.00000831	0.24299065	0.32232354	0.11622266	0.25332993	0.00600704	
0.47922149	0.41121495	0.30979488	0.32065883	0.00000000	0.00000000	
0.00000831	0.46728972	0.10155971	0.03558217	0.21478104	0.10545154	
0.37395775	0.31775701	0.19287981	0.05220258	0.02331464	0.00000000	
0.35733716	0.94392523	0.07756434	0.04132118	0.10767875	0.00000000	
0.00000277	0.55140187	0.10319106	0.85658101	0.05500238	0.13775937	
0.35733716	0.44859813	0.06384820	0.04741072	0.01620914	0.00000000	
0.24376312	0.41121495	0.18646513	0.49989674	0.00133093	0.45743184	
0.88365587	0.69158879	0.03011675	0.03722867	0.02119620	0.18565218	
0.23545283	0.57943925	0.86749450	0.42213655	0.00000000	0.00000000	
0.00000277	0.60747664	0.12203441	0.35803100	0.11268475	0.07697110	
0.00000000	0.20560748	0.52530933	0.46897847	0.29055913	0.27683759	
0.24376312	0.39252336	0.09361368	0.06944118	0.00435071	0.31538028	
0.47368129	0.64485981	0.09921029	0.78176501	0.00160814	0.17056849	
0.49584208	0.41121495	0.05326065	0.04741072	0.17772240	0.05316308	
0.35733716	0.79439252	0.06702523	0.68695876	0.00399655	0.05797668	
0.50969257	0.80373832	0.11017633	0.03102171	0.15149292	0.00000000	
0.49307198	0.31775701	0.26740744	0.32497582	0.00516650	0.00000000	
0.00000277	0.44859813	0.16287068	0.06879277	0.00499423	0.10275573	
0.70636956	0.69158879	0.05609714	0.04828621	0.00523063	0.24457977	
0.22437243	0.37383178	0.15749648	0.04741072	0.44724181	0.00000000	
0.35733716	0.80373832	0.06169041	0.04708867	0.00186300	0.25586700	
0.50415238	0.31775701	0.38203633	0.10279768	0.00000000	0.44306900	
0.00000831	0.31775701	0.14898415	0.44840456	0.02754489	0.02296763	
0.50138228	0.85046729	0.08998967	0.05259802	0.00607702	0.00000000	
0.00000000	0.26168224	0.49153922	0.37404184	0.46165029	0.10770358	
0.75346124	0.64485981	0.09231022	0.10862130	0.00950698	0.00000000	
0.37118765	0.90654206	0.17323487	0.62745339	0.00000000	0.14929019	
0.50969257	0.28037383	0.09383561	0.38191862	0.41288676	0.02102465	
0.86426518	0.09345794	0.59765817	0.10819478	0.87063521	0.00000000	
0.22437243	0.16822430	0.52949987	0.10558387	0.62385344	0.09141323	
0.00000554	0.11214953	0.27453804	0.12653508	0.60737133	0.02869715	
0.62326661	0.31775701	0.16645269	0.05035491	0.06152631	0.51003251	
0.00000000	0.56074766	0.26588014	0.60867449	0.40190812	0.01820900	
0.00000554	0.24299065	0.25115598	0.44493888	0.38389045	0.00000000	
0.35733716	0.44859813	0.15030622	0.95821155	0.00238735	0.38472259	
0.36010726	0.64485981	0.15380709	0.84567629	0.00000000	0.49919280	
0.22437243	0.09345794	0.67252944	0.13183116	0.74294759	0.00000000	
0.00000277	0.16822430	0.71102942	0.27274112	0.46623809	0.00000000	
0.00000277	0.74766355	0.15437506	0.31596971	0.00000000	0.05758637	
0.00000554	0.20560748	0.56687823	0.18999395	0.20610166	0.00000000	
0.61495632	0.26168224	0.16248408	0.28532169	0.69334076	0.37257184	
0.60941612	0.48598131	0.04811531	0.01457243	0.01420303	0.04941679	
0.50969257	0.58878505	0.02110781	0.64879140	0.02932492	0.05912838	
0.48476169	0.42056075	0.07763307	0.83724953	0.24379120	0.46834513	
0.22437243	0.64485981	0.09331681	0.39308753	0.00648095	0.00000000	
0.00000831	0.59813084	0.25445161	0.14578108	0.00049549	0.01234863	
0.74515094	0.79439252	0.02929344	0.01821976	0.01528111	0.10207814	
0.00000831	0.70093458	0.07972906	0.54033829	0.17796091	0.01916878	
0.51246267	0.31775701	0.07186177	0.04828621	0.30699121	0.00000000	
0.85872498	0.09345794	0.87803289	0.19255392	0.60652803	0.00000000	
0.57894504	0.48598131	0.04122025	0.67213249	0.02084173	0.09355715	
0.47645139	0.44859813	0.10343829	0.05888959	0.01386436	0.00000000	
0.75900143	0.20560748	0.92241060	0.29401265	0.00337594	0.16097825	
0.72022006	0.09345794	0.52806086	0.09625399	0.88873156	0.03299098	
0.72022006	0.69158879	0.05570815	0.66090314	0.00992596	0.08796053	
0.36287736	0.44859813	0.06678588	0.04708867	0.23203408	0.00000000	
0.48199159	0.78504673	0.40465952	0.42731694	0.00000000	0.00000000	
0.48476169	0.66355140	0.07139213	0.21497463	0.00730745	0.13981318	
0.22437243	0.50467290	0.18491635	0.40328512	0.00287581	0.35723586	
0.00000277	0.64485981	0.14029284	0.83135253	0.00843159	0.66307395	
0.37395775	0.51401869	0.05993091	0.38307126	0.24471757	0.00000000	
0.75346124	0.48598131	0.12674041	0.88260381	0.00014803	0.22663373	
0.62326661	0.41121495	0.11262479	0.11537394	0.07013836	0.00000000	
0.37395775	0.28037383	0.13554627	0.04847961	0.41080998	0.07585409	
0.00000554	0.00000000	0.28585917	0.71850299	0.34140762	0.09216576	
0.22437243	0.69158879	0.09926112	0.81187427	0.00228225	0.58017676	
0.61495632	0.54205607	0.12664495	0.76734713	0.00000000	0.11697185	
0.63988720	0.22429907	0.36552475	0.06275157	0.74684628	0.38063179	
0.73684065	0.44859813	0.02276183	0.00222869	0.13940635	0.04606321	
0.57894504	0.58878505	0.12394354	0.88386437	0.00000000	0.32263078	
0.35733716	0.59813084	0.17347351	0.04728553	0.00000000	0.00000000	
0.24376312	0.64485981	0.11850729	0.85772069	0.00385744	0.76201296	
0.00000277	0.60747664	0.23120558	0.13967685	0.00020900	0.00600704	
0.64819750	0.33644860	0.06597760	0.28770207	0.42622538	0.00000000	
0.00000000	0.65420561	0.55370524	0.23192313	0.00000000	0.03422363	
0.64819750	0.79439252	0.02042315	0.01280289	0.02315618	0.19047884	
0.00000831	0.64485981	0.14984087	0.47734738	0.01285920	0.04951005	
0.72299016	0.09345794	0.58664965	0.13121469	0.76493003	0.00000000	
0.49307198	0.54205607	0.11562212	0.95568180	0.00380769	0.31343250	
0.00000000	0.46728972	0.48525102	0.81686471	0.00335954	0.16445933	
0.00000554	0.22429907	0.20238488	0.72694271	0.20305382	0.25908978	
0.00000277	0.74766355	0.16548142	0.40773508	0.01943612	0.00000000	
0.47368129	0.35514019	0.10863709	0.04708867	0.10494463	0.49889846	
0.00000000	0.66355140	0.50329229	0.16340993	0.01686012	0.15755273	
0.36010726	0.81308411	0.17081505	0.48827540	0.00000000	0.46358455	
0.48476169	0.48598131	0.03057733	0.04741072	0.02263034	0.00000000	
0.24376312	0.70093458	0.10688308	0.05940763	0.00435071	0.95144807	
0.86426518	0.37383178	0.06940472	0.06107744	0.51620678	0.09847151	
0.37395775	0.31775701	0.15772319	0.44251619	0.02887592	0.00000000	
0.00000000	0.37383178	0.36006703	0.35974052	0.08510788	0.00000000	
0.50415238	0.24299065	0.17859713	0.83256128	0.57363617	0.17357802	
0.48476169	0.64485981	0.11785341	0.79255920	0.00414306	0.13527126	
0.70636956	0.48598131	0.11609463	0.10936296	0.00130605	0.50035817	
0.37395775	0.31775701	0.08703243	0.32570021	0.30083606	0.02102465	
0.37395775	0.84112150	0.15442756	0.04679857	0.00025378	0.00000000	
0.63988720	0.13084112	0.44013830	0.14366575	0.81103779	0.00000000	
0.51800287	0.54205607	0.12344000	0.23687040	0.00931309	0.07647837	
0.73684065	0.69158879	0.09001926	0.06564482	0.00049549	0.25951778	
0.35733716	0.70093458	0.05820840	0.54944281	0.00621371	0.25329449	
0.36287736	0.44859813	0.04750319	0.04708867	0.33081602	0.00000000	
0.86426518	0.41121495	0.27003727	0.07151506	0.00000000	0.00000000	
0.50969257	0.44859813	0.05625655	0.01231205	0.26803797	0.01709785	
0.86426518	0.69158879	0.03360330	0.03230644	0.02125019	0.32049828	
0.51246267	0.69158879	0.07943935	0.65408489	0.00449092	0.07081628	
0.70636956	0.48598131	0.12626313	0.14766328	0.00160814	0.27857363	
0.00000831	0.37383178	0.13120777	0.30538187	0.20634993	0.04535753	
0.24099302	0.29906542	0.92986336	0.30364730	0.00000000	0.18404379	
0.47645139	0.59813084	0.10385448	0.64784857	0.00316417	0.88095091	
0.86426518	0.37383178	0.07824447	0.46259191	0.29035460	0.29502842	
0.87534557	0.79439252	0.04515210	0.02842979	0.00960676	0.44737755	
0.00000000	0.57943925	0.50511790	0.52690036	0.00614030	0.00431043	
0.00000000	0.37383178	0.55992423	0.16858859	0.03659703	0.19420471	
0.22437243	0.85981308	0.15253275	0.06080029	0.00282966	0.00000000	
0.35733716	0.09345794	0.67059406	0.15029406	0.71607840	0.00000000	
0.74515094	0.58878505	0.01550786	0.00122421	0.03890761	0.31011511	
0.76177153	0.59813084	0.03310120	0.00318110	0.40004217	0.00000000	
0.75623134	0.55140187	0.11516631	0.05011575	0.00693404	0.00000000	
0.99445980	0.59813084	0.36959358	0.43866975	0.00000000	0.00000000	
0.86426518	0.58878505	0.12241623	0.06965098	0.00000000	0.30887466	
0.00000000	0.24299065	0.57169878	0.75324525	0.23139343	0.00300352	
0.74515094	0.58878505	0.08638333	0.12450091	0.01182984	0.06311871	
0.24376312	0.49532710	0.08271828	0.06944118	0.00812668	0.90602732	
0.63711710	0.51401869	0.02785109	0.85110707	0.23592837	0.02946635	
0.88919606	0.79439252	0.09581108	0.04964692	0.00014803	0.17094844	
0.59002543	0.71028037	0.18297143	0.04542750	0.00121948	0.00000000	
0.37395775	0.58878505	0.02915646	0.04828621	0.02277908	0.00000000	
0.48476169	0.31775701	0.14667411	0.36035872	0.01874282	0.00873589	
0.37395775	0.79439252	0.04488649	0.04828621	0.01045535	0.19047884	
0.22437243	0.64485981	0.12446139	0.04679857	0.00251826	0.17618658	
0.86149508	0.31775701	0.42155054	0.75596064	0.00000000	0.13673037	
0.35733716	0.64485981	0.11978879	0.73168362	0.00310489	0.29887143	
0.35733716	0.41121495	0.07761875	0.04721041	0.38707800	0.17998453	
0.47368129	0.70093458	0.08521613	0.06060776	0.00452245	0.79036170	
0.36841755	0.09345794	0.54654600	0.09251203	0.98051284	0.00000000	
0.70636956	0.48598131	0.01898080	0.04708867	0.03072046	0.00000000	
0.73684065	0.73831776	0.17991921	0.52250049	0.00000000	0.00000000	
0.72576025	0.09345794	0.55311579	0.20001109	0.86236269	0.00000000	
0.00000277	0.55140187	0.13918793	0.04708867	0.01245366	0.16934756	
0.77562203	0.31775701	0.26210245	0.16969806	0.00433431	0.00000000	
0.48476169	0.80373832	0.13050139	0.04708867	0.00529300	0.00000000	
0.99445980	0.41121495	0.27950177	0.33728096	0.00000000	0.10378203	
0.48476169	0.28037383	0.10371631	0.05462096	0.67210092	0.27182471	
0.72576025	0.31775701	0.27475759	0.64249464	0.00025378	0.03790790	
0.22160234	0.13084112	0.58802184	0.10298591	0.80502771	0.20393461	
0.35733716	0.70093458	0.07415058	0.78176501	0.00423928	0.34420358	
0.00000554	0.37383178	0.12349728	0.46143755	0.30226118	0.15433746	
0.00000277	0.28037383	0.40099160	0.11714649	0.05636267	0.00323511	
0.00000831	0.54205607	0.15135386	0.40597806	0.01833027	0.00000000	
0.61495632	0.69158879	0.03681684	0.66090314	0.01567809	0.14017240	
0.60941612	0.69158879	0.02978934	0.67213249	0.02141316	0.11027970	
0.22160234	0.67289720	0.85619484	0.31781134	0.00000000	0.05526660	
0.49307198	0.61682243	0.57258414	0.44431724	0.00000000	0.00000000	
0.24376312	0.46728972	0.15178341	0.48926918	0.03907942	0.00000000	
0.60110582	0.69158879	0.06065041	0.64879140	0.00128472	0.20415687	
0.24376312	0.13084112	0.69247269	0.13325318	0.66693728	0.00000000	
0.74515094	0.44859813	0.03056802	0.72533247	0.21556015	0.02460665	
0.47368129	0.44859813	0.05280222	0.04708867	0.01624631	0.00000000	
0.00000554	0.41121495	0.31450566	0.20248299	0.00340382	0.00000000	
0.48476169	0.58878505	0.02685286	0.04741072	0.02277908	0.00000000	
0.48476169	0.80373832	0.04151640	0.04708867	0.00734565	0.20874776	
0.37672785	0.69158879	0.07656157	0.69608228	0.00714728	0.23500905	
0.00000277	0.60747664	0.08689688	0.04828621	0.25835481	0.07508474	
0.00000277	0.70093458	0.10425134	0.04708867	0.01224718	0.07506461	
0.61495632	0.48598131	0.02428651	0.66090314	0.03344221	0.07123798	
0.72853035	0.44859813	0.04231155	0.04662330	0.05995079	0.00000000	
0.00000000	0.46728972	0.29064154	0.09338924	0.21186914	0.00600704	
0.37672785	0.31775701	0.18581364	0.04514948	0.03094107	0.01802113	
0.00000554	0.54205607	0.14975258	0.63307411	0.01462365	0.18120096	
0.00000277	0.31775701	0.19065567	0.07121373	0.00631893	0.00000000	
0.86426518	0.89719626	0.03639349	0.01375090	0.01856390	0.06311871	
0.00000000	0.52336449	0.47048629	0.18503545	0.00982052	0.00431043	
0.00000831	0.03738318	0.30445171	0.76446683	0.32524331	0.34301268	
0.88919606	0.48598131	0.03307256	0.01122995	0.02216643	0.21840558	
0.35179696	0.85046729	0.11438834	0.04285544	0.00000000	0.04123099	
0.35733716	0.59813084	0.07839577	0.04076688	0.38945056	0.00000000	
0.35733716	0.48598131	0.07118284	0.83883818	0.01048716	0.04736659	
0.37395775	0.37383178	0.14656672	0.04818951	0.31917029	0.00000000	
0.37118765	0.74766355	0.08330199	0.03198267	0.01888911	0.42481960	
0.48476169	0.31775701	0.20163794	0.05847171	0.00025378	0.06448261	
0.35733716	0.58878505	0.05114653	0.04741072	0.01080799	0.31225061	
0.00000000	0.37383178	0.38609323	0.11611905	0.19044459	0.19400197	
0.00000000	0.46728972	0.59677042	0.17392611	0.01815034	0.00000000	
0.62603671	0.42056075	0.07506314	0.03742898	0.26294702	0.62335839	
0.37395775	0.69158879	0.11791546	0.06484186	0.00000000	0.28217785	
0.37395775	0.28037383	0.13555581	0.37287712	0.38246816	0.06684352	
0.37395775	0.44859813	0.25293624	0.11786570	0.00000000	0.00106748	
0.22437243	0.89719626	0.08614898	0.89293868	0.00405753	0.19936325	
0.47368129	0.55140187	0.04733328	0.62584747	0.28495433	0.33949256	
0.74515094	0.48598131	0.01271313	0.00326157	0.03775972	0.00000000	
0.00000277	0.26168224	0.24304695	0.75726610	0.10279799	0.50718668	
0.88088577	0.09345794	0.25307465	0.52055871	0.96713331	0.38372842	
0.63988720	0.74766355	0.16488243	0.04563989	0.00252698	0.00654401	
0.00000554	0.51401869	0.13926191	0.47830920	0.02132074	0.23238097	
0.37118765	0.78504673	0.40244493	0.77863346	0.00000000	0.00664610	
0.37118765	0.69158879	0.07965293	0.95740859	0.00000000	0.49842991	
0.48199159	0.61682243	0.12672132	0.42100723	0.00741761	0.00000000	
0.37395775	0.80373832	0.41167079	0.45268529	0.00000000	0.00000000	
0.62326661	0.54205607	0.02711966	0.83724953	0.29701100	0.00000000	
0.00000277	0.85046729	0.11173704	0.05596613	0.05755493	0.05495078	
0.00000554	0.37383178	0.16361763	0.04813684	0.30542230	0.00000000	
0.00000000	0.09345794	0.85398263	0.19311167	0.58083254	0.01710445	
0.71467986	0.13084112	0.87812119	0.21332641	0.18221769	0.00000000	
0.00000000	0.29906542	0.67472494	0.46283453	0.16519372	0.00319391	
0.78116222	0.33644860	0.10287510	0.04042497	0.44581323	0.00000000	
0.51246267	0.74766355	0.03446837	0.04708867	0.20705383	0.00000000	
0.00000000	0.33644860	0.45783831	0.43591810	0.15474309	0.31012712	
0.50969257	0.31775701	0.08028700	0.04858149	0.30193959	0.48202918	
0.61495632	0.58878505	0.11456732	0.83655018	0.00000000	0.53093252	
0.00000000	0.51401869	0.40738957	0.17750231	0.02290199	0.28212379	
0.61495632	0.24299065	0.68302011	0.37777086	0.00000000	0.01475087	
0.84210439	0.58878505	0.02057063	0.01174540	0.02987121	0.05220706	
0.00000554	0.46728972	0.11317843	0.03243682	0.39670987	0.01501761	
0.00000831	0.26168224	0.24080134	0.12605244	0.08121108	0.40228418	
0.00000277	0.70093458	0.21276339	0.94750542	0.00133093	0.09769134	
0.35733716	0.55140187	0.05427487	0.29499433	0.07069059	0.31105071	
0.00000000	0.52336449	0.62297799	0.18653345	0.00505716	0.10864684	
0.00000831	0.24299065	0.34032186	0.25231745	0.24345105	0.02939727	
0.88365587	0.48598131	0.00264033	0.00163087	0.03965462	0.03654250	
0.00000277	0.16822430	0.66924335	0.55841438	0.48134513	0.00506353	
0.00000554	0.24299065	0.40232083	0.11656370	0.11813599	0.14536008	
0.40719893	0.64485981	0.10179167	0.05567516	0.00931309	0.00000000	
0.00000000	0.24299065	0.47916806	0.37477919	0.23909798	0.25601267	
0.00000277	0.76635514	0.10956779	0.28003683	0.16686963	0.00000000	
0.37395775	0.31775701	0.09009324	0.05888959	0.26851626	0.28763976	
0.00000277	0.14953271	0.24290615	0.12653508	0.57299740	0.07159870	
0.00000000	0.28037383	0.48300541	0.93652300	0.13187077	0.51782215	
0.37395775	0.69158879	0.03372525	0.04828621	0.02033405	0.01672271	
0.62326661	0.37383178	0.50335434	0.57886136	0.00000000	0.00152088	
0.00000000	0.31775701	0.34129552	0.99625285	0.23736009	0.24897542	
0.00000277	0.54205607	0.12851590	0.09371906	0.02095932	0.18353770	
0.48476169	0.35514019	0.11383708	0.70798940	0.13667035	0.03702126	
0.38503814	0.24299065	0.14818232	0.77986121	0.63389753	0.10401931	
0.00000554	0.71028037	0.08560559	0.05491192	0.13014201	0.10378203	
0.60941612	0.54205607	0.07565163	0.70176344	0.01183547	0.00000000	
0.37395775	0.48598131	0.12799089	0.07644592	0.00014803	0.00000000	
0.21606214	0.09345794	0.74851995	0.14187075	0.87294800	0.00000000	
0.00000277	0.42990654	0.14692945	0.07378148	0.42644879	0.01236861	
0.00000000	0.29906542	0.47466251	0.12996536	0.16822709	0.00000000	
0.00000000	0.52336449	0.28788285	0.75949366	0.49253459	0.03272787	
0.00000277	0.50467290	0.19926823	0.34680769	0.00477374	0.00000000	
0.00000831	0.24299065	0.30125153	0.11451399	0.35861661	0.11624244	
0.75900143	0.47663551	0.02078326	0.53723264	0.42920211	0.00000000	
0.47645139	0.41121495	0.16699679	0.38156895	0.00241882	0.10098966	
0.00000277	0.71028037	0.09893442	0.36266917	0.17976331	0.06908100	
0.21883224	0.09345794	0.61833404	0.12264806	0.85475411	0.00000000	
0.72853035	0.48598131	0.01357510	0.04708867	0.03063169	0.00000000	
0.00000277	0.75700935	0.14652615	0.05800461	0.00793753	0.06308131	
0.61772641	0.31775701	0.33455390	0.11142562	0.00000000	0.08460830	
0.00000000	0.16822430	0.58389812	0.64563827	0.54278962	0.28715469	
0.60941612	0.41121495	0.04389470	0.67213249	0.31523070	0.09956419	
0.37395775	0.41121495	0.09463840	0.40119484	0.26117546	0.00000000	
0.00000277	0.55140187	0.16118110	0.40153070	0.00758366	0.21576248	
0.00001108	0.16822430	0.24363162	0.12653508	0.07777432	0.15314656	
0.74792104	0.09345794	0.41291889	0.13453100	0.77390111	0.00000000	
0.00000000	0.42990654	0.33007222	0.52033250	0.35636047	0.08877148	
0.00000277	0.03738318	0.36911153	0.80708242	0.15307506	0.03246131	
0.00000000	0.20560748	0.79630068	0.23082316	0.13779213	0.05298813	
0.38503814	0.28037383	0.13901850	0.84299976	0.40036312	0.00600704	
0.00000000	0.42990654	0.56987318	0.55258213	0.02613284	0.02343438	
0.61772641	0.09345794	0.54787523	0.14129918	0.87893920	0.00000000	
0.62049651	0.69158879	0.01836821	0.01280289	0.02551710	0.01672271	
0.51246267	0.41121495	0.11691555	0.04395540	0.20660166	0.00000000	
0.84487449	0.69158879	0.08094135	0.04618124	0.01002325	0.30207018	
0.00000831	0.16822430	0.23686137	0.49257340	0.06955119	0.37211831	
0.62049651	0.44859813	0.11299945	0.05294337	0.00393063	0.31052659	
0.49584208	0.28037383	0.12348057	0.05769379	0.46641431	0.14441097	
0.76177153	0.48598131	0.02625029	0.65408489	0.02542207	0.07081628	
0.24376312	0.20560748	0.27178173	0.08077500	0.67141180	0.00000000	
0.73684065	0.74766355	0.02057898	0.69854124	0.02501289	0.02862296	
0.00000831	0.41121495	0.13154426	0.05337507	0.15907319	0.06716956	
0.73684065	0.48598131	0.00627244	0.00648386	0.03373705	0.00000000	
0.00000554	0.05607477	0.26787040	0.70192144	0.59316738	0.27160696	
0.62326661	0.58878505	0.02673115	0.01174540	0.02683193	0.02657140	
0.00000000	0.24299065	0.50911036	1.00000000	0.20055318	0.06963425	
0.00000554	0.70093458	0.13877508	0.27535980	0.00605081	0.02362060	
0.21606214	0.13084112	0.74108628	0.14391614	0.67085800	0.00000000	
0.00000554	0.59813084	0.10336050	0.03554332	0.01881431	0.00000000	
0.35733716	0.65420561	0.52531649	0.28248283	0.00000000	0.07522260	
0.00000000	0.24299065	0.56140380	0.19216194	0.32227288	0.48629268	
0.00000277	0.50467290	0.10751786	0.05798648	0.08970765	0.21139536	
0.74515094	0.20560748	0.89126793	0.43857564	0.00089980	0.00000000	
0.00000277	0.18691589	0.73120415	0.16912131	0.52493872	0.00000000	
0.22437243	0.65420561	0.07251995	0.68591232	0.17977495	0.12417024	
0.38226805	0.31775701	0.24238830	0.39932386	0.00184443	0.32614340	
0.35733716	0.44859813	0.15322481	0.75603316	0.00276547	0.68343333	
0.22437243	0.51401869	0.39794415	0.11958732	0.00027657	0.35357607	
0.00000277	0.09345794	0.28117226	0.72925402	0.39521836	0.15577615	
0.37118765	0.74766355	0.04126034	0.00915253	0.15892058	0.00000000	
0.35733716	0.44859813	0.16417605	0.04659308	0.00173822	0.19989938	
0.35733716	0.58878505	0.06746553	0.04708867	0.00834663	0.39817086	
0.22437243	0.79439252	0.07200090	0.83657608	0.00453768	0.14924093	
0.77839212	0.31775701	0.41417891	0.56633433	0.00000000	0.45574236	
0.37395775	0.55140187	0.08409595	0.04828621	0.01424060	0.25599165	
0.22437243	0.41121495	0.39205210	0.11980835	0.00076944	0.18110184	
0.48476169	0.79439252	0.04916557	0.04741072	0.00947788	0.04329396	
0.00000277	0.20560748	0.35985703	0.24336056	0.42053310	0.01201409	
0.22437243	0.55140187	0.07965102	0.56907562	0.19268406	0.00000000	
0.62049651	0.51401869	0.02353073	0.01457243	0.32308472	0.00000000	
0.35733716	0.48598131	0.06030152	0.04974967	0.01597538	0.27737072	
0.00000000	0.33644860	0.51555368	0.56373809	0.13456304	0.00901056	
0.00000554	0.60747664	0.08049271	0.01779376	0.21465864	0.00000000	
0.35733716	0.69158879	0.03785684	0.04741072	0.05894229	0.00000000	
0.00000554	0.75700935	0.13734562	0.05800461	0.00927649	0.17244719	
0.57894504	0.48598131	0.05474476	0.75207276	0.00833747	0.23452698	
0.36287736	0.44859813	0.04970943	0.04708867	0.25331263	0.45757451	
0.00000554	0.64485981	0.13205495	0.05032210	0.01285920	0.14035607	
0.00000277	0.13084112	0.62376074	0.14772199	0.61923732	0.00000000	
0.50969257	0.79439252	0.03444809	0.64879140	0.01700115	0.24960766	
0.73684065	0.69158879	0.00754989	0.01280289	0.03129189	0.01672271	
0.87534557	0.58878505	0.03107012	0.02204038	0.01819175	0.18146076	
0.00000000	0.13084112	0.77006447	0.42474660	0.61531660	0.00000000	
0.35733716	0.31775701	0.11030758	0.04047678	0.20398396	0.12545770	
0.70636956	0.69158879	0.04867492	0.04708867	0.01008905	0.00000000	
0.00000277	0.60747664	0.10544360	0.23961341	0.09272559	0.18001907	
0.60941612	0.41121495	0.03963519	0.91751098	0.33886828	0.05236340	
0.00000277	0.16822430	0.44858381	0.10788569	0.55653731	0.05626272	
0.74792104	0.74766355	0.56278076	0.45715423	0.00000000	0.00000000	
0.35733716	0.09345794	0.40683354	0.10014360	0.97603202	0.00000000	
0.59279553	0.16822430	0.49958381	0.10198954	0.63401710	0.00000000	
0.37395775	0.47663551	0.09353469	0.04253253	0.47913933	0.07939509	
0.35733716	0.70093458	0.07169783	0.06694682	0.00714728	0.39040225	
0.48476169	0.50467290	0.10631655	0.04113555	0.40761613	0.00000000	
0.48476169	0.70093458	0.03254898	0.04741072	0.01820887	0.15653604	
0.62049651	0.66355140	0.21633346	0.49053319	0.00000000	0.00000000	
0.35733716	0.69158879	0.04792678	0.65408489	0.01110614	0.08753899	
0.00000831	0.24299065	0.42035017	0.10303771	0.31666871	0.00000000	
0.32963618	0.42056075	0.53788810	0.49856797	0.00000000	0.51523311	
0.35179696	0.85046729	0.09805622	0.04708867	0.00014803	0.40564512	
0.61495632	0.26168224	0.16714474	0.07362175	0.72684936	0.38158241	
0.36287736	0.69158879	0.04949418	0.04708867	0.00820091	0.10095947	
0.00000277	0.20560748	0.42159349	0.59484717	0.40222279	0.00000000	
0.87534557	0.48598131	0.00488021	0.00318110	0.03409010	0.00000000	
0.48753179	0.58878505	0.03942710	0.04708867	0.01802381	0.00000000	
0.49584208	0.46728972	0.05165674	0.61526998	0.27732938	0.03213843	
0.22437243	0.35514019	0.27073648	0.04430422	0.86408076	0.48754515	
0.00000554	0.70093458	0.08130361	0.03084557	0.17972775	0.00000000	
0.00000554	0.28037383	0.16363433	0.32272148	0.15201118	0.11153517	
0.37395775	0.79439252	0.05826853	0.04828621	0.00536937	0.38762399	
0.35733716	0.70093458	0.06485408	0.06996353	0.00537135	0.48070913	
0.86149508	0.48598131	0.01075245	0.00690114	0.03158978	0.00000000	
0.61495632	0.16822430	0.16780817	0.04448467	0.76801374	0.00000000	
0.22437243	0.44859813	0.21370125	0.82934081	0.00401779	0.16360483	
0.48753179	0.79439252	0.06862842	0.04708867	0.00412748	0.17278659	
0.35733716	0.61682243	0.12023744	0.06183205	0.01077014	0.00000000	
0.00000277	0.85981308	0.10423249	0.15093988	0.10019100	0.13606794	
0.00000831	0.05607477	0.27919393	0.70192144	0.54449511	0.25658935	
0.24376312	0.49532710	0.07366542	0.06944118	0.00913165	0.45564625	
0.88919606	0.69158879	0.03462206	0.02783577	0.02033845	0.03238412	
0.86426518	0.56074766	0.30682141	0.32759364	0.00000000	0.00000000	
0.22437243	0.35514019	0.09986059	0.07374176	0.20970551	0.05568514	
0.00000000	0.46728972	0.23289516	0.94281717	0.42544816	0.65298963	
0.00000000	0.61682243	0.35510329	0.11208612	0.08243764	0.03179738	
0.75900143	0.48598131	0.03181325	0.02868449	0.03221816	0.45440429	
0.22437243	0.74766355	0.20464720	0.08225314	0.00014803	0.13260953	
0.24376312	0.71028037	0.18032251	0.04741072	0.00000000	0.35391096	
0.48753179	0.20560748	0.18312177	0.77698696	0.66295048	0.04505282	
0.35733716	0.28037383	0.11577485	0.85949066	0.63506808	0.31311563	
0.60664602	0.09345794	0.36292356	0.06195120	0.94295766	0.00000000	
0.87257547	0.20560748	0.85643825	0.22387367	0.00852473	0.00000000	
0.35733716	0.71028037	0.04462948	0.04741072	0.01074900	0.39050437	
0.59833572	0.69158879	0.05130713	0.66149802	0.01398859	0.08379615	
0.86149508	0.58878505	0.04211324	0.02580765	0.02175328	0.51960474	
0.00000277	0.24299065	0.36352017	0.38218887	0.28264626	0.07170007	
0.00000554	0.79439252	0.09216011	0.55268315	0.13131476	0.00000000	
0.75900143	0.95327103	0.09595522	0.03242300	0.00678879	0.05221187	
0.24376312	0.70093458	0.14628751	0.38604480	0.00680446	0.00000000	
0.37118765	0.69158879	0.04771272	0.69854124	0.00838225	0.07166027	
0.22437243	0.65420561	0.58915061	0.44693679	0.00000000	0.18032393	
0.73684065	0.37383178	0.05851935	0.65392343	0.55043911	0.19231399	
0.75069114	0.54205607	0.15134431	0.15791786	0.00002792	0.00000000	
0.24376312	0.80373832	0.07212857	0.05189780	0.02551783	0.28957853	
0.22437243	0.37383178	0.59033427	0.43128166	0.00000000	0.00000000	
0.37672785	0.64485981	0.05674314	0.11704116	0.01370627	0.20257852	
0.86149508	0.37383178	0.06156202	0.29134734	0.47345649	0.00000000	
0.86149508	0.48598131	0.03099543	0.00690114	0.02644470	0.42027377	
0.37118765	0.55140187	0.06671333	0.03756453	0.07257166	0.25208857	
0.87257547	0.20560748	0.86782144	0.25798479	0.00028747	0.21724622	
0.85872498	0.58878505	0.05685530	0.04741072	0.01002262	0.02657140	
0.72576025	0.48598131	0.10922415	0.07498764	0.00064352	0.51954617	
0.62880681	0.13084112	0.85666257	0.19809348	0.28344771	0.00000000	
0.00000277	0.16822430	0.29114746	0.20161010	0.02541031	0.27557311	
0.72299016	0.48598131	0.02802005	0.66090314	0.02825490	0.09687363	
0.35179696	0.85981308	0.86537298	0.36544672	0.00000000	0.00000000	
0.24376312	0.70093458	0.13819280	0.06067942	0.00788879	0.00000000	
0.61772641	0.37383178	0.11810876	0.70741783	0.18116703	0.00000000	
0.35733716	0.79439252	0.05467197	0.04708867	0.00654631	0.09748500	
0.22437243	0.65420561	0.09549799	0.74972604	0.00328522	0.41106047	
0.47368129	0.70093458	0.09928307	0.06060776	0.00049549	0.48708711	
0.00000000	0.35514019	0.40683592	0.10862130	0.34317603	0.00000000	
0.47645139	0.79439252	0.07528150	0.04990421	0.00356153	0.42440361	
0.73961075	0.48598131	0.08770301	0.70253445	0.00950827	0.58056421	
0.00000554	0.51401869	0.10683058	0.71364206	0.14145545	0.10594277	
0.63711710	0.79439252	0.02070260	0.01280289	0.02208194	0.19047884	
0.75069114	0.26168224	0.23538180	0.54033829	0.65841617	0.00000000	
0.00001108	0.09345794	0.46498800	0.48711759	0.03072662	0.00000000	
0.72576025	0.09345794	0.56275451	0.09525504	0.90151951	0.27081403	
0.60110582	0.48598131	0.09203149	0.73921677	0.00411984	0.51838831	
0.75069114	0.31775701	0.43088379	0.55088383	0.00000000	0.53341193	
0.74515094	0.13084112	0.25791668	0.11990591	0.73991108	0.00000000	
0.49307198	0.41121495	0.06191187	0.02827783	0.29234642	0.26862446	
0.22160234	0.18691589	0.70134775	0.11893804	0.87140299	0.00000000	
0.59002543	0.31775701	0.11456732	0.42970250	0.21311175	0.00000000	
0.35733716	0.44859813	0.08946251	0.92655939	0.01196036	0.07972383	
0.87534557	0.41121495	0.12550425	0.04763866	0.12720619	0.22970633	
0.00000554	0.24299065	0.29668155	0.30546821	0.32007023	0.03844673	
0.00000277	0.51401869	0.11409004	0.77112708	0.15837023	0.13976317	
0.00000277	0.44859813	0.18480658	0.94332657	0.00459533	0.24765688	
0.00000554	0.20560748	0.58776888	0.17463324	0.20442198	0.00660429	
0.21606214	0.33644860	0.88398221	0.43645255	0.00000000	0.34111145	
0.37395775	0.46728972	0.08564115	0.04550693	0.66968744	0.06800033	
0.87534557	0.48598131	0.07270728	0.06484186	0.00812249	0.29498036	
0.22437243	0.58878505	0.07731759	0.76734713	0.00445149	0.33807940	
0.88919606	0.79439252	0.07620409	0.04961325	0.00014803	0.35188659	
0.87534557	0.79439252	0.04342434	0.01280289	0.01230753	0.10095947	
0.88919606	0.69158879	0.04668967	0.00795966	0.01106825	0.38360077	
0.35733716	0.64485981	0.11127885	0.04708867	0.00014803	0.34308777	
0.73684065	0.41121495	0.02198816	0.00648386	0.32467063	0.00000000	
0.39057834	0.54205607	0.17404147	0.05619579	0.00000000	0.46689744	
0.00000554	0.96261682	0.19702978	0.05530908	0.00887939	0.00000000	
0.00000277	0.70093458	0.10030374	0.58613808	0.15730194	0.11142435	
0.75069114	0.59813084	0.25610062	0.36072221	0.00000000	0.00000000	
0.24099302	0.13084112	1.00000000	0.41097454	0.00353506	0.00000000	
0.86426518	0.44859813	0.01034032	0.00122421	0.18954780	0.05266750	
0.75069114	0.48598131	0.10414515	0.09392368	0.01006721	0.21196303	
0.61495632	0.41121495	0.14293699	0.44637644	0.02006831	0.00000000	
0.00000277	0.89719626	0.34170359	0.15254234	0.00056294	0.00000000	
0.73684065	0.58878505	0.00714563	0.01067013	0.03300860	0.10234275	
0.00000000	0.56074766	0.47019038	0.17576170	0.00308534	0.21688580	
0.22437243	0.74766355	0.12958501	0.93795624	0.00228160	0.11921113	
0.86149508	0.51401869	0.46567290	0.68640791	0.00000000	0.12038775	
0.61495632	0.41121495	0.31163242	0.12898540	0.00000000	0.00000000	
0.35733716	0.58878505	0.03831766	0.04741072	0.01531921	0.00000000	
0.60110582	0.54205607	0.07798841	0.76683427	0.00483145	0.11523491	
0.48753179	0.58878505	0.06506718	0.04741072	0.00325489	0.08029299	
0.75069114	0.64485981	0.12943467	0.08336951	0.00000000	0.23512769	
0.00000000	0.85046729	0.26296156	0.88556527	0.06028118	0.49706931	
0.52077297	0.48598131	0.04369830	0.04395540	0.02121155	0.00000000	
0.22437243	0.89719626	0.08555500	0.83240587	0.00438928	0.13156055	
0.60941612	0.28037383	0.12881182	0.60341035	0.55828055	0.00000000	
0.73130045	0.79439252	0.09687447	0.04285544	0.00000000	0.01672271	
0.72853035	0.41121495	0.12652802	0.10648353	0.02735380	0.00000000	
0.37395775	0.41121495	0.05810721	0.04828621	0.34747120	0.00000000	
0.24376312	0.64485981	0.07579840	0.24175118	0.00740713	0.01859961	
0.48476169	0.28037383	0.10609389	0.04858840	0.61357651	0.00000000	
0.35733716	0.75700935	0.07969350	0.60553431	0.00647636	0.11890552	
0.22437243	0.49532710	0.10877312	0.82782986	0.03125243	0.52928208	
0.37118765	0.69158879	0.07810558	0.74616798	0.00000000	0.57010295	
0.72576025	0.31775701	0.10075501	0.48331346	0.25086202	0.00901056	
0.00000277	0.35514019	0.21872703	0.75606079	0.00599533	0.10599773	
0.36287736	0.44859813	0.06697369	0.23678060	0.01297229	0.01719576	
0.73130045	0.48598131	0.03263967	0.66141168	0.01995082	0.07081628	
0.50969257	0.64485981	0.04196600	0.01457243	0.02671793	0.10234275	
0.00000000	0.16822430	0.59594234	0.94964665	0.55845047	0.15073173	
0.88365587	0.89719626	0.04713664	0.00000000	0.70209787	0.00000000	
0.37395775	0.41121495	0.22522762	0.05492574	0.00476411	0.00000000	
0.85872498	0.48598131	0.01355291	0.04741072	0.03336134	0.00000000	
0.35733716	0.79439252	0.05249342	0.04708867	0.00714728	0.00000000	
0.00000554	0.09345794	0.80980061	0.18584532	0.68602796	0.00000000	
0.00000554	0.31775701	0.28860116	0.10107780	0.00395303	0.06483687	
0.46260090	0.24299065	0.16544323	0.75863285	0.86529536	0.30531098	
0.47368129	0.80373832	0.08971189	0.04708867	0.00103219	0.63408246	
0.35733716	0.37383178	0.48225608	0.12026163	0.00140020	0.10135083	
0.24930332	0.50467290	0.18442714	0.04961152	0.00000000	0.00000000	
0.35733716	0.44859813	0.08172386	0.26247532	0.01509004	0.00000000	
0.37118765	0.55140187	0.06014998	0.81059645	0.04403066	0.07630747	
0.62049651	0.64485981	0.02985282	0.01457243	0.20576811	0.05353807	
0.50415238	0.05607477	0.61370440	0.12378257	0.94734408	0.00000000	
0.22437243	0.65420561	0.22858052	0.17948640	0.00241251	0.00000000	
0.00000000	0.66355140	0.23357528	0.89259333	0.08181744	0.31824564	
0.00000000	0.22429907	0.67876514	0.17166315	0.41226058	0.06277495	
0.37395775	0.09345794	0.68341387	0.13047390	0.79764568	0.00000000	
0.35733716	0.74766355	0.53002010	0.50892011	0.00000000	0.00000000	
0.59279553	0.58878505	0.11182056	0.74057489	0.00152846	0.41578351	
0.60110582	0.09345794	0.55460253	0.08922507	0.98040585	0.00000000	
0.60387592	0.13084112	0.66656103	0.12613532	0.63641484	0.00000000	
0.49030189	0.50467290	0.04372646	0.04708867	0.29214157	0.32746195	
0.00000000	0.20560748	0.51705950	0.79835865	0.37406348	0.07805327	
0.00000277	0.20560748	0.36948381	0.11077289	0.45265089	0.26780000	
0.35733716	0.65420561	0.11235512	0.96555043	0.00313537	0.09700834	
0.35733716	0.69158879	0.07403365	0.06944118	0.01052618	0.26292378	
1.00000000	0.09345794	0.60978114	0.10260083	0.76808612	0.00000000	
0.37118765	0.64485981	0.03123693	0.01457243	0.28994144	0.00000000	
0.47922149	0.31775701	0.13194756	0.07463797	0.14252594	0.00725115	
0.49030189	0.33644860	0.91040456	0.59708165	0.00000000	0.39323156	
0.24376312	0.64485981	0.06961807	0.05008725	0.23113855	0.06163692	
0.24376312	0.70093458	0.11419266	0.04741072	0.00435071	0.69662930	
0.48753179	0.69158879	0.07045976	0.74616798	0.00098793	0.21139836	
0.00000000	0.80373832	0.19972165	0.83319156	0.20031341	0.46849831	
0.48476169	0.37383178	0.09806481	0.37048119	0.26851626	0.00000000	
0.37118765	0.28037383	0.11775557	0.77316988	0.61396984	0.03164375	
0.37395775	0.41121495	0.10116333	0.76048484	0.10568882	0.05891137	
0.22437243	0.81308411	0.08550274	0.53703320	0.03223012	0.00000000	
0.62603671	0.48598131	0.13915214	0.76293430	0.00000000	0.20950765	
0.61495632	0.41121495	0.19613965	0.05304612	0.00174986	0.00000000	
0.60941612	0.79439252	0.04216169	0.02587845	0.00977725	0.19871900	
0.35733716	0.54205607	0.16069189	0.65559497	0.00000000	0.40466747	
0.50969257	0.45794393	0.03392809	0.00915253	0.22262531	0.00000000	
0.73130045	0.69158879	0.10690456	0.04251008	0.00152846	0.16104132	
0.73130045	0.48598131	0.06213381	0.10591196	0.01365278	0.00000000	
0.62049651	0.44859813	0.04594081	0.22918616	0.05811944	0.04092899	
0.24376312	0.33644860	0.19231423	0.04704378	0.77174252	0.00000000	
0.85872498	0.09345794	0.64197622	0.11644800	0.85419086	0.00000000	
0.00000000	0.89719626	0.37015678	0.15427864	0.01767224	0.09197264	
0.51246267	0.31775701	0.13088322	0.45579266	0.09920862	0.51904308	
0.47368129	0.58878505	0.08302397	0.78326732	0.00790975	0.13394745	
0.48476169	0.64485981	0.12305579	0.72391045	0.00301375	0.23452848	
0.00000000	0.18691589	0.48065718	0.96817516	0.23818514	0.69688460	
0.62326661	0.31775701	0.13352975	0.07105400	0.07484007	0.00000000	
0.35733716	0.74766355	0.06317452	0.04708867	0.01527903	0.00000000	
0.51246267	0.41121495	0.12817703	0.85704724	0.07231458	0.05380959	
0.34902686	0.13084112	0.38988047	0.07949890	0.88504998	0.02398312	
0.60941612	0.69158879	0.03779790	0.01150382	0.01597205	0.35230107	
0.60941612	0.31775701	0.15782581	0.07449378	0.03399853	0.00000000	
0.60664602	0.09345794	0.27895767	0.41055062	0.92139686	0.23013433	
0.86426518	0.09345794	0.80608258	0.18551205	0.39901007	0.00226440	
0.46260090	0.61682243	0.19899379	0.40558522	0.00000000	0.02908235	
0.49584208	0.64485981	0.10122967	0.45701609	0.00014803	0.28113563	
0.37118765	0.45794393	0.05895725	0.86280610	0.23919207	0.38450333	
0.36287736	0.39252336	0.07832489	0.04708867	0.01797391	0.62753328	
0.00000277	0.64485981	0.08033019	0.87143145	0.04625219	0.24363066	
0.24376312	0.54205607	0.14998645	0.92857974	0.00135939	0.10935477	
0.35733716	0.49532710	0.07194482	0.04708867	0.00816925	0.55255787	
0.99445980	0.54205607	0.03402737	0.15568166	0.02261294	0.00000000	
0.61495632	0.44859813	0.04950014	0.04965556	0.24029213	0.48048086	
0.35733716	0.55140187	0.06211066	0.04741072	0.27777463	0.00000000	
0.47645139	0.50467290	0.54142954	0.61061800	0.00000000	0.00770322	
0.00000000	0.71028037	0.38833885	0.94273083	0.00133093	0.06795257	
0.00000000	0.29906542	0.71817195	0.21999184	0.10445879	0.00842989	
0.74792104	0.74766355	0.05383745	0.01067013	0.02623746	0.10234275	
0.24376312	0.41121495	0.17438750	0.04741072	0.05091961	0.46344639	
0.37395775	0.79439252	0.04957961	0.04828621	0.00743555	0.06982963	
0.37118765	0.85046729	0.07899571	0.01593280	0.01453988	0.04329396	
0.35733716	0.51401869	0.05448631	0.04741072	0.33077826	0.07035659	
0.00000831	0.26168224	0.25983774	0.78176501	0.01275385	0.17343235	
0.00000554	0.56074766	0.11794410	0.04708867	0.05847029	0.17617006	
0.74792104	0.54205607	0.04633958	0.01035110	0.03029383	0.00358137	
0.00000000	0.16822430	0.92294277	0.66220601	0.41056769	0.16296958	
0.00000277	0.24299065	0.35757323	0.94919768	0.20964824	0.23834446	
0.62049651	0.79439252	0.04051315	0.64574274	0.01265045	0.37994999	
0.35733716	0.44859813	0.07852487	0.04708867	0.11217845	0.00000000	
0.00000277	0.16822430	0.33012472	0.68535370	0.01458733	0.46923117	
0.62326661	0.31775701	0.25992365	0.55211503	0.00014803	0.33772648	
0.00000554	0.24299065	0.32839696	0.10262673	0.36872992	0.19691538	
0.98060931	0.54205607	0.05749033	0.02924483	0.02424284	0.00000000	
0.89473626	0.26168224	0.22493647	0.07218506	0.72885063	0.49967637	
0.48753179	0.41121495	0.17244735	0.48827540	0.00133093	0.42414081	
0.00000277	0.37383178	0.17952545	0.04708867	0.26350586	0.20737515	
0.61772641	0.85046729	0.07986484	0.04076688	0.14235822	0.00000000	
0.59002543	0.48598131	0.05119068	0.76683427	0.01309406	0.11523491	
0.49030189	0.35514019	0.17351169	0.49256045	0.01061618	0.34633308	
0.00000000	0.74766355	0.40425144	0.12102487	0.11479017	0.01458997	
0.36287736	0.39252336	0.17330646	0.06627855	0.00241882	0.36979959	
0.00000831	0.71028037	0.20724123	0.30838563	0.00316417	0.00000000	
0.60110582	0.69158879	0.03727265	0.63014719	0.02015201	0.08102555	
0.22437243	0.16822430	0.35859461	0.07000584	0.69924701	0.19381875	
0.64265730	0.16822430	0.37122112	0.07671099	0.56494199	0.05028631	
0.00000554	0.37383178	0.13061594	0.19860806	0.28842287	0.00000000	
0.72853035	0.31775701	0.34028606	0.25490246	0.00000000	0.00000000	
0.37395775	0.35514019	0.17035447	0.05893190	0.01168764	0.25713299	
0.00000277	0.28037383	0.26253916	0.13808302	0.02092908	0.03192503	
0.00000000	0.41121495	0.45077215	0.10633503	0.76413393	0.00000000	
0.35733716	0.48598131	0.07294783	0.05945167	0.01376068	0.05593263	
0.24376312	0.39252336	0.13648890	0.05226906	0.00435071	0.02815261	
0.73684065	0.48598131	0.05094535	0.04828621	0.01224950	0.00000000	
0.35733716	0.80373832	0.04835228	0.04708867	0.00720824	0.25586700	
0.59002543	0.31775701	0.10707399	0.04236848	0.18600908	0.00753226	
0.52908326	0.13084112	0.63823194	0.13879705	0.52631695	0.00000000	
0.73684065	0.64485981	0.06023589	0.15568166	0.00800824	0.00000000	
0.57894504	0.75700935	0.08840867	0.18931532	0.00637582	0.00000000	
0.73684065	0.69158879	0.04060265	0.03039574	0.01252109	0.00000000	
0.24376312	0.51401869	0.27250004	0.45967190	0.00000000	0.00000000	
0.21606214	0.39252336	0.88037873	0.48958432	0.00000000	0.00000000	
0.85872498	0.09345794	0.26638128	0.43402554	0.85908074	0.00000000	
0.48476169	0.64485981	0.10889005	0.77310426	0.00275997	0.51639547	
0.24930332	0.50467290	0.16668894	0.04741072	0.00080670	0.51691058	
0.49030189	0.60747664	0.18381383	0.12954143	0.00000000	0.00000000	
0.22437243	0.61682243	0.15954402	0.41402234	0.00014803	0.00000000	
0.00000554	0.71028037	0.20021325	0.05697112	0.00425788	0.14966263	
0.36841755	0.09345794	0.42697008	0.09511690	1.00000000	0.17345037	
0.00000277	0.95327103	0.14385337	0.04700752	0.02732790	0.13184619	
0.00000277	0.03738318	0.39391350	0.47791118	0.04861154	0.28855733	
0.38503814	0.81308411	0.21786076	0.62671087	0.00000000	0.00396426	
0.61495632	0.16822430	0.29308523	0.10505892	0.70811110	0.07444379	
0.35733716	0.70093458	0.07325401	0.06996353	0.00171496	0.48070913	
0.24930332	0.69158879	0.11944515	0.06840424	0.00770972	0.06858917	
0.73961075	0.59813084	0.17655675	0.04679857	0.00173273	0.00000000	
0.00000831	0.41121495	0.22427305	0.24837431	0.00000000	0.12976820	
0.60664602	0.16822430	0.36621204	0.11990591	0.53062785	0.04505282	
0.35733716	0.54205607	0.06175126	0.64673220	0.10416521	0.06307831	
0.62049651	0.90654206	0.18816664	0.04178051	0.00014803	0.00000000	
0.37395775	0.41121495	0.09908309	0.04828621	0.25328399	0.20526818	
0.61495632	0.20560748	0.80603724	0.26942912	0.01293604	0.40547392	
0.00000277	0.75700935	0.14185594	0.50942778	0.00833936	0.21556125	
0.24376312	0.69158879	0.08301085	0.06060776	0.09668910	0.01612350	
0.37395775	0.31775701	0.09027485	0.54035814	0.26827649	0.30623907	
0.86426518	0.44859813	0.01209004	0.36691104	0.12733489	0.00000000	
0.62049651	0.79439252	0.02693161	0.64574274	0.01719955	0.10855869	
0.37118765	0.44859813	0.13912827	0.03870422	0.00867517	0.36890604	
0.50969257	0.37383178	0.08859434	0.48331346	0.43776727	0.00901056	
0.37395775	0.64485981	0.04386654	0.04708867	0.27983474	0.00000000	
0.49861218	0.59813084	0.29776021	0.30509608	0.00000000	0.00000000	
0.61495632	0.44859813	0.05224261	0.44875251	0.21522503	0.45945621	
0.88365587	0.16822430	0.45693863	0.09396858	0.70360196	0.00000000	
0.84487449	0.69158879	0.04221634	0.02546833	0.01156977	0.01672271	
0.22437243	0.26168224	0.24275342	0.04720178	0.88103487	0.27529679	
0.00000277	0.20560748	0.30887850	0.10231246	0.51025334	0.12265722	
0.00000000	0.22429907	0.43127278	0.95376505	0.04458793	0.13162633	
0.00000277	0.20560748	0.76323217	0.22420349	0.27569155	0.00000000	
0.35733716	0.41121495	0.22099651	0.06288626	0.00321892	0.00000000	
0.62049651	0.79439252	0.06300055	0.02580765	0.00930997	0.13627083	
0.35733716	0.35514019	0.13110754	0.46284230	0.01540395	0.13260248	
0.35733716	0.35514019	0.11870059	0.04708867	0.04350014	0.29015971	
0.73684065	0.79439252	0.01603692	0.01280289	0.02161155	0.06893443	
0.64819750	0.58878505	0.01386982	0.00795966	0.03474460	0.31225061	
0.85318478	0.09345794	0.51331045	0.09744462	0.88090900	0.08984029	
0.00000277	0.73831776	0.10297652	0.76176094	0.08162832	0.09070545	
0.62049651	0.69158879	0.08566955	0.04696262	0.00188541	0.35981438	
0.50415238	0.50467290	0.21848600	0.35977938	0.00000000	0.12960016	
0.22437243	0.64485981	0.06651478	0.04741072	0.26721418	0.00000000	
0.60941612	0.44859813	0.05136226	0.76257254	0.12817064	0.24214091	
0.75623134	0.44859813	0.15606702	0.31274579	0.00291431	0.34278291	
0.73684065	0.58878505	0.04153740	0.02934758	0.01195466	0.35753321	
0.00000554	0.05607477	0.28683044	0.12653508	0.48111542	0.25715551	
0.35733716	0.44859813	0.17872839	0.07896014	0.00428183	0.14717872	
0.73684065	0.09345794	0.93924912	0.21380818	0.19716928	0.00000000	
0.00000831	0.11214953	0.29480822	0.31363681	0.51261332	0.07081643	
0.00000000	0.75700935	0.41507143	0.64524715	0.01711758	0.02344624	
0.00000277	0.22429907	0.37392254	0.12653508	0.00000000	0.00000000	
0.00000831	0.03738318	0.30641334	0.80847249	0.18004965	0.09282744	
0.00000831	0.11214953	0.27616080	0.40719804	0.56933156	0.19175083	
0.00000831	0.11214953	0.26975806	0.21873128	0.61545191	0.25715551	
0.00000000	0.09345794	0.55741134	0.99861856	0.23468828	0.56478671	
0.00000000	0.89719626	0.43048049	0.18758075	0.12630059	0.00000000	
0.00000000	0.22429907	0.34360556	0.82086224	0.16211284	0.48495311	
0.00000554	0.75700935	0.13551525	0.64030852	0.01200189	0.27326791	
0.00000000	0.29906542	0.67238626	0.45438359	0.09215164	0.08251575	
0.00000000	0.33644860	0.44934269	0.32769120	0.22488334	0.03331026	
0.00000554	0.13084112	0.46252761	0.44358767	0.00851255	0.00000000	
0.00000000	0.46728972	0.27509885	0.90582058	0.39381811	0.44891986	
0.00000000	0.84112150	0.24027633	0.96153563	0.03881195	0.47402930	
0.00000000	0.70093458	0.37345241	0.49568249	0.01725861	0.26513888	
0.00000831	0.03738318	0.33110554	0.29508326	0.11451263	0.00000000	
0.00000277	0.03738318	0.39170369	0.14731965	0.10214916	0.00901056	
0.00000277	0.05607477	0.31474669	0.37404184	0.35381798	0.07714816	
0.00000277	0.20560748	0.41316230	0.48343865	0.33278896	0.00508477	
0.00001108	0.22429907	0.31598523	0.46692876	0.01515253	0.09022098	
0.00001108	0.22429907	0.21284214	0.59902084	0.17133849	0.36021385	
0.00000554	0.18691589	0.19917516	0.70192144	0.42831475	0.00600704	
0.00000277	0.80373832	0.13071140	0.04741072	0.01384318	0.00000000	
0.00000831	0.54205607	0.14152662	0.06453276	0.01882577	0.11038423	
0.00000554	0.35514019	0.12996445	0.65765418	0.04098975	0.37379427	
0.00000554	0.41121495	0.18408588	0.05499135	0.02370492	0.28872403	
0.00000277	0.70093458	0.14124502	0.78582729	0.00843159	0.10641357	
0.00000000	0.24299065	0.53616511	0.77560984	0.19804468	0.29936851	
0.00000277	0.46728972	0.21993217	0.05940763	0.00416452	0.00000000	
0.00000000	0.26168224	0.62231457	0.17099229	0.42395036	0.00000000	
0.00000831	0.00000000	0.34386091	0.56158996	0.32724458	0.24406316	
0.00001108	0.18691589	0.23962484	0.12653508	0.41472440	0.00901056	
0.00000277	0.13084112	0.27135695	0.71572199	0.24401619	0.00000000	
0.00000277	0.31775701	0.18874416	0.59501985	0.00780566	0.22492172	
0.00000277	0.05607477	0.29620666	0.12653508	0.40132914	0.14131870	
0.00000000	0.18691589	0.50149533	0.98761888	0.14242430	0.45374201	
0.00000277	0.24299065	0.29161281	0.08960756	0.36533155	0.26349595	
0.00000000	0.42990654	0.53045920	0.17722429	0.03202968	0.00000000	
0.00000831	0.46728972	0.15861094	0.05337507	0.05413359	0.08531308	
0.00000831	0.11214953	0.28144431	0.12653508	0.53030060	0.00508477	
0.00000000	0.60747664	0.37645690	0.63551234	0.00449511	0.30463068	
0.00000000	0.22429907	0.32778843	0.93904412	0.38318245	0.44549284	
0.00000554	0.03738318	0.47683176	0.21393855	0.02586836	0.00000000	
0.00000277	1.00000000	0.14926814	0.56953753	0.00558299	0.33161732	
0.00000000	0.20560748	0.53537998	0.35404901	0.25511440	0.00660429	
0.00000554	0.26168224	0.28992801	0.82548142	0.01275385	0.06698349	
0.00000554	0.65420561	0.14968576	0.32049133	0.01003357	0.14429714	
0.00000277	0.09345794	0.29687246	0.47698475	0.32298717	0.32647830	
0.00000831	0.00000000	0.35392202	0.45601110	0.30930808	0.09887158	
0.00000000	0.26168224	0.51145382	0.11033083	0.36741777	0.07827988	
0.00000277	0.31775701	0.19877424	0.05296669	0.11271810	0.17072918	
0.00000277	0.60747664	0.31189254	0.09405406	0.00070449	0.00638070	
0.00000831	0.28037383	0.35965657	0.35317525	0.01892882	0.00000000	
0.00000000	0.99065421	0.40716525	0.13853976	0.02107033	0.03512573	
0.00000277	0.70093458	0.19854753	0.52648593	0.00550417	0.03776868	
0.00000277	0.16822430	0.28140374	0.78176501	0.06079503	0.54824332	
0.00000277	0.70093458	0.19387255	0.87608516	0.00142848	0.73144462	
0.00000831	0.11214953	0.30382647	0.62585869	0.50733640	0.00508477	
0.00000000	0.79439252	0.30229439	0.85621838	0.05677519	0.53676836	
0.00001108	0.13084112	0.24635213	0.12605244	0.23579590	0.40567365	
0.00000000	0.47663551	0.36273026	0.11424375	0.11896261	0.15448463	
0.00000554	0.44859813	0.09801398	0.49968521	0.06412512	0.24033129	
0.00000277	0.00000000	0.43298384	0.64467213	0.24715182	0.43406744	
0.00000277	0.31775701	0.13158483	0.41480199	0.09009940	0.06101053	
0.00000000	0.28037383	0.38241339	0.87880486	0.51910799	0.05241656	
0.00000277	0.54205607	0.14028330	0.48559455	0.01668784	0.18353770	
0.00000831	0.37383178	0.09682865	0.01757955	0.29583542	0.00600704	
0.00000000	0.26168224	0.61416498	0.46996447	0.51583863	0.00600704	
0.00000831	0.13084112	0.68957081	0.20474337	0.43579432	0.00000000	
0.00000000	0.22429907	0.57610410	0.13012854	0.52974364	0.02024869	
0.00000554	0.16822430	0.26592548	0.44597928	0.03966910	0.27832283	
0.00000277	0.28037383	0.38228691	0.12283369	0.03619583	0.10074803	
0.00000000	0.24299065	0.56964169	0.31550003	0.13560804	0.12130954	
0.00001108	0.24299065	0.21874135	0.52914261	0.38490052	0.04384646	
0.00000277	0.41121495	0.10165230	0.06070618	0.17281017	0.11274559	
0.00000000	0.52336449	0.31145821	0.53007335	0.27501975	0.00000000	
0.00000000	0.16822430	0.63599826	0.44329584	0.45406688	0.04760597	
0.00000277	0.65420561	0.20792375	0.25047496	0.00121948	0.23295314	
0.00000554	0.35514019	0.32877163	0.73530989	0.00000000	0.20945809	
0.00000831	0.81308411	0.13757949	0.05800461	0.01137049	0.09712623	
0.00000554	0.41121495	0.11218330	0.03225550	0.16191870	0.22866411	
0.00000000	0.22429907	0.82354395	0.18879555	0.70645911	0.00000000	
0.00000277	0.44859813	0.21387307	0.30519797	0.00000000	0.05203872	
0.00000000	0.56074766	0.27458099	0.64355662	0.22846359	0.31697966	
0.00000277	0.60747664	0.10062543	0.92007527	0.10538485	0.18369238	
0.00000000	0.16822430	0.74261835	0.77914028	0.47882467	0.00300352	
0.00000277	0.44859813	0.12322523	0.05685111	0.02926114	0.00562067	
0.00000000	0.93457944	0.46591154	0.16026457	0.06348761	0.00000000	
0.00000277	0.41121495	0.16360331	0.06782749	0.01634067	0.08037394	
0.00000277	0.80373832	0.14000647	0.35950827	0.01061806	0.00000000	
0.00000277	0.35514019	0.12915546	0.49087941	0.05056309	0.34866381	
0.00000000	0.41121495	0.22205130	0.94307619	0.06449360	0.14880197	
0.00000000	0.16822430	0.55573846	0.72338205	0.61287166	0.14462287	
0.00000000	0.70093458	0.36735036	0.45109491	0.02964484	0.22382844	
0.00000000	0.56074766	0.29835681	0.09245332	0.15799987	0.00000000	
0.00000000	0.41121495	0.34175609	0.11836561	0.04353916	0.28765778	
0.00000554	0.20560748	0.29087541	0.08833836	0.46207823	0.00000000	
0.00000000	0.65420561	0.41967243	0.69247846	0.02428585	0.00901056	
0.00000000	0.22429907	0.87902086	0.96538639	0.45709080	0.00600704	
0.00000000	0.59813084	0.33266625	0.36657777	0.01622082	0.27719801	
0.00000000	0.46728972	0.28795444	0.12143153	0.36182304	0.01220200	
0.00000831	0.24299065	0.22854234	0.09021021	0.40545754	0.17890777	
0.00000000	0.16822430	0.74014842	0.75336613	0.45081010	0.17894832	
0.00000277	0.24299065	0.36834788	0.10177801	0.30016363	0.19073263	
0.00000554	0.24299065	0.21969591	0.32430496	0.43511465	0.02221645	
0.00000000	0.60747664	0.25438002	0.07370118	0.09484202	0.14955510	
0.00000277	0.40186916	0.21857907	0.04957958	0.60744055	0.00600704	
0.00000000	0.70093458	0.21104517	0.98893124	0.16229032	0.28341681	
0.00000277	0.24299065	0.32010657	0.21430982	0.39733605	0.18460695	
0.00000277	0.41121495	0.15315321	0.63371820	0.14618517	0.00000000	
0.00000277	0.41121495	0.15769217	0.05532808	0.19694587	0.00636156	
0.00000000	0.37383178	0.33292876	0.11083764	0.24325344	0.04875391	
0.00001108	0.70093458	0.19724217	0.63179110	0.00431408	0.05925197	
0.00000000	0.42990654	0.55020437	0.17501745	0.02982552	0.14642994	
0.00000554	0.70093458	0.13684448	0.05801066	0.00378632	0.10641357	
0.00000000	0.70093458	0.35808154	0.11653089	0.02937508	0.22427446	
0.00000831	0.76635514	0.09009300	0.31025575	0.12625402	0.00000000	
0.00000831	0.57009346	0.25232293	0.40109900	0.00000000	0.00000000	
0.00000000	0.41121495	0.40655433	0.73451902	0.01349394	0.32776681	
0.00000000	0.50467290	0.25767088	0.08002384	0.20395218	0.44276264	
0.00000831	0.24299065	0.29079905	0.37404184	0.33025277	0.03783942	
0.00000000	0.42990654	0.28099090	0.78403747	0.49676997	0.30399093	
0.00000000	0.52336449	0.27154548	0.53007335	0.36997914	0.21111003	
0.00000554	0.20560748	0.60113994	0.17872661	0.16046495	0.00787812	
0.00000000	0.60747664	0.25379058	0.46464248	0.10821242	0.16952176	
0.00000000	0.33644860	0.78991464	0.73212568	0.04375627	0.06804223	
0.00000554	0.54205607	0.17598879	0.81571639	0.01833027	0.02462482	
0.00000000	0.90654206	0.24268660	0.92942587	0.12356080	0.24860449	
0.00000000	0.39252336	0.49956472	0.12203937	0.24593816	0.00000000	
0.00000000	0.16822430	0.63148555	0.75548836	0.53121942	0.16597310	
0.00000831	0.57009346	0.09625090	0.46739758	0.25673083	0.05159615	
0.00000831	0.28037383	0.30319884	0.10290561	0.08518120	0.00000000	
0.00000554	0.35514019	0.10814072	0.72483429	0.06429410	0.39474834	
0.00000277	0.20560748	0.45752331	0.13369955	0.29030897	0.00000000	
0.00000277	0.41121495	0.09461859	0.48319517	0.20733042	0.00000000	
0.00000000	0.13084112	0.83059819	0.36150099	0.45577865	0.06385667	
0.00000000	0.41121495	0.43405772	0.20915015	0.00511160	0.04164383	
0.00000277	0.24299065	0.22641366	0.50369310	0.43260048	0.03363809	
0.00000000	0.60747664	0.43354226	0.18459339	0.00626191	0.00920989	
0.00000000	0.24299065	0.59068507	0.16226938	0.10195973	0.01393705	
0.00000000	0.37383178	0.38673041	0.30551311	0.09372308	0.00304521	
0.00000000	0.29906542	0.80545973	0.57530417	0.08415539	0.02375590	
0.00000000	0.52336449	0.25859204	0.08491067	0.35029059	0.21961450	
0.00000000	0.51401869	0.39419272	0.14396967	0.02547148	0.02836451	
0.00000000	0.26168224	0.58410096	0.14438928	0.52871469	0.06353530	
0.00000277	0.20560748	0.36853879	0.09528958	0.55848508	0.06788800	
0.00000000	0.22429907	0.84867048	0.84007284	0.55354800	0.00000000	
0.00000277	0.24299065	0.23610488	0.06354935	0.44718202	0.05768128	
0.00000554	0.31775701	0.12560209	0.04700838	0.31107933	0.06101053	
0.00000000	0.52336449	0.27565965	0.32884988	0.29963939	0.14203789	
0.00000000	0.13084112	0.79747718	0.16401604	0.61821466	0.13910961	
0.00000554	0.35514019	0.10910721	0.64378110	0.07268651	0.21549066	
0.00000554	0.50467290	0.13191654	0.40908111	0.03282263	0.00000000	
0.00000554	0.20560748	0.45088670	0.13481420	0.46022171	0.00000000	
0.00000277	0.73831776	0.19267458	0.63034404	0.00492931	0.13923846	
0.00000277	0.65420561	0.12602687	0.82415179	0.02600499	0.25441630	
0.00000000	0.50467290	0.25409842	0.82871916	0.02914015	0.57552430	
0.00000000	0.70093458	0.35209641	0.52860816	0.04401367	0.00104765	
0.00000000	0.57009346	0.21620698	0.98546038	0.33262219	0.46374374	
0.00000831	0.60747664	0.15783774	0.06444297	0.00763001	0.00000000	
0.00000000	0.46728972	0.60351681	0.48344642	0.00062131	0.06634179	
0.00000277	0.24299065	0.40225640	0.11443715	0.17421578	0.15228005	
0.00000000	0.50467290	0.21062994	0.99410299	0.10770015	0.46865600	
0.00000000	0.71028037	0.37289876	0.11355389	0.06083027	0.23011181	
0.00000000	0.56074766	0.29962400	0.99415480	0.05679659	0.07070290	
0.00000277	0.55140187	0.12035437	0.05685111	0.02926114	0.23958792	
0.00000831	0.60747664	0.13988715	0.47973295	0.01224142	0.07703072	
0.00000000	0.33644860	0.40495066	0.13574580	0.25856941	0.18007163	
0.00000554	0.31775701	0.12919125	0.41235339	0.23002621	0.00000000	
0.00000277	0.60747664	0.21685608	0.06173967	0.01108100	0.00600704	
0.00000554	0.20560748	0.40265493	0.13953785	0.24169050	0.00000000	
0.00000277	0.24299065	0.24787466	0.06057840	0.40647390	0.00000000	
0.00000554	0.24299065	0.36720717	0.12777923	0.15466222	0.00000000	
0.00000554	0.73831776	0.09842516	0.05515885	0.05416317	0.01833244	
0.00000000	0.35514019	0.48272620	0.10633503	0.42230466	0.00000000	
0.00000000	0.59813084	0.23496418	0.97484922	0.04300611	0.66644991	
0.00000000	0.29906542	0.44055831	0.41055062	0.48262581	0.02900831	
0.00000277	0.20560748	0.58001543	0.12925305	0.33461716	0.00902838	
0.00000000	0.69158879	0.26014320	0.85183232	0.06240454	0.41170923	
0.00000277	0.24299065	0.40865914	0.11324739	0.34835855	0.00000000	
0.00000554	0.71028037	0.09348624	0.40240791	0.08468623	0.05556515	
0.00000000	0.99065421	0.35005126	0.11220009	0.02485722	0.00104765	
0.00000000	0.37383178	0.38838658	0.39859342	0.06563079	0.16736373	
0.00000000	0.16822430	0.80625440	0.69749048	0.36814464	0.41663350	
0.00000277	0.35514019	0.11770307	0.72459513	0.06928908	0.35704814	
0.00000277	0.28037383	0.16511868	0.05342947	0.10082159	0.00000000	
0.00000554	0.35514019	0.19893175	0.39602136	0.00427824	0.13815539	
0.00000277	0.28037383	0.27754492	0.46586764	0.01997747	0.00000000	
0.00000000	0.37383178	0.43386919	0.16196288	0.03848030	0.00000000	
0.00000831	0.37383178	0.10481859	0.35803100	0.33423327	0.00000000	
0.00000000	0.56074766	0.32500826	0.22922846	0.14305174	0.16028744	
0.00000554	0.28037383	0.30022537	0.10299627	0.03085702	0.00000000	
0.00000554	0.65420561	0.09029251	0.46026419	0.06592972	0.11647281	
0.00001108	0.24299065	0.32184149	0.11522889	0.30933326	0.00000000	
0.00000831	0.47663551	0.08181717	0.52272325	0.29648237	0.00600704	
0.00000554	0.57009346	0.10904755	0.66246503	0.17466197	0.00000000	
0.00000277	0.41121495	0.28889708	0.94964665	0.00400473	0.34535693	
0.00000277	0.13084112	0.52960487	0.28780482	0.62578863	0.00000000	
0.00000831	0.50467290	0.11342901	0.22811468	0.07082716	0.30692537	
0.00000554	0.54205607	0.17608663	0.54386440	0.01452078	0.10240657	
0.00000277	0.95327103	0.20047098	0.14626199	0.00613904	0.00000000	
0.00000277	0.37383178	0.17060265	0.05136249	0.44519964	0.00901056	
0.00000277	0.24299065	0.36451291	0.10589815	0.22753533	0.18272675	
0.00000000	0.74766355	0.51851521	0.15156411	0.00017619	0.00000000	
0.00000277	0.80373832	0.12242816	0.04828621	0.03649823	0.00000000	
0.00000000	0.65420561	0.45453313	0.20355792	0.00006097	0.06812182	
0.00000000	0.74766355	0.39144596	0.31213968	0.03235756	0.00475768	
0.00000277	0.16822430	0.59193078	0.16215628	0.59505222	0.00000000	
0.00001108	0.37383178	0.30410091	0.22339880	0.00626921	0.00000000	
0.00000554	0.20560748	0.77142234	0.19405364	0.07961856	0.03296395	
0.00000000	0.46728972	0.56261371	0.18551896	0.02766327	0.05369891	
0.00000277	0.31775701	0.33039200	0.34976655	0.00626921	0.00000000	
0.00000277	0.80373832	0.10184632	0.47762280	0.06910406	0.42878275	
0.00000000	0.74766355	0.38819805	0.10573842	0.04998505	0.15162378	
0.00000277	0.24299065	0.32392483	0.38757129	0.32525905	0.16652875	
0.00000277	0.44859813	0.12246396	0.04708867	0.07799427	0.00000000	
0.00000554	0.55140187	0.16772464	0.06981158	0.00933559	0.00000000	
0.00000000	0.22429907	0.49975802	0.11444406	0.66238409	0.07704423	
0.00000000	0.22429907	0.55990514	0.17301696	0.60354186	0.21505065	
0.00000000	0.26168224	0.45248320	0.47270057	0.65200016	0.00000000	
0.00000000	0.29906542	0.68959229	0.16973346	0.11112024	0.00000000	
0.00000277	0.64485981	0.12401751	0.04612512	0.06907762	0.00000000	
0.00000000	0.44859813	0.40570715	0.29020161	0.54204072	0.00600704	
0.00000000	0.18691589	0.64812600	0.31653265	0.58644930	0.00000000	
0.00000000	0.41121495	0.47182268	0.09309741	0.68743766	0.16820772	
0.00000277	0.20560748	0.45681454	0.12245639	0.23579653	0.10753058	
0.00000831	0.33644860	0.18420520	0.05168886	0.55546430	0.00000000	
0.00000277	0.28037383	0.36082829	0.11141439	0.07920950	0.24233764	
0.00000554	0.18691589	0.57292540	0.18964513	0.83128330	0.00805153	
0.00000277	0.55140187	0.15935550	0.74083046	0.01328126	0.05912838	
0.00000277	0.65420561	0.22593877	0.09394699	0.00253972	0.20884687	
0.00000000	0.13084112	0.60406807	0.79873768	0.65924374	0.11496610	
0.00000277	0.09345794	0.85345285	0.40978392	0.70889462	0.00000000	
0.00000000	0.26168224	0.46436753	0.10401680	0.57449520	0.27050767	
0.00000554	0.20560748	0.39066799	0.10353934	0.28489391	0.23987625	
0.00000554	0.54205607	0.18220300	0.05982120	0.01001347	0.19797262	
0.00000000	0.13084112	0.65261007	0.64914280	0.56930639	0.16889253	
0.00000000	0.13084112	0.62720433	0.69790060	0.72760141	0.02031071	
0.00000277	0.85046729	0.11503029	0.04612512	0.02182301	0.13578456	
0.00000000	0.18691589	0.59796840	0.45334751	0.71001167	0.01158080	
0.00000000	0.99065421	0.47147665	0.12381106	0.07529382	0.00000000	
0.00000554	0.65420561	0.15976596	0.45237705	0.01050894	0.00000000	
0.00000277	0.22429907	0.41670135	0.11525910	0.63918074	0.00000000	
0.00000277	0.85046729	0.21135779	0.07753208	0.00504917	0.03113180	
0.00000831	0.70093458	0.06782325	0.02878464	0.03384781	0.04039361	
0.00000831	0.80373832	0.08693984	0.22977586	0.04228868	0.00000000	
0.00000277	0.44859813	0.10128217	0.66228976	0.06145205	0.30769277	
0.00000277	0.28037383	0.38006754	0.12082802	0.03880094	0.08790452	
0.00000554	0.54205607	0.13178051	0.71011249	0.01046857	0.36229829	
0.00001108	0.44859813	0.10235272	0.39482555	0.03594410	0.21349933	
0.00000277	0.50467290	0.09096524	0.95208143	0.21600634	0.28221540	
0.00000554	0.56074766	0.08785383	0.44358767	0.30042480	0.00000000	
0.00001108	0.59813084	0.08568029	0.69444528	0.06857605	0.00000000	
0.00000277	0.64485981	0.07687014	0.92252732	0.03297745	0.09632925	
0.00000277	0.41121495	0.14436645	0.31817742	0.05496493	0.28637678	
0.00000831	0.54205607	0.16968389	0.32397946	0.00397761	0.09380373	
0.00001108	0.74766355	0.27570499	0.42845748	0.00000000	0.13114171	
0.00000277	0.70093458	0.15524848	0.05587720	0.00584376	0.11991350	
0.00000000	0.29906542	0.60736132	0.84364731	0.10766931	0.01147748	
0.00000554	0.54205607	0.06880406	0.04828621	0.05737337	0.13419735	
0.00000000	0.39252336	0.51588539	0.13000680	0.10665137	0.00000000	
0.00000554	0.41121495	0.11999641	0.03940875	0.23358444	0.14616998	
0.00000000	0.29906542	0.38602164	0.10528341	0.55816727	0.06163767	
0.00000000	0.22429907	0.75006873	0.20087707	0.55623838	0.00510259	
0.00000000	0.29906542	0.46512641	0.13235697	0.42105859	0.28229349	
0.00000277	0.60747664	0.14828493	0.30717687	0.04984660	0.00000000	
0.00001108	0.44859813	0.14579829	0.12448883	0.01304520	0.14044512	
0.00000277	0.59813084	0.23903539	0.10346682	0.00181308	0.19804621	
0.00000277	0.59813084	0.07860697	0.92252732	0.27415505	0.16446534	
0.00001108	0.59813084	0.09430979	0.35974052	0.09606261	0.00000000	
0.00000554	0.50467290	0.06912814	0.04828621	0.33224145	0.00000000	
0.00000277	0.41121495	0.16877705	0.05233382	0.02949679	0.00000000	
0.00000554	0.65420561	0.30648970	0.19408386	0.00014803	0.00000000	
0.00000277	0.20560748	0.53299596	0.12090745	0.35978716	0.17506176	
0.00000277	0.96261682	0.16794658	0.26335771	0.01272307	0.00000000	
0.00000554	0.46728972	0.26352952	0.09404370	0.00366225	0.00000000	
