322000              7700                736.004             248.909             181.112             52.6148             
322000              8700                762.58              243.952             100.414             29.7309             
322000              6400                737.734             1563.02             1115.26             59.544              
202000              3400                1601.52             454.931             393.993             39.5569             
202000              3800                803.881             246.049             422.933             24                  
322000              3800                946.952             298.827             11.9625             116.861             
322000              3400                831.323             240.988             1496.96             82.8102             
322000              7100                941.872             318.762             0                   0                   
322000              3400                787.692             246.049             853.325             30                  
202000              3800                902.238             240.988             1930.67             52.8102             
322000              3400                1793.49             521.887             89.2601             99.9532             
322000              6000                740.228             216.256             2671.09             0                   
322000              6400                721.891             218.271             2690.85             89.544              
417000              8000                746.793             262.773             90.7341             29.7309             
202000              3400                1767.24             1466.38             269.054             0                   
202000              3400                1265.99             1466.38             766.646             109.44              
202000              6500                849.579             230.563             2304.97             24                  
322000              3800                820.98              263.401             161.54              73.3656             
202000              3400                999.044             3362.93             1085.47             193.168             
322000              9100                862.354             263.98              43.5684             0                   
202000              3400                1852.73             1466.38             183.561             172.241             
202000              6500                801.472             239.8               2785.95             0                   
322000              6400                729.007             213.557             2592.38             0                   
202000              3400                1323.48             470.909             709.149             111.329             
322000              9700                785.864             235.473             198.398             0                   
202000              3800                801.467             245.043             3011.97             54                  
202000              3800                1036.86             424.626             0                   0                   
202000              6100                903.26              238.139             2072.71             59.1954             
202000              3400                993.774             3024.79             883.564             307.131             
202000              3400                1155.11             359.25              837.2               82.4052             
202000              3400                1510.17             454.931             484.485             0                   
202000              6500                846.899             227.882             2399.75             54                  
322000              5400                810.806             213.557             1452.12             0                   
185000              6400                1304.89             2955.01             4140.33             206.888             
322000              6400                866.606             263.98              58.4418             0                   
202000              3800                1011.26             828.612             33.3804             0                   
322000              3400                1307                517.308             436.614             116.501             
322000              5800                847.741             267.869             142.168             0                   
322000              3000                978.277             259.132             1668.54             118.696             
195000              8400                4494.49             3030.17             7197.65             203.941             
322000              7000                883.064             378.618             24.566              109.36              
202000              3400                1958.02             1466.38             88.92               163.198             
322000              3400                1753.97             494.227             116.921             66.538              
322000              3400                1908.89             579.745             37.7349             139.798             
210000              6400                1053.24             224.499             6665.18             106.783             
322000              6700                791.919             207.556             1832.12             52.6148             
202000              3800                805.438             245.043             2882.04             0                   
322000              3000                1833.94             493.375             1067.34             0                   
322000              3000                1146.14             328.999             1500.68             102.235             
202000              3800                890.391             980.164             356.126             0                   
202000              3400                1883.69             1466.38             163.253             31.831              
202000              6500                899.394             240.231             2029.43             52.8102             
210000              6400                1002.55             200.801             7003.84             35.8102             
322000              3400                828.642             240.988             1591.86             112.81              
305000              5400                1156.11             235.514             5194.63             0                   
185000              8000                3059.79             3216.15             10662.1             81.6385             
322000              3000                1962.67             563.139             938.605             0                   
202000              3400                1944.09             1466.38             95.7692             48.1507             
210000              3400                1138.09             3011.07             839.704             509.046             
202000              5800                903.414             230.563             2499.69             24                  
322000              6400                745.717             213.557             1305.38             0                   
322000              3000                1529.5              617.665             1126.33             0                   
202000              3400                1205.55             1466.38             786.762             162.934             
185000              6000                1334.87             2955.01             4101.34             266.888             
322000              5200                824.91              216.256             2593.89             0                   
202000              3400                1763.12             1466.38             255.28              79.9817             
322000              3000                1589.3              525.97              920.371             118.695             
202000              3400                1025.43             278.8               1836.09             28.8102             
322000              6700                748.686             213.576             927.665             65.7779             
322000              3400                1436.72             406.894             471.707             104.889             
202000              3400                1153.49             1466.38             838.816             29.2671             
202000              6500                915.907             235.052             2186.13             118.81              
322000              3000                1033.47             320.058             1613.34             88.8102             
322000              6400                735.485             218.271             1117.5              89.544              
202000              4800                1062.89             417.279             13.3497             93.4781             
417000              9700                784.165             235.473             198.398             0                   
210000              3400                1127.54             3011.07             850.897             465.401             
322000              7100                892.795             265.596             45.7136             69.3656             
301000              3400                880.373             1979.27             1311.57             0                   
322000              4400                771.075             309.612             58.4418             0                   
301000              3400                933.745             1624.93             894.867             114.136             
185000              8000                3491.26             3239.55             10005.4             182.883             
202000              3400                1332.82             1479.18             727.464             0                   
202000              3400                916.735             241.413             1962.46             92.3908             
202000              3400                1868.34             599.927             167.96              10.698              
322000              3800                875.29              582.366             36.4404             80.849              
322000              6100                873.784             234.738             1008.72             118.946             
322000              3000                975.673             259.132             1671.15             30                  
202000              3400                1171.02             1466.38             821.287             87.5864             
202000              3400                1057.71             1466.38             934.593             0                   
322000              3000                1279.53             328.999             1398.84             0                   
322000              6700                737.686             216.256             758.553             23.8916             
322000              7700                843.892             330.787             24.2331             52.6148             
185000              8000                3164.29             3216.15             10556.8             43.6942             
202000              6500                905.584             235.613             2051.9              0                   
301000              3400                876.68              1979.27             1315.84             54                  
202000              3400                1951.36             700.442             134.704             36.5062             
202000              4800                990.894             366.952             33.3804             45.8975             
305000              5400                1095.14             234.231             3519.56             151.383             
202000              3400                1831.18             555.118             217.259             117.36              
202000              3400                1960.9              702.911             87.6468             117.36              
202000              3400                1941.07             599.927             147.171             94.0614             
322000              3400                1554.07             1574.67             382.815             0                   
322000              6500                803.56              243.201             857.274             0                   
322000              3000                1439                406.894             1104.14             14.5103             
322000              3400                1829.46             589.405             53.0444             39.2051             
202000              3400                961.827             300.112             1519.53             74.4145             
322000              3400                1950.17             691.047             8.83316             0                   
322000              7000                740.002             265.227             88.2805             93.6826             
322000              3400                842.262             1241.17             728.305             0                   
202000              3400                1123.27             3024.79             807.945             292.532             
322000              5800                784.384             208.659             1667.46             59.544              
202000              3400                1816.6              795.039             219.7               0                   
202000              3400                1671.6              650.043             323.057             0                   
202000              3400                904.35              240.988             1974.85             28.8102             
322000              4400                773.944             288.742             52.3535             40.06               
185000              6000                1305.18             2955.01             4442.6              206.888             
322000              5200                848.202             235.402             1200.86             60.2301             
322000              3000                1716.82             521.155             850.519             14.5103             
305000              5000                1106.58             238.764             4473.13             86.0828             
202000              3400                1114.25             424.626             1553.99             0                   
210000              6000                1056.52             207.188             6125.01             0                   
322000              3400                1797.7              1466.26             81.6898             96.538              
322000              4400                798.338             271.879             153.071             73.3656             
202000              3400                1960.79             1467.87             87.6468             117.36              
202000              3800                872.524             829.086             216.202             88.9459             
322000              3800                985.255             297.712             0                   43.3656             
322000              7700                822.757             293.956             25.7313             96.3392             
202000              3400                1439.84             1466.38             639.454             68.6067             
322000              3400                848.927             246.504             718.47              0                   
322000              7700                925.071             322.211             10.8579             0                   
322000              7100                832.08              236.153             859.73              0                   
210000              6400                1037.72             221.209             6680.69             0                   
322000              6000                736.061             209.429             1563.13             30                  
202000              3400                1185.18             2972.99             657.033             222.905             
307000              5800                1174.38             462.507             -1.42109e-14        112.853             
322000              7000                848.155             341.147             49.2679             29.7309             
297000              4800                968.367             576.728             33.3804             0                   
322000              3800                834.369             659.392             154.387             23.4968             
202000              3800                873.906             753.752             136.676             124.204             
202000              3400                1016.66             339.735             1939.52             0                   
202000              3800                943.609             753.752             70.658              104.439             
322000              6100                814.99              243.201             967.286             73.3656             
322000              3000                1656.72             463.747             949.101             104.524             
322000              3000                978.354             261.813             1668.47             0                   
322000              3400                1661.04             417.165             196.389             0                   
322000              6400                725.988             213.557             2594.63             59.544              
322000              4800                861.283             266.203             380.208             0                   
202000              3400                1713.77             552.838             280.89              24                  
210000              6000                1028.25             182.381             6996.38             72.5489             
202000              3800                963.789             249.595             350.464             116.481             
322000              6400                763.64              1466.26             900.467             119.806             
202000              6100                902.381             239.013             2072.73             0                   
202000              3400                974.668             299.346             1904.53             118.379             
322000              6400                739.031             1466.26             1017.2              89.544              
322000              3400                1962.03             691.047             8.72909             33.3111             
202000              3800                944.844             673.001             33.3804             30                  
202000              3400                1302.06             584.837             745.421             0                   
202000              3400                1784.35             552.838             251.709             84.0678             
322000              3400                1950.79             691.047             7.73871             66.538              
322000              7700                745.503             242.673             198.398             0                   
417000              5800                806.404             278.115             56.8256             0                   
202000              3800                920.081             246.361             356.126             0                   
210000              6000                1028.53             182.381             6903                24                  
322000              3400                1891.04             507.007             56.7995             0                   
202000              3800                875.929             297.894             132.38              98.2041             
202000              3400                1343.15             422.974             718.016             57.8882             
322000              3000                1076.14             359.597             1575.49             0                   
322000              3400                1576.92             1510.06             291.031             39.2051             
202000              3400                1209.77             359.25              782.535             0                   
322000              6100                858.027             243.201             828.307             0                   
322000              4400                1020.3              321.604             10.8579             40.06               
202000              6500                798.418             239.8               2915.88             54                  
202000              5800                906.775             230.783             2462.46             0                   
202000              3400                1553.45             1466.38             441.201             38.2707             
210000              6000                1077.1              197.75              6890.36             0                   
322000              6400                755.291             1564.17             1006.72             29.544              
202000              3400                1670.67             479.374             367.756             114.668             
322000              3000                1269.1              486.642             1369.03             58.1967             
210000              6800                1054.65             209.884             6522.01             30                  
202000              3800                801.2               246.049             517.705             54                  
202000              3800                887.697             241.862             1991.84             0                   
322000              3000                1510.84             431.016             1032.3              52.5656             
322000              4400                959.861             398.215             10.8579             0                   
202000              3400                983.064             3117.11             994.115             299.191             
322000              6400                760.555             1466.26             903.552             59.544              
202000              3400                1941.71             702.911             105.229             75.3064             
322000              5400                791.78              213.576             2259.7              30                  
322000              3000                974.798             259.132             1672.02             58.8102             
202000              3800                880.501             758.324             132.38              60.1357             
322000              3400                1024.82             338.803             512.81              0                   
322000              7000                729.722             278.918             86.8391             0                   
322000              7000                726.39              278.918             86.8391             52.6148             
202000              3800                951.247             300.018             33.3804             77.5357             
202000              3800                1028.45             424.626             11                  38.0684             
322000              8000                766.356             311.142             54.6149             29.7309             
202000              3400                1916.65             1466.38             130.293             252.223             
322000              3800                855.886             278.115             56.8256             0                   
322000              3800                1022.92             321.65              11.9625             0                   
202000              3400                905.224             241.862             1973.97             0                   
