99000               3090                1979.01             131.22              63.8814             36.3748             
125000              3930                1592.62             134.473             189.286             38.4934             
99000               3120                1559.93             113.279             649.22              35.0299             
75000               4380                2081.41             155.553             171.644             18.5803             
145000              3120                1536.17             130.61              617.145             0                   
125000              3150                2062.5              184.427             52.664              16.3732             
104000              3300                1824.82             179.493             242.65              10.976              
99000               4200                1308.05             99.7708             564.083             44.1114             
99000               3720                2233.51             185.561             2.42485             43.1348             
75000               4290                2251.04             155.553             157.036             0                   
99000               4080                1908.69             108.679             369.669             0                   
75000               4110                1677.51             135.609             359.595             26.9425             
125000              3480                1719.76             173.28              236.746             0                   
118000              3930                2229.67             165.106             2.67764             35.2508             
75000               4260                2139.88             198.312             23.1504             21.4005             
122000              3150                2297.1              169.411             27.0601             0                   
95000               4170                2095.07             136.362             111.892             35.807              
75000               3780                1560.82             130.048             432.294             0                   
119000              3780                2019.48             160.575             17.3508             12.6236             
98000               3960                1575.96             164.674             378.356             0                   
119000              3120                1657.86             182.294             541.491             15.8495             
119000              3210                1786.67             174.234             380.897             22.8495             
144000              3600                2763.06             143.499             19.4507             0                   
99000               3690                2273.32             135.535             18.8662             23.2184             
75000               4470                1852.19             125.984             453.182             43.415              
125000              3240                1657.35             142.626             441.491             43.2872             
75000               3930                1413.5              158                 542.267             0                   
99000               3120                1713.62             109.973             574.398             26.1919             
99000               3270                1756.22             168.234             273.51              39.8685             
99000               3660                1779.36             160.575             18.0998             34.1534             
75000               4320                2169.42             138.609             23.1504             18.5803             
145000              3270                1525.57             103.973             628.769             0                   
99000               3090                1858.83             154.603             166.021             27.3283             
75000               3420                1391.42             161.03              504.794             36.3414             
99000               4350                1267.72             99.0621             595.555             30.9634             
75000               4110                2372.89             169.44              0                   9.21664             
75000               4110                1700.8              168.243             372.652             0                   
75000               3810                2185.84             179.687             172.66              0                   
119000              4080                2340.91             157.15              0                   17.0463             
99000               3720                1392.82             120.577             621.764             24.6586             
75000               3660                1618.1              179.161             358.283             17.4436             
122000              3660                1873.75             165.032             17.8069             30.159              
99000               4410                1459.53             123.999             492.852             0                   
99000               3120                1694.85             105.109             597.958             38.9414             
125000              3150                2003.83             131.22              102.798             23.4991             
119000              4230                2665.6              135.642             7.51812             0                   
99000               3090                2316.93             174.36              34.1541             44.4321             
144000              3360                2865.32             149.11              10.6665             28.4729             
75000               3570                1381.11             135.609             550.001             44.3414             
99000               3240                1944.92             161.881             70.0954             40.7428             
99000               4410                1348.62             102.354             569.362             18.4456             
163000              3510                4841.27             194.956             0.15294             0                   
75000               4320                1666.07             124.587             531.352             5.85881             
75000               4170                1755.05             125.179             489.489             34.4765             
99000               3510                1536.77             108.285             278.524             21.426              
99000               3930                2272.61             135.578             18.8662             0                   
125000              3210                1401.21             126.645             681.563             17.1852             
75000               4260                2302.08             138.609             1.51477             0                   
99000               4080                1637.11             134.473             134.146             30.95               
145000              3240                1567.86             141.558             471.416             21.8313             
75000               4320                1610.95             124.688             600.345             18.096              
125000              4020                2069.96             145.391             71.5848             0                   
119000              3360                1518.84             105.109             577.819             29.1472             
99000               3390                1697.62             127.852             207.7               41.0653             
75000               4410                2129.61             161.613             60.2496             35.6474             
99000               4020                1370.8              99.0621             635.872             0                   
99000               3720                1517.63             107.32              261.721             33.5365             
75000               3420                1508.74             161.03              423.043             17.3852             
119000              3090                2212.14             179.975             16.5862             44.554              
75000               3420                1418.4              135.609             500.658             17.3852             
125000              3240                1746.27             142.626             320.728             24.6586             
99000               4050                1272.08             108.319             601.848             43.6797             
99000               3690                2277.16             135.535             18.6134             43.0377             
119000              3180                1552.38             105.109             674.328             23.8495             
118000              3930                2223.26             156.468             25.6225             0                   
99000               3870                1699.52             173.126             173.319             25.7087             
99000               3450                1535.34             110.609             293.682             0                   
75000               4260                2370.38             181.923             0                   0                   
99000               4350                1246.42             102.354             598.078             10.5624             
99000               3480                1417.58             111.918             624.832             7.80366             
99000               4350                1240.87             99.0621             625.908             39.954              
99000               3630                1640.86             106.707             487.861             42.733              
145000              3120                1840.94             182.294             461.085             0                   
119000              3120                1518.9              139.957             622.108             0                   
75000               3720                1915.76             171.22              336.147             8.05344             
99000               4350                1379.01             134.113             516.639             33.2407             
99000               3090                2260.68             179.975             16.5862             30.4968             
99000               3240                1609.64             153.472             452.301             46.8685             
99000               3180                2333.01             179.975             16.5862             7.25204             
99000               3120                1569.34             107.668             638.616             0                   
145000              3120                1599.29             103.973             596.03              39.5525             
99000               3510                1865.03             206.975             18.0998             21.0907             
119000              3600                2814.51             144.879             18.9971             0.197665            
75000               4320                1651.77             124.587             630.074             0                   
99000               3060                2089.16             172.963             143.484             43.2271             
121000              3150                1724.96             174.966             411.457             0                   
119000              3090                2333.6              202.778             16.5862             29.7987             
75000               4230                2138.72             155.553             208.899             24.3271             
75000               3510                1562.86             167.973             407.988             40.508              
99000               3210                1741.53             104.15              545.502             0                   
119000              3090                1957.37             184.427             111.578             25.4738             
99000               4050                1369.53             160.076             523.974             21.3738             
99000               4080                1560.38             133.509             245.761             0                   
145000              3360                1567.17             126.617             543.101             0                   
145000              3150                1497.22             117.468             517.911             7.80366             
99000               3870                1590.09             107.881             234.783             15.7193             
99000               3870                1588.87             107.68              238.906             38.9771             
99000               4260                1447.33             108.197             522.241             37.3808             
99000               3960                1332                130.821             621.805             37.627              
125000              3780                1506.41             107.668             303.406             25.4906             
99000               3120                1838.25             169.915             516.146             12.6748             
99000               4020                1765.15             179.569             130.445             0                   
99000               4110                2161.74             145.002             2.42485             42.6148             
75000               3930                1398.8              133.968             546.606             11.0294             
99000               4260                1286.96             158                 610.515             0                   
145000              3210                1477.09             106.619             593.324             25.8455             
99000               3180                2086.7              197.163             45.2852             11.9111             
75000               4170                2179.76             136.362             47.808              41.9956             
95000               4320                2095.07             138.609             62.9584             20.9655             
125000              3510                1543.98             113.806             269.74              0                   
75000               3810                2711.92             195.829             0.764616            32.3051             
75000               4260                2210.71             160.904             0                   44.5528             
99000               3960                2276.49             192.179             0.252784            0                   
75000               3930                2188.01             152.848             316.002             0                   
75000               3810                2315.23             148.394             75.971              0                   
163000              3270                4776.51             199.431             20.516              0                   
145000              3210                1481.39             138.921             579.418             36.3088             
119000              4290                1324.33             103.51              699.991             0                   
125000              3540                1843.59             139.363             174.192             17.6658             
99000               3930                1746.44             158.417             95.6959             40.9212             
99000               3510                1873.53             206.975             18.6047             9.70123             
125000              3180                1696.97             105.109             630.228             8.04586             
75000               3780                1596.67             166.366             413.612             25.6959             
125000              4080                1845.89             108.679             410.859             0                   
75000               4410                2191                161.613             0.255434            9.29191             
75000               3810                1595.04             135.609             358.204             42.8932             
145000              3120                1501.04             103.973             630.083             12.783              
99000               3180                2057.27             162.875             95.7318             0                   
75000               4080                2225.15             138.609             9.84235             25.1307             
75000               4410                2195.47             161.613             0                   26.4307             
144000              3450                2805.59             141.353             12.4109             6.64435             
75000               4380                1594.43             124.688             604.597             41.1428             
99000               3210                1672.05             105.109             457.694             8.04586             
99000               3450                1765.04             187.451             192.56              20.0077             
99000               3090                2041.52             149.697             58.3854             11.0824             
75000               4320                2143.39             139.814             80.6384             0                   
75000               3810                2319.41             144.064             31.7137             38.4359             
75000               3660                1446.66             152.563             419.871             0                   
99000               3090                2011                133.388             78.8813             2.50903             
125000              3870                1448.54             145.768             383.589             7.42215             
75000               4560                1761.02             124.587             472.706             1.18366             
75000               4200                2109.61             155.553             301.255             35.807              
75000               4380                1592.6              124.688             606.428             30.5373             
144000              3360                2845.75             152.645             10.6665             14.6055             
99000               3960                2129.99             166.618             2.42485             20.3746             
99000               3720                2701.37             188.414             0                   0                   
99000               4020                1369.41             99.0621             635.872             17.6056             
78000               3480                2997.03             182.531             105.841             4.17818             
99000               3780                1495.41             134.232             298.274             44.6523             
125000              3150                1979.05             133.388             107.514             2.50903             
75000               3270                1455.81             140.609             511.041             36.3414             
99000               4170                1226.15             136.828             641.549             38.1778             
75000               3810                1409.82             133.968             452.885             29.491              
145000              3120                1893.61             143.261             421.868             0                   
99000               3270                1595.55             104.15              638.419             15.8037             
75000               3900                2579.5              175.713             0.764616            38.5408             
99000               4410                1234.92             113.354             624.821             0                   
144000              3510                2896.91             149.11              7.51812             44.9412             
119000              4230                2627.32             137.799             7.51812             13.4595             
145000              3120                1725.8              133.213             531.858             15.2329             
125000              3300                1831.93             162.975             181.757             10.976              
125000              3240                2051.36             133.854             57.2952             40.1807             
125000              3390                1588.31             113.806             412.13              10.2693             
99000               3120                1805.08             124.564             504.045             17.7111             
75000               3780                1416.52             158                 544.606             9.38516             
99000               3180                1973.62             141.296             43.225              26.0482             
75000               3420                1742.15             152.35              322.448             43.1517             
125000              3300                1739.06             116.011             225.438             4.79567             
75000               3570                2055.13             164.251             233.121             0                   
125000              3660                1489.51             109.924             299.116             6.18034             
75000               3810                2619.39             183.329             0.764616            42.3501             
99000               3330                1722.55             198.38              334.267             5.81285             
125000              3300                1722.08             114.018             233.783             29.2442             
99000               4260                1364.72             188.254             561.62              0                   
75000               3960                2456.47             196.924             0                   0                   
75000               3330                1526.78             135.609             459.111             43.1446             
99000               3660                1648.16             117.328             208.96              0                   
145000              3480                1725.75             185.428             225.85              0                   
75000               3960                1671.65             167.598             294.591             10.4959             
75000               3720                2326.8              148.394             1.97098             14.3647             
99000               3240                2226.66             184.427             27.8579             0                   
99000               3090                1823.98             140.86              135.01              44.4559             
125000              3570                1515.83             109.924             273.937             44.29               
163000              3330                4688.6              205.646             0.15294             1.87772             
99000               4230                1232.23             136.828             684.881             0                   
125000              3150                1410.67             128.023             635.354             0                   
119000              3120                1627.67             131.165             570.8               39.5525             
99000               3120                1494.46             136.276             631.415             7.80366             
99000               3120                1810.83             166.749             520.752             0                   
99000               3120                1934.65             144.567             420.991             0                   
