105000              3810                1695.75             179.727             181.132             0                   
80000               3090                1544.06             149.142             610.149             57.4254             
104000              3870                1639.23             138.854             73.1215             60.3048             
80000               3240                2144.39             175.515             315.004             0                   
104000              3120                1559.66             144.309             412.029             72.2736             
147000              3690                1773.77             112.616             445.618             0                   
104000              3930                1442.55             133.723             329.162             1.21741             
100000              4140                1297.12             141.318             709.717             0                   
100000              3900                1950.58             185.565             19.626              0                   
105000              3870                1591.98             129.397             181.893             22.647              
80000               3810                1442                157.737             230.223             32.5981             
105000              4020                1686.27             116.072             169.658             0                   
80000               3150                1766.16             156.29              65.476              45.8889             
127000              3720                1820.71             155.698             380.903             0                   
127000              4020                2294.52             132.556             90.7925             0                   
104000              4050                1905.96             136.29              22.033              7.12665             
122000              3180                2167.41             185.937             82.656              10.6252             
104000              3660                1369.12             121.357             256.878             73.61               
80000               3810                2148.94             134.932             9.62069             21.3517             
80000               4200                1865.29             120.935             192.013             14.0809             
127000              3210                1878.2              118.317             504.958             43.7955             
127000              3540                1829.51             112.616             441.879             22.1619             
80000               3030                1864.4              175.705             325.511             24.8444             
100000              3390                1606.66             110.951             486.499             15.2615             
80000               4110                1342.79             146.172             471.938             0                   
61000               3750                1732.09             175.929             38.1232             6.02519             
80000               3090                2223.25             175.705             268.323             0                   
103000              3270                2483.31             187.27              0                   0                   
147000              3630                1752.99             124.268             397.546             0                   
80000               3450                1372.92             142.419             317.178             4.61045             
104000              4380                1305.92             121.327             635.366             0                   
100000              3780                1372.82             141.318             588.758             27.4745             
80000               3030                1566.8              120.813             477.511             27.2265             
80000               3570                1320.94             150.75              429.981             56.5923             
105000              4110                1703.67             164.477             149.855             0                   
80000               3600                1682.14             164.922             44.7212             69.5165             
80000               3150                2278.11             149.649             271.344             0                   
127000              3600                1762.42             112.616             548.971             0                   
80000               3330                2579.45             182.022             4.83882             0                   
104000              3210                1447.89             142.825             196.472             44.1314             
128000              4320                2180.84             134.664             61.9144             28.024              
80000               3960                2300.95             184.814             7.52239             12.6813             
104000              3420                1482.91             120.935             246.407             36.404              
80000               3810                2235.1              170.61              7.83357             12.6813             
80000               3960                1545.82             157.531             82.3516             57.3334             
80000               3600                1812.55             175.86              4.19416             15.4691             
123000              4230                2190.67             134.664             44.5583             43.2777             
80000               3540                1917.86             121.059             258.503             0                   
104000              3900                1968.07             169.101             18.8689             0                   
104000              3660                1378.32             121.357             236.499             53.7461             
80000               3960                1297.89             122.18              274.824             43.0665             
80000               3150                1889.36             176.387             0                   15.8815             
80000               3120                2004.64             188.882             243.321             20.9528             
80000               3300                1872.25             155.925             0                   40.9589             
80000               3510                1724.39             138.854             9.77835             43.8998             
122000              3180                2247.74             185.937             72.8533             0                   
80000               3810                1441.49             163.919             179.199             49.5146             
100000              3840                1212.25             174.042             547.047             60.3574             
128000              4290                2264.47             202.297             2.81788             0.599267            
61000               3900                1733.53             137.791             95.4522             51.1262             
104000              3030                1599.38             120.813             427.515             21.528              
100000              3240                1720.92             113.786             459.53              54.3256             
104000              3480                1804.53             117.047             438.295             11.5816             
127000              3720                1756.31             112.616             388.666             11                  
103000              4380                2115.1              134.664             113.431             23.4734             
80000               3810                1404.49             121.327             190.784             51.476              
104000              3090                1585.67             165                 542.958             0                   
127000              3180                1890.04             153.787             188.373             0                   
80000               3960                1732.37             169.955             6.98215             38.8898             
100000              4080                1305.17             150.472             625.853             4                   
103000              3270                2172.49             168.302             33.0431             18.9556             
127000              3720                1843.91             113.058             332.885             0                   
129000              3870                1643.99             116.072             169.658             0                   
105000              3870                1562.81             115.796             221.54              7.86796             
80000               3300                1972.06             131.259             305.698             2.87852             
80000               3450                1473.65             172.238             162.627             49.305              
80000               3090                1573.58             141.038             558.225             12.2001             
105000              4110                1785.18             140.505             125.323             0                   
80000               3870                1514.24             157.43              353.177             0                   
80000               3960                1751.85             171.059             4.19416             55.5177             
147000              3240                1900.41             118.317             474.354             19.714              
80000               3960                1652.72             167.588             180.414             0                   
105000              3810                1649.14             116.082             174.133             41.624              
100000              4230                1290.79             141.318             628.562             0                   
103000              3300                1957.86             184.175             174.401             0                   
80000               4020                1275.62             137.302             391.256             51.0665             
104000              3330                1536.36             173.142             581.971             0                   
80000               3210                1489.47             121.313             223.396             56.7688             
80000               3780                1254.92             123.14              428.509             60.3574             
80000               3360                1359.93             147.394             306.176             58.5235             
80000               4260                1484.59             121.327             279.916             0                   
123000              3270                1896.77             146.172             253.849             9.1082              
103000              3180                2538.09             179.34              8.71458             5.29521             
147000              3300                1653.6              118.317             504.568             11.7816             
80000               3900                1660.86             159.716             37.903              20.8564             
80000               3930                2180                134.894             17.7084             57.5202             
80000               3150                1878.21             150.395             0                   24.7981             
80000               3660                1372.12             165.18              330.019             31.2136             
127000              3270                2114.42             142.172             118.964             0                   
80000               3600                1606.45             166.78              141.914             40.1992             
80000               3030                1614.05             146.17              395.682             39.8574             
80000               3030                1709                134.23              377.459             57.4254             
80000               3090                1593.91             173.142             546.983             0                   
103000              4140                2264.52             194.282             2.81788             4.42265             
80000               3630                1899.03             117.667             410.976             52.5149             
127000              3150                1927.35             120.623             453.352             51.2331             
80000               4050                1763.2              154.621             4.19416             44.6902             
80000               3030                1706.77             180.359             390.504             9.94642             
80000               3720                2604.54             166.605             4.83882             0                   
80000               4260                1339.7              121.327             465.744             7.93438             
80000               3480                2422.38             182.022             120.512             0                   
80000               4050                2111.28             135.256             49.9417             0                   
100000              3180                1516.25             130.864             469.016             54.3256             
147000              3510                1823.3              112.616             496.938             0                   
80000               4080                1317.73             164.828             575.789             0                   
80000               4020                1261.58             121.974             415.49              52.3574             
80000               3150                1866.06             187.047             75.1531             13.8369             
80000               3300                1489.12             148.323             147.95              4.61045             
104000              3210                1371.89             133.723             284.94              54.6475             
105000              3930                1563.63             147.434             254.258             0                   
103000              4320                2098.94             134.732             117.301             63.8977             
80000               3300                1667.73             138.854             61.6916             4.61045             
104000              3120                1687.3              175.705             369.186             0                   
80000               3030                1545.34             120.813             489.774             57.4254             
100000              3390                1515.09             110.951             534.108             32.9973             
80000               3030                1568.43             153.013             487.853             17.7167             
80000               4350                1381.63             146.172             434.027             0                   
99000               3210                1738.39             187.191             75.6879             53.4787             
80000               4260                1310.11             120.904             497.863             0                   
80000               3480                2029.8              188.882             205.122             0                   
103000              3510                2091.41             184.68              40.302              0                   
80000               3030                1731.44             164.253             331.608             15.5111             
61000               3750                1672.5              147.464             42.4539             13.6001             
105000              3720                1614.44             116.072             178.017             28.3617             
80000               3750                1619.34             172.343             72.149              4.61045             
103000              3210                1900.59             125.431             197.384             27.557              
80000               3210                1552.63             120.972             465.439             0                   
80000               3630                2127.87             134.932             61.5                16.2884             
100000              3240                1601.04             110.951             501.448             44.5899             
80000               3210                1360.66             131.286             308.846             61.0323             
100000              3240                1520.07             110.951             541.056             54.3256             
80000               3810                1658.68             138.854             14.0942             60.3048             
80000               3870                1329.51             154.832             386.004             33.5913             
80000               4110                1591.64             121.171             211.58              0                   
80000               3630                2639.39             173.675             2.30915             5.92145             
104000              3090                2007.15             171.039             365.545             0                   
80000               3390                2444.05             157.378             34.5406             0                   
80000               3810                2384.74             203.032             5.60343             0                   
80000               3090                1887.2              149.649             448.318             0                   
80000               3210                1417.71             146.172             206.397             44.1314             
103000              3300                2164.1              136.713             63.312              11.0594             
104000              4170                1308.31             120.935             562.712             0                   
127000              3180                1938.94             118.559             385.276             18.883              
123000              4380                2117.52             134.664             93.5684             38.7271             
100000              3180                1509.77             141.318             554.424             40.761              
80000               4050                1956.65             126.921             137.675             34.3064             
103000              4320                2083.54             147.172             11.0496             0.599267            
147000              3600                1718.16             112.616             587.166             0                   
80000               3210                1381.48             123.523             265.7               28.9258             
80000               3900                1448.53             139.608             201.971             4.61045             
103000              4020                2317.07             132.556             40.484              0                   
103000              3360                1893.14             122.897             184.223             0                   
127000              3720                1751.37             112.616             407.951             26.9701             
80000               3990                1355.55             120.935             596.336             0                   
80000               3150                1858.39             150.395             0                   57.0902             
103000              4470                2342.66             134.41              31.1044             11.9276             
80000               3090                2052.78             147.764             357.645             0                   
103000              3180                2419.29             154.236             74.4108             0                   
103000              4320                2149.71             134.664             43.1671             68.4483             
80000               4110                2212.95             176.228             6.75777             2.82701             
105000              3810                1894.37             212.106             155.355             0                   
80000               3810                1300.55             120.935             416.266             26.1499             
103000              4620                2337.4              176.276             6.32725             0                   
123000              4290                2275.79             134.664             15.0512             43.2777             
80000               3120                1975.65             171.039             218.44              28.2522             
80000               3480                1794.62             120.55              432.424             27.5072             
80000               3480                1899.37             181.164             357.21              0                   
80000               3600                1507.51             131.083             154.762             60.6144             
105000              4260                1517.27             121.327             254.93              0                   
104000              3720                1713.09             112.616             420.645             0.232171            
104000              3480                1357.87             131.286             443.662             61.0323             
80000               3660                1274.94             120.904             330.903             52.3574             
80000               3300                1484.61             123.523             193.381             20.8124             
103000              4530                2281.67             146.62              6.48026             7.43223             
103000              3150                2499.98             173.677             158.616             0                   
104000              3270                1361.46             123.523             351.697             54.6475             
80000               3450                2061.56             185.837             0                   13.8369             
100000              3450                2361.48             163.567             117.37              0                   
80000               3900                1331.74             124.569             226.141             60.7981             
103000              3210                2182.51             142.172             33.0431             0                   
127000              3270                1851.6              123.969             277.393             0                   
80000               3150                1722.78             154.528             133.083             60.9149             
104000              3030                1546.42             120.813             484.137             69.0069             
99000               3420                1874.75             152.728             6.98215             8.02763             
80000               3330                2579.6              166.605             4.83882             9.85434             
80000               3120                1780.53             120.813             293.675             9.94642             
80000               3480                1813.44             117.047             417.371             0                   
80000               3810                2188.31             138.634             8.57247             0                   
61000               3720                1818.65             147.464             37.903              7.46868             
80000               3300                1835.91             179.261             29.0484             61.048              
