42000               4330                1766.57             161.929             0.740419            7.89214             
103000              2370                2005.37             184.646             129.292             0                   
103000              2280                2058.98             193.508             557.842             22.1385             
106000              2400                1923.03             161.324             247.924             0.29563             
65000               3180                1243.8              116.93              797.637             36.8597             
83000               4090                1493.09             126.028             167.019             43.2502             
133000              2740                4053.4              220.629             4.68853             8.24539             
42000               4020                1715.82             123.217             68.2448             42.2927             
106000              4050                1612.83             127.355             43.9855             47.385              
101000              3040                1322.48             158.801             700.668             25.6862             
65000               3250                1293.62             172.286             592.211             17.2359             
123000              3910                1575.51             111.045             380.144             0                   
61000               2640                1423.67             140.047             733.102             50.3974             
84000               3000                2027.48             163.868             4.89565             48.1403             
42000               2290                1937.01             160.977             404.042             29.3628             
61000               3930                1778.63             180.474             1.04657             36.7682             
83000               4320                1521.59             185.345             314.419             21.0271             
42000               3470                1581.51             96.1073             801.902             0                   
209000              3140                3400.67             197.416             3.69097             0                   
42000               3960                1535.16             138.18              44.761              13.4049             
42000               2210                1454                109.627             753.696             8.17341             
42000               2340                2242.65             208.973             72.5587             0                   
65000               2720                1764.08             102.679             802.769             37.0789             
42000               4080                1697.88             152.098             0.952967            0                   
85000               3710                2140.93             148.101             5.70418             31.1749             
42000               3340                1282.54             103.689             633.72              26.924              
128000              2310                2274.21             161.791             66.1501             21.6253             
84000               3190                1312.72             132.535             845.902             0                   
42000               3800                1738.91             122.724             63.1127             0                   
166000              3140                3430.9              200.794             -7.10543e-15        8.15649             
90000               2320                1779.37             224.02              498.379             0                   
42000               2840                1344.94             132.243             735.989             42.8942             
42000               2450                1867.9              209.878             77.5368             17.4929             
188000              3200                3345.42             219.58              -7.10543e-15        12.0029             
42000               4690                1783.59             147.133             0.740419            18.3537             
123000              3810                1229.79             118.296             918.964             19.8231             
209000              3150                3254.07             213.915             0.499809            4.88303             
42000               2320                2087.78             155.205             13.5467             5.57847             
61000               2390                1530.78             175.892             578.347             33.3708             
106000              2480                1424.11             109.509             812.911             27.5399             
42000               2350                2234.3              175.988             7.34384             31.4115             
42000               2290                1721.21             109.627             524.803             34.1345             
102000              3240                1572.93             170.689             205.085             52.6201             
103000              3240                1739.84             212.134             112.946             48.1738             
42000               2340                1936.48             130.493             112.16              17.9412             
61000               3230                1315.28             148.906             734.2               0                   
42000               2360                1559.02             207.182             510.314             8.17341             
86000               2450                2558.15             212.09              7.34384             9.545               
123000              3940                1439.41             149.201             501.936             0                   
42000               2250                1481.13             127.828             652.55              16.0014             
103000              3160                1569.51             189.192             442.994             2.33705             
42000               3420                2465.06             157.431             0.305878            47.4218             
83000               3870                1909.72             161.287             53.8838             0                   
86000               3360                1317.87             112.179             563.865             40.2858             
83000               3040                1809.21             95.3391             873.599             8.85405             
42000               3030                1389.18             139.212             748.437             0                   
42000               3750                1800.61             227.041             33.3967             61.8669             
85000               3880                1716.42             180.413             9.02526             15.7474             
123000              3480                1516.77             197.055             415.932             0.0439703           
123000              3810                1227.73             132.896             943.813             17.4742             
123000              3850                1225.17             132.636             800.973             0                   
123000              4160                1461.03             122.208             284.78              24.6543             
42000               3920                1362.55             119.326             518.567             0                   
42000               3500                2508.36             179.678             0.305878            38.5795             
101000              3120                1317.45             134.93              722.418             22.0366             
42000               4120                1447.96             138.175             450.611             49.1228             
128000              2260                1840.66             160.18              556.389             0                   
166000              3200                3360.29             190.916             9.81323             0                   
42000               3660                2413.12             162.185             0.305878            53.349              
42000               3530                1909.04             141.262             32.739              46.5704             
122000              3260                1545.74             132.896             254.14              40.9825             
102000              2410                1734.24             177.828             291.179             10.1741             
86000               2290                1914.82             178.873             566.177             28.636              
123000              3960                1269.75             95.1191             769.855             0                   
42000               3770                1715.46             225.402             129.232             8.63285             
42000               3530                1279.41             102.868             631.34              43.584              
42000               2580                1687.49             119.01              287.354             0                   
123000              3800                1244.74             120.424             979.704             0                   
82000               3650                1891.38             131.113             150.642             32.0238             
123000              4050                1253.44             129.93              721.897             24.5022             
42000               3150                1303.54             95.2407             750.021             37.5398             
62000               2330                1983.06             210.174             104.791             10.9187             
42000               3010                2201.18             145.089             4.23115             44.9542             
123000              3830                1488.82             95.8188             455.962             7.43205             
42000               2830                1329.38             105.707             832.061             33.6169             
106000              2540                1400.34             109.509             734.755             43.0753             
42000               2250                1521.61             191.479             677.55              14.5898             
42000               4150                1825.89             117.26              79.2766             31.5929             
84000               3480                1579.44             96.1073             912.326             0                   
42000               3480                1266.69             137.78              569.036             44.5964             
86000               3440                2690.47             176.598             2.21475             30.9644             
61000               2690                1617.97             212.134             360.221             0                   
42000               2690                1694.81             110.894             300.885             24.399              
42000               3990                1632.09             156.382             1.04657             28.6929             
123000              3580                1493.22             97.1178             470.467             0.432054            
86000               2300                2221.06             165.576             23.6638             14.497              
62000               2830                1387.91             120.173             791.313             25.1186             
61000               3800                1732.35             175.386             118.14              0                   
85000               3550                2160.65             173.143             1.94619             47.6512             
106000              4300                1604.7              127.355             43.9855             29.3399             
65000               3350                1881.13             132.228             94.6443             0.472205            
42000               3100                2167.09             194.854             4.733               53.6343             
42000               2210                1633.57             145.224             638.441             30.8346             
42000               3920                1516.98             127.972             365.491             12.634              
86000               2410                1684.6              188.29              365.784             40.3567             
42000               2300                1508.3              192.222             603.746             0                   
166000              3150                3278.81             210.634             0.0294245           1.10232             
61000               3390                1292.18             170.242             593.224             44.5964             
60000               4340                1423.14             164.573             220.125             24.2734             
105000              3930                1845.29             174.518             1.12827             38.2062             
42000               3110                2093.45             209.876             10.8272             40.5983             
83000               2410                1772.81             142.147             145.621             0.29563             
133000              2760                4217.62             201.972             4.68853             6.20205             
42000               3090                1897.52             126.815             141.913             16.0946             
61000               3090                1244.67             148.906             692.163             36.2884             
42000               2280                1535.51             202.984             506.343             26.2611             
102000              3830                1257.37             209.984             750.118             12.7703             
63000               2420                1654.55             104.993             365.288             25.2478             
123000              3720                1552.17             125.954             396.643             15.9578             
123000              2990                1308.18             113.208             816.529             0                   
42000               2420                1724.28             199.095             330.955             38.4823             
188000              3250                3394.32             187.735             0.18388             3.73148             
104000              4320                1491.45             168.212             315.173             22.5711             
124000              3330                2444.17             161                 8.92351             0.202941            
125000              2490                1730.84             142.147             230.647             8.37379             
42000               3810                1477.21             95.7443             792.554             15.9172             
42000               2360                2288.18             167.48              140.271             0                   
78000               3240                1509.28             164.978             488.456             0                   
104000              4070                1451.91             99.5971             461.823             2.26157             
128000              2310                1999.12             185.03              541.724             2.03389             
106000              4200                1592.86             127.355             142.011             0.337225            
102000              3690                1421.68             228.234             335.815             23.1606             
42000               2420                1911.49             141.494             65.8106             0                   
42000               2840                1386.49             94.9939             716.53              16.9452             
61000               2500                1602.57             203.993             377.19              18.5066             
62000               4360                1670.5              126.267             29.6644             25.1797             
81000               2380                1427.43             186.422             803.078             14.5898             
42000               3890                1782.84             227.041             39.6676             22.9563             
42000               2470                1703                120.791             303.847             43.4222             
101000              3510                1265.05             106.226             853.747             36.2884             
84000               3370                1268.02             105.707             866.175             39.2084             
42000               3190                1941.13             152.769             9.5998              0.202941            
85000               2690                3917.5              226.963             4.11037             22.8665             
102000              4410                1472.39             109.44              240.347             22.5711             
79000               2290                1747.62             153.278             586.372             1.07431             
42000               2360                1650.03             201.014             525.824             37.2518             
133000              2730                4256.01             214.616             4.68853             0.446424            
101000              3130                1262.13             116.93              819.28              44.584              
102000              2380                1805.73             219.697             250.356             5.38996             
151000              2790                4094.61             221.636             4.68853             6.50065             
79000               4300                1390.5              171.168             350.888             38.0219             
123000              3080                1523.89             127.754             427.313             0                   
108000              2730                4113.17             194.839             4.11037             18.0374             
42000               4550                1945.28             144.113             4.28475             0                   
153000              2740                3962.3              185.465             4.68853             0.446424            
86000               2240                1845.27             157.553             609.545             18.7697             
61000               4120                1513.56             176.325             424.124             51.2363             
103000              3350                2788.92             184.201             0.305878            35.0778             
61000               2410                1615.82             116.93              368.014             44.271              
61000               3640                1940.08             131.113             5.70418             52.0581             
83000               4390                1472.56             110.454             186.127             32.359              
106000              2410                1655.86             115                 421.629             15.1678             
61000               3370                2505.53             157.431             0.305878            33.2184             
60000               4340                1408.81             156.66              274.353             36.58               
86000               2350                2279.88             199.644             10.867              0                   
83000               4320                1355.36             149.606             465.189             23.8337             
104000              3940                1477.86             118.296             280.78              45.6237             
123000              4140                1437.67             120.01              209.116             33.6855             
42000               3470                2287.29             142.216             22.3804             20.1981             
122000              4310                1881.34             141.253             14.3812             20.7008             
102000              4190                1499.7              111.633             220.659             9.4349              
102000              4130                1321.78             103.373             629.003             7                   
42000               3390                1658.66             107.547             337.606             8.27535             
82000               2410                1874.85             176.934             137.136             18.5083             
42000               3080                1318.37             119.326             557.191             0                   
62000               2440                1672.56             103.641             447.954             0                   
101000              3020                1324.51             119.326             883.563             0                   
61000               3910                1702.99             117.26              95.3376             47.628              
83000               4450                1524.63             118.7               156.565             19.4602             
83000               3280                1505.19             122.725             148.02              45.5794             
102000              3830                1290.27             209.984             689.236             5.77033             
123000              3910                1268.15             94.9939             815.614             21.636              
86000               2400                2025.68             206.717             146.39              5.45248             
62000               4190                1648.4              127.355             19.9055             0.337225            
104000              2460                2045.34             155.862             37.1606             0                   
103000              3900                1830.39             159.276             2.58195             25.8264             
65000               3010                1852.42             95.3391             834.327             0.202941            
110000              2270                1842.46             182.649             585.464             16.6014             
104000              3830                1495.77             170.256             514.567             0.432054            
42000               2270                1553.81             164.777             704.735             8.99254             
65000               2330                1762.16             109.509             730.741             0                   
42000               2510                2197.3              155.862             4.17877             22.6345             
42000               2420                1650.07             103.689             381.008             8.29563             
102000              4290                1331.27             162.759             475.581             32.2346             
42000               2360                1818.64             148.274             613.925             0                   
123000              4030                1251.56             95.1191             881.146             9.10655             
102000              4040                1298.89             95.1191             740.797             9.10655             
80000               2440                1622.58             206.843             573.576             6.86221             
42000               2290                2202.83             188.671             29.2445             7.41702             
42000               2230                1691.51             123.591             671.319             0                   
