126000              2940                6092.55             237.478             801.428             49.9811             
145000              3600                1658.14             124.006             277.309             1.18034             
60000               4110                2460.45             130.101             957.798             46.1319             
64000               3630                2929.69             236.102             686.603             0                   
43000               3720                2634.82             239.135             302.127             0                   
109000              3330                4668.87             218.578             1.52181             0                   
145000              3570                1489.62             120.354             364.759             49.3902             
101000              2820                4216.81             223.594             1408.63             14.7087             
43000               3720                2125.6              238.814             354.928             25.7377             
60000               4440                2734.24             198.51              37.0965             25.5715             
161000              4440                2512.28             211.539             9.97771             12.4104             
60000               3480                1799.26             173                 639.963             51.1186             
43000               2910                5004.3              212.282             979.043             20.6415             
44000               3300                3745.68             237.762             120.577             66.635              
41000               4680                2117.17             136.252             658.681             22.7689             
43000               3660                3911.33             196.364             108.515             28.4988             
124000              4470                1431.93             87.3671             1150.15             39.8493             
124000              3240                1891.2              114                 1306.28             0                   
128000              3090                4706.99             217.17              112.999             6.13126             
98000               3180                1763.13             98.1056             1117.08             24.8278             
145000              4200                1422.55             168.318             1093.56             0                   
124000              4560                1464.26             210.384             1143.4              4.24191             
119000              3210                1612.36             120.354             362.95              13.3918             
43000               3780                2021.49             237.077             708.708             40.67               
173000              2940                5568.32             235.331             640.403             0                   
148000              2880                4195.91             202.547             1531.72             0                   
105000              3360                5984.65             235.964             158.724             0.105181            
62000               2850                4590.04             159.11              1052.01             6                   
130000              2940                6467.29             235.331             624.984             17.973              
62000               4590                2613.75             146.475             127.261             34.3062             
125000              3420                1699.88             235.571             250.152             45.4982             
186000              4200                2502.62             184.072             16.2313             8.88978             
41000               4320                2462.46             205.296             90.9277             35.0768             
43000               4290                3553.79             175.056             55.5691             0                   
41000               3600                2750.23             167.304             80.3108             38.6683             
83000               2820                4378.41             164.601             1199.28             0                   
62000               3270                4027.06             201.924             852.429             59.1037             
41000               4020                2580.92             214.563             125.779             50.4714             
43000               3090                5240.75             196.518             222.735             0.105181            
98000               4770                1448.38             232.743             1147.22             8.18565             
145000              3240                1495.61             143.106             596.28              32.2078             
41000               4260                2167.06             181.85              254.627             53.3687             
124000              4770                1480.93             142                 1094.91             0                   
62000               4110                2853.29             204.412             34.2389             44.1971             
98000               4440                1558.02             106.732             1152.33             13.0563             
151000              2880                5503.5              237.17              890.66              4.77686             
161000              4260                2823.57             227.277             17.8807             16.1944             
43000               4830                3608                188.396             33.557              6.41407             
61000               4050                2229.07             174.891             824.912             10.5718             
43000               3090                5809.67             235.331             865.669             0                   
80000               3060                4338.19             148.732             1191.45             29.6987             
87000               2820                4833.7              237.17              1016.27             0                   
124000              3750                2070.32             102.919             796.678             0                   
44000               3180                3877.63             239.211             218.618             52.6145             
109000              3000                4910.84             217.17              3.5843              25.8886             
62000               2820                4512.65             230.555             1125.69             0                   
85000               3030                5870.06             234.226             219.007             17.307              
60000               4410                2346.72             216.463             486.326             8.25349             
145000              3120                1907.92             180.873             64.6325             26.9461             
79000               3960                2385.25             131.18              958.958             38.9306             
62000               3390                4382.2              238.377             142.456             22.2349             
43000               3420                5103.64             187.292             784.463             10.5458             
124000              4530                1560.98             236.543             941.959             24.4231             
124000              4440                1521.82             88.1653             1011.79             11.6884             
145000              4080                1455.15             147.615             907.575             14.7042             
124000              3630                1999.09             103.453             687.512             36.0569             
98000               4470                2233.55             137.819             224.578             52.2851             
61000               3210                1943.06             239.523             311.837             31.3956             
78000               3120                2118.07             181.525             17.1027             21.9007             
62000               2910                4922.03             227.074             1017.02             30.2458             
60000               3750                1858.67             155.892             912.905             48.6256             
78000               3270                2081.38             166.728             76.9071             2.6385              
124000              4620                1558.18             178.877             953.715             36.1974             
82000               3030                3819.55             232.592             1091.33             58.6126             
145000              3720                1579.03             143.365             278.234             46.4713             
78000               3120                1852.64             140.032             194.423             7.93663             
41000               3330                2225.33             163.763             835.362             28.7683             
124000              3120                1866.49             130.724             178.831             3.62687             
78000               3120                1646.22             196.962             373.559             5.26268             
84000               3600                4713.82             222.266             40.3839             14.9052             
60000               4410                2312.7              214.842             223.134             39.0362             
111000              3060                5201.71             218.186             970.262             0                   
62000               3030                4247.34             191.692             1472.83             0                   
170000              4080                2224.33             153.542             13.634              17.4334             
66000               3210                5468.63             238.538             168.806             14.596              
124000              4440                1769.17             98.2376             794.308             25.8405             
99000               3960                1744.38             227.139             278.834             0                   
131000              2940                5695.35             237.17              905.465             45.8727             
43000               3840                4155.59             234.476             135.649             5.01898             
43000               4530                3705.29             239.993             19.747              13.8632             
43000               3090                4755.31             167.192             1148.43             0                   
145000              3180                1647.82             132.428             1194.05             0                   
66000               3150                5656                225.404             162.407             0.105181            
98000               3060                1972.58             175.553             1361.49             34.7194             
145000              3060                3778.58             191.144             1676.52             0.213203            
125000              4080                1549.81             229.232             896.54              20.1332             
41000               4530                1988.27             155.704             747.34              0                   
127000              3090                1638.27             168.209             501.049             2.26268             
67000               3060                4367.02             206.487             27.4043             38.7659             
43000               4680                3912.27             208.326             8.34224             2.81946             
43000               3000                4949.94             206.782             1071.65             53.8697             
151000              2880                5691                230.688             856.996             24.7447             
98000               3090                1843.59             210.591             1393.58             42.1077             
119000              4080                2096.47             137.856             34.8866             30.3396             
125000              3570                1605.13             227.139             323.73              37.3902             
124000              4620                1401.61             88.8907             1150.32             0                   
82000               4770                4075.55             197.107             29.7471             2.81946             
124000              4710                1720.93             108.042             955.178             19.9316             
62000               4020                2671.61             180.853             34.2389             57.4619             
98000               4470                1503.53             216.559             1099.17             37.433              
62000               3510                3831.96             231.104             142.762             58.7882             
82000               4350                4090.81             228.436             24.5193             11.3786             
41000               4560                2392.85             164.815             38.8777             25.745              
124000              4170                1528.7              114.643             1092.8              36.1974             
44000               3300                4423.08             235.72              220.996             40.0747             
128000              3030                4234.57             238.529             311.388             51.3078             
125000              2940                4097.66             175.612             1568.72             6.1033              
119000              3960                1633.88             118.693             316.901             0                   
124000              3330                2142.35             98.1056             1173.57             20.8741             
168000              3450                3034.78             201.207             15.7929             23.3211             
43000               3270                4182.19             170.166             1263.71             15.7574             
41000               4350                2825.43             147.328             255.959             4.32638             
124000              4590                1729.98             91.0531             821.877             40.0408             
98000               4500                2043.85             235.569             44.7615             16.5999             
145000              4230                1397.99             120.676             1024.25             0                   
175000              3030                4320.53             197.944             488.025             0.364679            
43000               3150                4649.98             231.024             1297.39             11.1693             
101000              2940                4141.19             229.138             1516.28             35.3093             
119000              3270                1543.99             156                 461.904             38.4431             
98000               3750                2174.28             145.466             22.8195             0                   
145000              4410                2061.93             150.47              16.2464             0                   
98000               3570                1746.43             117.655             1063.59             42.5435             
61000               4230                2105.51             190.141             873.134             15.8155             
145000              4560                2530.01             137.696             87.4119             0                   
100000              4530                4363.88             208.326             21.2635             0                   
41000               3570                2254.06             139.642             824.66              0                   
85000               2880                5696.94             235.331             824.416             12.4268             
41000               4470                2394.33             136.691             158.861             41.4916             
119000              3360                1750.02             127.66              223.808             42.1243             
107000              2910                4233.09             164.815             1348.72             10.4584             
80000               4410                2264.68             141.313             171.57              60.8059             
161000              4500                2804.47             187.899             9.97771             0                   
151000              2940                6277.33             237.735             722.68              21.3994             
59000               4170                2330.88             237.956             110.327             65.6334             
98000               4770                1440.29             198.75              1147.76             25.3042             
64000               3360                5076.07             191.144             432.798             24.8548             
124000              3300                2287.17             99.6248             902.408             10.7007             
43000               3030                4575.48             148.478             1111.42             35.7596             
145000              3600                1492.09             127.602             963.397             6.83095             
98000               3090                2258.11             214.466             24.1739             23.0459             
124000              3030                4164.96             236.308             694.477             71.4773             
144000              3060                3989.92             226.217             778.813             21.9618             
41000               4650                2327.63             173.721             177.315             0                   
88000               4260                3496.8              175.056             158.633             0                   
41000               3600                2621.8              147.334             113.9               18.9511             
145000              3030                3059.58             236.591             1306.38             45.3102             
135000              3000                4943.64             199.806             3.5843              1.57405             
62000               3360                4125.75             222.168             1269.17             0.213203            
43000               3150                4460.93             148.478             1037.87             21.029              
63000               3090                4262.33             148.478             1361.37             11.1693             
124000              4710                1567.95             234.786             934.99              3.33631             
145000              3360                1722.85             233.665             201.55              3.3832              
43000               3000                4956.38             230.624             810.62              52.0072             
145000              3570                1676.77             168.874             218.903             43.4218             
61000               4530                2148.11             136.252             522.431             46.5511             
41000               3480                2502.78             132.56              696.033             39.3867             
41000               3600                2404.77             188.192             612.913             58.2676             
161000              4260                3502.72             234.322             17.1849             0                   
135000              2970                4991.96             238.529             103.287             40.1742             
119000              4560                2043.25             141.232             67.7578             11.719              
145000              3720                1526.84             118.693             375.443             19.0904             
98000               4680                1444.59             206.696             1230.56             6.83095             
61000               4110                2161.16             132.622             952.07              0                   
124000              4410                1460.17             142                 1010.5              36.1974             
43000               3660                5117.67             232.635             698.837             0                   
62000               3090                4496.94             239.359             784.817             56.6683             
145000              2940                3987.44             165.735             1568.71             0                   
168000              2880                4214.77             188.83              1356.01             0                   
61000               4560                2774.72             149.18              387.773             0                   
43000               3240                4284.55             168.235             1230.79             36.8295             
124000              4800                1575.86             163.404             887.786             0                   
43000               3030                5293.23             191.144             317.797             16.0166             
41000               4200                2196.58             132.795             865.013             11.1555             
41000               4410                1842.76             156.4               600.608             46.3308             
61000               3180                2224.66             239.923             163.258             2.63017             
41000               3900                2459.44             227.553             526.319             44.1229             
98000               3150                1775.12             104.269             1204.04             35.7194             
84000               3600                5532.73             237.972             131.985             0.0691939           
41000               4050                2534.85             130.101             927.562             46.1319             
78000               3150                1606.81             147.423             493.696             0                   
41000               3990                2240.38             160.307             1006.15             0                   
41000               4320                2143.3              167.158             760.671             18.2323             
67000               3750                2602.03             148.937             165.231             18.9511             
83000               3090                4373.69             202.12              944.4               24.2605             
43000               4350                3950.85             208.326             45.8438             0                   
43000               3180                4701.66             234.835             1171.01             0                   
61000               3180                1916.13             237.494             402.643             13.231              
60000               3660                2922.55             176.709             68.5004             42.3704             
43000               2970                4911.82             191.692             1082.55             0                   
43000               2910                4950.53             206.782             1114.04             45.4752             
