103000              2710                1557.75             115.907             276.16              0.0665928           
66000               2460                2001.54             156.52              181.145             13.4589             
42000               3000                1599.16             129.763             260.225             10.5693             
42000               3940                1950.73             150.635             1.58792             0.0396078           
42000               3690                1586.11             126.968             210.116             1.52625             
61000               4080                1692.09             120.762             205.681             7.65167             
66000               2520                2150.65             174.02              99.8935             0.958755            
60000               2520                1848.22             124.682             246.97              1.544               
104000              2660                2142.11             127.029             188.94              0                   
122000              2650                1605.59             137.827             222.217             5.09676             
79000               3050                1816.2              158.34              93.648              0                   
42000               3060                1628.41             126.081             183.946             14.6572             
104000              2410                2504.9              160.333             176.86              0                   
42000               2550                1766.62             132.59              64.1665             9.87968             
122000              2700                1663.39             138.126             146.089             11.4786             
42000               4030                1773.71             120.596             176.021             0                   
42000               3610                1990.16             171.364             0.567219            13.1775             
85000               2570                1780.36             131.135             337.631             0                   
42000               2890                1894.48             155.471             10.934              1.395               
103000              2710                1518.94             115.907             304.298             9.92913             
66000               2460                2077.02             201.719             119.14              13.6181             
65000               2470                1854.57             154.693             203.23              8.80142             
103000              2790                1501.46             120.857             358.194             0.0665928           
42000               3610                1978.19             171.364             5.75024             7.20443             
122000              2640                1611.67             133.549             264.018             10.0016             
42000               3160                1593.87             140.577             280.811             2.21191             
42000               3920                1607.05             120.967             288.343             0.208585            
42000               3870                1675.05             120.538             214.375             13.0823             
42000               3770                1790.05             138.244             12.1778             4.95422             
42000               4000                1652.03             121.566             234.674             11.3159             
104000              2960                2138.87             142.039             0.0294245           0.194442            
83000               2830                1587.46             115.907             295.461             13.3415             
42000               2550                1786.61             131.433             46.7907             14.6501             
42000               4000                1596                134.211             199.309             2.39181             
42000               3860                1890.38             129.34              61.8608             12.0456             
103000              3210                1622.82             147.01              234.463             0.631673            
104000              2830                1755.86             116.592             164.628             0                   
42000               2520                1909.5              128.668             216.851             6.07987             
62000               3000                1703.8              121.136             177.264             14.5528             
83000               3650                1803.94             118.816             177.029             1.86155             
61000               3970                1671.22             120.596             245.008             0                   
42000               3920                1590.21             120.596             286.358             15.0591             
125000              2480                1922.81             142.039             306.883             0.0665928           
99000               3800                1721.8              122.456             108.277             14.2155             
104000              2870                2201.85             181.063             0.0294245           6.1234              
146000              2450                2408.23             143.672             82.7525             4.9227              
61000               2750                1601.46             146.361             320.188             0                   
79000               2520                2075.01             155.995             54.3273             16.4343             
99000               3550                1778.58             125.7               103.86              7.73388             
42000               3520                1711.45             146.741             80.9601             5.4663              
125000              2480                2192.67             142.039             187.2               8.53823             
164000              2410                2407.35             155.835             185.627             7.18784             
42000               2550                1800.11             131.433             22.7475             0.0388383           
104000              2470                2084.54             149.62              174.57              8.54667             
122000              2870                2345.41             175.393             6.17522             3.91724             
103000              2600                1906.95             205.881             104.659             0                   
42000               3920                1724.2              131.135             100.416             0                   
67000               2640                1861.05             139.666             14.7786             3.01075             
103000              3290                1579.9              122.181             241.237             5.67756             
42000               2690                2166                163.947             26.2998             0                   
83000               3080                1572.96             115.907             286.717             0                   
42000               4090                1731.31             120.762             153.368             7.65167             
42000               3160                1636.97             152.466             171.045             13.374              
42000               3310                1576.46             140.577             302.022             7.94795             
82000               2470                2148                151.614             217.264             7.12355             
42000               3610                1982.6              171.364             1.56335             3.71815             
42000               4280                1601.59             124.919             250.999             7.76347             
85000               3530                1596.02             135.283             108.349             0                   
125000              2460                1980.1              142.039             229.21              11.9368             
163000              2450                2398.99             143.672             87.795              10.3245             
42000               2500                1815.37             130.952             149.342             13.3523             
66000               2470                2069.66             156.52              78.5667             12.8825             
62000               2810                1669.48             120.578             208.323             3.45641             
42000               2890                1662.43             138.81              109.672             15.6181             
42000               2470                1916.78             154.693             179.685             13.6181             
100000              2510                2167.11             151.614             314.183             0                   
42000               3890                1569.98             134.821             231.563             14.3369             
125000              2480                2020.12             145.831             238.405             5.81127             
82000               2500                2350.88             174.36              47.2526             12.1056             
104000              2410                2455.36             147.465             234.833             0                   
122000              2360                2109.13             148.728             394.022             0                   
42000               2950                1609.3              129.763             302.084             0                   
42000               2750                1606.01             127.077             286.219             14.3618             
62000               3060                1650.32             121.136             182.988             0                   
85000               2660                1662.42             126.333             369.683             14.2178             
99000               3850                1787.87             125.7               113.215             2.93545             
60000               2500                2185.09             162.232             86.8267             0                   
103000              2710                1547.92             120.857             279.925             4.88325             
79000               2630                1899.09             160.36              116.946             0                   
147000              2410                2408.92             160.333             187.304             0                   
42000               3310                1814.38             124.407             119.371             3.25347             
103000              3710                1713.05             118.816             234.57              0                   
104000              2460                2075.27             125.1               324.68              2.86383             
83000               3140                1548.56             118.125             306.269             13.1123             
83000               3060                1799.54             128.412             67.466              1.53683             
42000               3550                1614.62             125.161             201.852             9.10199             
122000              2410                2423.01             152.014             197.545             1.31983             
83000               4100                1630.58             126.608             230.967             0                   
103000              3570                1529.77             115.35              295.426             4.88325             
104000              3170                1735.69             125.821             124.938             5.32251             
42000               2490                2146.31             154.693             117.468             8.80142             
103000              3210                1551.39             126.966             263.611             9.47479             
104000              2650                2008.38             127.029             325.259             0                   
143000              2390                2084.96             148.728             346.459             0.141172            
104000              2870                2203.36             181.063             0.0294245           0.194442            
103000              2610                1722.27             131.135             371.985             0                   
42000               2550                1842.89             166.46              14.8465             8.76747             
122000              2650                1674.99             155.806             148.998             4.81665             
42000               3970                1559.66             133.398             288.106             10.2424             
60000               3410                1960.63             127.892             88.5427             8.95457             
99000               3800                1687.53             127.892             120.002             10.0167             
42000               2690                1688.5              128.156             109.542             0.0388383           
163000              2470                2489.48             155.848             46.58               1.98693             
163000              2640                2391.52             156.819             24.5724             0                   
61000               3050                1582.59             146.361             308.335             5.75266             
42000               2470                1911.7              156.125             182.714             0.958755            
82000               2420                2223.95             154.421             48.7675             7.00267             
66000               2460                2091.14             201.719             110.592             0.958755            
82000               2360                2095.06             149.203             319.773             7.12355             
42000               2810                1656.15             144.276             250.551             0                   
83000               3060                1770.76             128.412             96.0778             11.2001             
106000              3630                1576.26             135.283             195.262             0                   
82000               2410                2191.04             155.519             231.152             15.6838             
104000              2410                2219.75             171.803             262.677             0                   
79000               2740                1767.95             130.443             93.2593             12.1699             
42000               3160                1680.55             138.81              91.1467             16.3285             
82000               2360                2077.48             165.032             287.433             8.36133             
146000              2460                2324.9              169.751             41.1023             8.98693             
42000               3860                1891.15             129.34              71.2205             2.13008             
42000               2580                1765.84             145.048             41.8074             1.77616             
79000               2500                1853.77             127.674             152.189             9.39846             
42000               3470                1557.19             140.577             217.606             4.31846             
104000              2820                2144.89             142.039             0.0294245           13.0841             
61000               3110                2035.27             155.247             9.49015             6.2261              
120000              3790                1677.61             125.7               159.727             4.81841             
104000              3220                1685.8              120.066             213.436             7.80591             
42000               3690                1753.08             159.58              37.0874             0.0388383           
42000               2890                1945.94             146.892             6.82445             12.8199             
104000              3680                1712.51             117.783             196.435             6.53566             
42000               2580                1800.05             130.124             293.195             3.96513             
42000               3920                1751.07             131.135             56.4822             7.29563             
62000               3530                1864.91             127.695             95.6787             0                   
104000              2870                1678.96             116.592             323.56              0                   
42000               4080                1938.3              150.635             1.58792             5.54934             
42000               3470                1597.34             140.166             197.813             15.6268             
122000              2650                1696.17             155.093             176.856             10.0016             
146000              2450                2473.99             167.064             53.9204             0                   
42000               3220                1822.66             137.283             14.3132             0.670512            
139000              2410                2428.66             175.389             177.405             7.18784             
104000              2690                2215.21             127.298             123.376             0                   
104000              2410                2354.92             164.931             48.667              9.88005             
42000               2540                1798.21             130.124             375.439             0.482075            
42000               2700                1598.06             138.941             275.317             8.60914             
123000              3150                1544.19             115.907             301.169             0                   
104000              2800                2334.09             151.408             4.97233             7.1589              
61000               3970                1660.72             121.566             275.934             6.27631             
139000              2360                2227.85             155.835             304.723             4.81665             
42000               3690                1746.51             141.003             46.8613             11.2151             
82000               2480                2200.13             146.705             77.587              8.54667             
65000               2550                1971.91             144.215             152.694             0                   
42000               3550                1951.34             146.979             4.2345              11.1476             
42000               2690                1814.02             166.46              21.509              5.79556             
121000              2510                2546.6              183.899             41.6169             0.659227            
83000               3220                1624.5              117.362             248.432             8.40139             
61000               3200                1727.13             131.433             63.4192             10.6998             
99000               4050                1717.98             125.7               107.895             6.47564             
61000               2670                2140.68             155.247             9.49015             6.2261              
83000               2600                1783.73             162.017             197.177             0                   
85000               2530                1797.14             159.226             290.856             6.01161             
42000               3170                1703.23             145.193             125.429             0                   
81000               2660                1953.69             130.242             63.7024             3.06948             
42000               3690                1765.08             159.58              32.1662             3.21513             
122000              2460                2300.72             183.726             63.5695             2.12461             
82000               2420                2094.76             161.517             100.176             10.0654             
42000               3270                1697.26             146.741             49.2093             13.5659             
125000              2480                2092.2              145.831             224.543             1.38642             
61000               2660                2192.84             155.247             12.3017             12.7329             
122000              3800                1736.75             125.7               113.334             2.45018             
42000               2520                2122.37             164.573             60.4428             3.66978             
42000               3970                1555.51             133.398             292.266             15.0591             
83000               2710                1574.14             116.634             308.938             4.81665             
83000               3380                1667.16             118.786             248.535             2.24096             
42000               3080                1831.62             131.892             21.321              8.48604             
103000              2420                2044.98             149.62              135.719             14.7662             
42000               2520                2111.1              164.573             71.7339             8.48644             
66000               2460                2133.47             201.719             93.2465             5.77541             
42000               3570                1818.72             155.07              9.5041              9.23887             
42000               2830                1655.98             143.347             136.659             6.31515             
66000               2460                2081.18             201.719             114.98              8.80142             
120000              3790                1681.31             125.7               154.789             8.60025             
122000              2640                1684.83             155.093             250.414             10.0016             
42000               2440                1866.78             130.124             249.4               0.482075            
42000               2470                2048.38             156.52              107.425             13.6181             
60000               2720                1920.53             127.674             136.221             10.9494             
85000               3770                1730.1              143.759             68.3254             0.653953            
42000               3420                1979.59             153.453             4.63789             4.39339             
42000               3720                1795.04             138.244             12.5326             0                   
42000               3560                1635.01             134.942             269.334             0                   
60000               2790                1893.82             150.449             172.722             0                   
67000               3050                1787.53             146.741             40.7733             6.82413             
