148000              2700                3134.17             224.79              28.2999             46.9947             
209000              2670                2979.24             164.726             94.0101             26.2253             
41000               3490                1630.19             187.788             227.045             21.484              
41000               2680                3366.95             174.791             17.2755             0                   
41000               2670                2312.52             133.819             638.594             53.9792             
148000              2670                3101.97             167.109             247.967             53.4469             
168000              2690                2679.67             229.886             363.955             52.9651             
41000               3340                1858.38             211.928             152.179             3.19981             
144000              2640                3559.62             197.076             176.958             0                   
41000               2600                2337.44             160.52              721.974             9.4829              
64000               3630                1455.85             109.762             199.789             53.4262             
41000               2510                3083.41             149.24              611.15              0                   
60000               2610                3489.12             185.448             50.4322             68.3409             
125000              2500                2902.2              150.804             497.671             80.2362             
41000               3420                1323.71             97.2846             533.925             11.2785             
63000               2680                2011.74             190.441             525.602             94.4771             
41000               2600                3291.21             169.772             156.738             38.5428             
41000               2510                3240.06             168.179             539.427             29.4932             
41000               2850                3128.57             221.885             127.622             9.86619             
77000               2870                3021.6              177.596             47.0442             95.8836             
41000               2620                3320.55             165.303             12.6924             62.0064             
63000               3890                1291.77             171.351             486.427             1.25076             
64000               2830                2266.15             133.18              767.189             0.714118            
41000               2540                3152.3              178.175             493.174             0                   
41000               3150                1883.38             221.925             4                   16.1634             
42000               3720                1637.76             177.205             160.502             0                   
80000               3490                1310.97             173.591             659.02              0                   
107000              3440                5089.65             222.276             3.90799             0                   
41000               3470                1680.73             110.409             75.3161             45.659              
41000               4110                1285.59             94.2425             493.327             48.5308             
87000               3500                1566.83             127.087             57.0032             49.3483             
41000               3090                1357.79             99.3115             458.964             0                   
41000               2930                1973.56             137.101             10.5358             0                   
41000               2610                1950.22             142.266             652.537             34.6175             
84000               2620                3447.76             186.458             16.0834             18.2206             
41000               3750                1429.61             94.2566             292.297             30.5153             
78000               2730                3477.09             169.772             31.5063             40.4768             
80000               2980                1436.11             213.53              768.101             25.3749             
128000              3130                4013.16             226.98              3.37258             1.64517             
100000              2970                1439.42             186.186             577.809             25.4919             
41000               2950                1925.12             195.473             13.5358             53.3701             
102000              2600                3598.32             181.59              36.4983             74.4769             
108000              2780                2691.71             175.953             173.177             125.287             
64000               3910                2000.49             121.862             12.0897             0                   
41000               2780                2565.58             223.993             244.459             87.1296             
173000              2860                3219.87             162.172             24.4404             74.2865             
85000               2560                2790.46             224.879             550.385             73.0363             
63000               2760                2256.75             187.075             570.468             12.4937             
125000              2670                3044.29             211.255             73.0422             51.6258             
66000               2910                2360.38             221.365             10.5358             0                   
129000              3190                4169.27             208.194             2.5601              37.247              
41000               3080                1369.68             149.084             426.037             56.0253             
41000               3640                1936.39             145.313             -7.10543e-15        71.6372             
84000               2530                3377.85             194.253             515.391             0                   
41000               2910                2360.83             151.683             15.9853             65.2494             
41000               3860                1664.11             140.018             1.33181             49.0219             
149000              2790                2352.84             221.965             471.792             62.2963             
128000              2600                3455.17             225.655             342.701             19.4616             
41000               3170                1451.6              222.203             398.1               23.0039             
41000               2700                3168.42             216.604             191.17              0.0632196           
41000               4200                1235.59             199.475             425.806             83.8146             
58000               3110                2135.41             210.219             9.53575             63.0973             
41000               4000                1462.27             123.365             259.572             64.594              
88000               3490                1855.03             164.246             18.9425             0                   
173000              2690                3145.37             162.838             41.3804             101.012             
184000              2780                2838.82             228.376             364.426             13.1308             
106000              2540                2278.48             195.173             721.607             40.7652             
63000               2990                1418.43             209.058             675.393             0                   
143000              2970                1923                126.452             659.173             48.2097             
41000               2910                1932.31             151.21              225.796             0                   
41000               4330                1305.78             128.54              397.459             38.8971             
148000              2600                3476.62             202.093             66.2459             78.9415             
41000               4360                1297.22             94.2425             461.851             67.7881             
83000               2600                2252                129.434             719.71              55.6185             
41000               2980                1846.01             194.456             172.403             39.6374             
125000              2550                2706.12             177.388             596.976             56.4486             
63000               2960                1477.56             221.757             673.482             21.8785             
102000              2890                2209.18             210.693             15.9312             36.1983             
41000               2840                2630.29             226.552             187.094             155.194             
60000               2990                1470.32             181.538             558.935             110.09              
82000               2530                3079.77             152.147             641.47              2.58277             
41000               3440                1755.42             149.352             -1.42109e-14        29.8699             
63000               3910                1667.49             146.811             22.4272             15.8104             
85000               2920                2118.31             172.408             13.9754             0                   
104000              2770                2419.37             166.053             321.511             105.3               
63000               3220                2000.05             123.722             41.6333             6.92272             
63000               3530                1265.27             108.319             627.745             20.7015             
125000              2640                2503.77             196.767             477.134             105.779             
82000               3000                1726.59             140.213             154.75              48.0481             
41000               2610                2210.21             106.072             645.819             18.3547             
63000               3010                1833.56             129.62              4                   26.9142             
149000              2560                2508.66             214.253             582.045             0                   
41000               3000                1587.99             188.632             452.859             53.2976             
125000              2630                3549.09             213.495             42.9356             11.8744             
82000               2540                3034.79             187.074             651.275             22.0434             
106000              2600                2198.36             139.552             753.816             47.1751             
41000               3020                1306.74             136.431             585.985             76.2318             
173000              2720                3205.11             162.908             17.5284             15.1126             
41000               2600                2357.12             182.119             678.487             42.4948             
41000               3700                1316.63             160.71              497.27              0                   
83000               3580                1665.59             147.708             137.519             0                   
41000               4190                1218.19             112.889             505.654             24.7664             
108000              2750                2539.84             229.998             484.194             1.16954             
58000               2840                2916.27             228.974             68.0881             95.4047             
84000               3670                1861.23             132.348             27.6297             0                   
125000              2550                2793.05             217.172             569.543             56.3482             
167000              2690                3636.24             177.683             8.86542             2.3075              
64000               3630                1470.46             139.264             190.189             39.8038             
41000               3530                1678.47             114.173             57.8766             0                   
86000               3110                1632.73             169.502             387.255             57.3389             
64000               3230                1408.5              175.097             384.495             96.7643             
188000              2580                3227.09             217.736             445.995             45.5195             
84000               2620                2246.92             181.167             625.383             73.8593             
125000              2750                2462.03             176.707             358.415             28.4164             
41000               4440                1236.79             96.4639             484.933             33.6409             
41000               3670                1231.46             98.9154             542.542             88.2624             
82000               2560                2854.27             180.39              815.487             63.7897             
84000               2580                2489.79             214.985             577.159             120.67              
41000               2820                3174.86             157.16              42.8836             0.0632196           
105000              3670                1507.4              117.344             391.761             0                   
209000              2560                3435.42             226.725             325.826             31.3352             
106000              2590                2389.54             203.579             762.133             0.0217289           
60000               2510                3027.46             132.142             678.393             24.647              
163000              2600                2970.48             228.44              417.381             70.5473             
121000              2790                2851.67             150.615             395.265             70.5038             
86000               2750                3184.5              215.263             147.553             79.7243             
63000               3670                1269.8              103.943             600.015             0                   
192000              2640                2575.61             220.589             467.776             19.719              
148000              2630                3613.45             197.076             3                   10.522              
41000               2960                2070.31             124.487             51.4904             45.5985             
63000               4110                1495.07             117.344             86.1735             0                   
129000              3170                4598.75             220.011             2.5601              36.5277             
117000              2580                2910.03             139.829             785.76              0                   
84000               2510                3225.52             216.692             575.138             4.2257              
100000              2530                2972.88             132.142             746.028             10.4971             
83000               2890                2157.41             224.482             39.3232             46.7738             
166000              2610                2727.4              206.795             506.537             0                   
105000              3740                1502.91             206.536             284.444             0                   
142000              2550                2744.84             190.017             557.681             85.5916             
104000              2540                2474.91             226.731             620.315             11.2883             
192000              2660                2960.42             164.006             179.186             91.2712             
63000               3030                1320.34             122.296             525.156             0                   
209000              2560                3023.26             219.596             434.371             18.0095             
192000              2600                3535.43             176.58              30.0935             57.6435             
42000               3940                1563.11             193.102             135.458             18.3831             
84000               2930                2038.91             123.917             235.667             24.5698             
184000              2570                2877.48             228.961             373.551             50.3433             
125000              2530                2463.55             136.744             632.195             31.0578             
125000              2770                2492.04             164.941             459.218             2.15549             
41000               3010                1775.37             226.659             54.4735             4.53306             
150000              2570                2519.05             152.684             535.547             0                   
86000               2920                1862.32             160.262             702.486             61.531              
98000               2810                3167.86             165.742             217.234             0                   
41000               3750                1488.4              109.762             109.48              34.8752             
143000              2630                3078.88             159.816             407.885             0                   
60000               3030                1335.69             107.385             581.819             41.179              
84000               3470                1536.66             225.436             355.969             0                   
83000               3600                1668.01             114.173             212.619             0                   
59000               2560                2988.06             139.829             774.513             2.15549             
108000              3310                1723.82             211.215             327.082             0                   
169000              3150                4274.41             229.129             0.504902            33.2222             
86000               2680                3049.49             218.782             71.336              112.709             
59000               2590                3043.56             167.8               703.272             11.2138             
66000               3390                1807.67             219.627             11.1886             13.6783             
173000              2600                3550.97             176.58              5.6307              78.9415             
188000              3350                3961.99             196.893             0                   0                   
58000               4190                1324.51             166.113             448.506             38.783              
41000               3810                1450.4              99.7437             280.353             6.3412              
78000               2610                3457.05             214.989             50.9935             59.7832             
64000               2790                2461.39             166.053             144.014             100.69              
125000              2640                2310.45             128.809             656.178             0                   
105000              3790                1457.63             182.672             339.661             0                   
184000              2650                3008.43             220.04              391.963             0                   
192000              2670                2956.23             178.222             71.75               90.1121             
63000               2690                2320.04             107.278             610.258             0.714118            
129000              3230                4220.63             196.893             -7.10543e-15        0                   
148000              2650                2967.67             171.364             273.775             96.3371             
41000               2760                2364.46             111.665             540.006             0.714118            
190000              2620                3649.46             188.219             5.6307              46.1768             
86000               2830                2040.24             113.222             771.419             0                   
41000               3420                1348.2              172.952             418.468             0                   
41000               3640                1388.64             96.1536             348.688             52.3468             
192000              2860                2994.82             162.838             95.8023             54.6151             
59000               3500                1579.41             182.919             63.6867             49.3599             
63000               3770                1372.8              95.3342             424.162             38.0702             
41000               2850                2788.74             173.343             62.7763             139.993             
41000               3000                1384.77             111.788             628.784             0                   
41000               3290                1347.14             98.501              499.21              58.5576             
60000               3810                1709.32             141.928             2.47993             65.9101             
87000               3030                1602.26             228.119             385.745             83.4026             
148000              2860                3134.23             167.114             86.7509             90.1654             
66000               3400                2123.52             207.223             0                   41.2383             
123000              3110                1635.6              217.579             423.205             0                   
129000              3190                4689.15             206.36              8.77513             0                   
41000               3030                1284.92             124.012             470.156             45.5901             
64000               2660                2158.39             113.222             719.879             41.6185             
41000               3310                1267.72             124.012             523.754             56.8379             
41000               3480                1361.02             132.904             348.705             0                   
64000               2680                1906.1              160.056             608.105             108.646             
41000               4220                1317                94.2425             492.933             85.2423             
