144000              2910                2264.53             212.31              48.6319             0                   
60000               3440                1461.07             209.275             188.011             14.5091             
160000              3210                1499.36             128.508             104.278             0                   
104000              2650                3885.82             223.944             308.545             11.2987             
140000              3080                1673.65             137.528             41.2739             1.79093             
60000               2860                2567.75             145.317             191.989             13.3937             
209000              2580                3562.26             227.344             87.3602             10.8601             
101000              2990                1531.68             127.933             218.543             21.9525             
63000               3940                1692.61             150.743             11.9855             3.82576             
100000              2880                2162.4              150.376             32.2727             33.1863             
101000              4050                1569.81             115.261             181.762             0                   
147000              2900                2544.87             184.328             32.3101             0                   
124000              2910                2512.96             166.925             26.3992             13.3876             
139000              2830                2505.97             194.954             115.455             0                   
168000              2670                3873.38             226.042             309.334             57.6605             
145000              2690                3676.6              225.195             215.41              2.40312             
60000               4440                1497.74             127.259             26.0178             8.60328             
82000               3990                1360.79             135.038             233.165             10.7899             
150000              3100                1939.58             141.85              20.1917             7.92809             
160000              3270                1450.47             123.59              234.838             18.9299             
95000               2820                2094.44             167.031             252.801             0.28011             
100000              2900                2257.72             151.951             209.925             13.4421             
82000               3100                1899.58             138.734             16.119              33.9581             
100000              2800                3117.41             178.528             53.2702             0                   
164000              2850                2367.88             185.21              93.7686             0                   
82000               3970                1454.82             121.555             50.6633             0                   
143000              2870                2222.59             164.703             150.709             8.78818             
100000              2820                3587                199.051             18.1864             28.0638             
120000              2830                4058.91             222.313             35.476              0                   
148000              2630                3196.07             221.903             453.913             0                   
109000              3110                1672.46             172.992             222.471             11.9913             
82000               3490                1485.51             130.309             285.671             0                   
60000               4440                1467.17             129.022             65.2433             1.60328             
60000               3720                1446.62             189.473             62.6869             20.0488             
60000               3060                1456.21             124.162             284.614             10.3339             
161000              2920                2590.59             155.835             24.7781             5.98579             
123000              3220                1517.74             167.974             64.3084             17.6328             
80000               3400                1879.4              122.361             61.0425             22.8768             
149000              2700                4319.12             229.767             75.2628             63.5575             
60000               3020                1602.28             118.327             244.37              34.9579             
100000              2900                1951.81             180.96              333.82              0                   
123000              2780                2960.63             209.513             632.008             0                   
42000               3730                1924.83             124.049             54.71               9.60351             
42000               4070                1853.42             135.364             12.9062             0                   
147000              3730                1749.99             115.442             138.375             0                   
122000              2730                2883.32             182.501             194.266             29.6262             
118000              3300                1695.84             127.577             46.6938             9.14951             
129000              3570                1852.47             134.467             10.8407             0                   
60000               4190                1573.49             134.3               17.2992             21.5335             
84000               2870                2779.68             162.658             20.3701             2.80367             
123000              2680                3145.15             229.977             361.663             53.2947             
123000              2710                4366.22             222.854             195.421             26.2283             
42000               2860                2359.99             191.705             97.5948             16.4476             
42000               4220                1528.61             125.131             212.689             8.14938             
63000               2820                2431.4              222.766             130.467             14.317              
123000              2730                2370.93             227.539             193.62              10.2914             
143000              3690                1503.36             116.117             206.84              7                   
67000               2970                1872.99             194.394             3.65476             12.602              
83000               2750                2948.39             221.978             259.378             50.1271             
60000               3390                1517.6              166.733             96.0784             22.5125             
82000               3400                1450                156.303             224.329             0                   
118000              3130                1496.28             155.499             376.01              0                   
106000              2610                2999.61             214.028             566.314             16.8635             
82000               3750                1607.78             118.506             76.7002             27.5852             
82000               3110                1452.57             121.555             293.456             17.3339             
100000              2860                2039.32             219.234             171.895             0                   
62000               3130                2106.06             132.664             34.2073             0                   
61000               3420                1995.46             221.127             -1.06581e-014       29.0221             
164000              2880                2292.37             219.118             28.6538             17.7834             
99000               3800                1371.19             135.038             205.935             5.02614             
42000               3540                1734.19             128.367             160.087             15.1245             
42000               2830                2793.42             222.883             66.7533             2.80367             
125000              2730                3324.36             228.853             136.09              5.91086             
42000               3140                1634.07             178.337             18.6877             1.91386             
119000              3570                1667.23             129.579             17.0634             20.8264             
42000               3640                1711.11             150.743             0.607331            3.54565             
62000               3430                2017.46             132.173             20.8314             15.761              
42000               3830                1502.25             119.926             246.137             11.1068             
60000               3460                1636.61             220.356             14.0334             15.4985             
123000              2840                1892.67             142.771             320.844             8.18624             
167000              3370                1884.45             142.136             8.32483             0.608406            
79000               2880                2462.16             222.585             51.9064             0                   
105000              3810                1889.03             124.049             51.0847             10.0038             
79000               2900                2496.76             170.476             67.8974             14.76               
189000              2700                4014.74             229.767             147.941             1.96054             
84000               4060                1483.49             145.271             6.68298             13.4518             
123000              3690                1490.15             115.168             216.552             0                   
100000              2850                2190.54             216.627             140.341             20.3465             
42000               2970                1735.49             143.23              5.96386             0                   
124000              3190                1923.98             153.382             0                   9.71774             
83000               3490                1574.53             145.722             14.0915             24.3043             
149000              2700                4198.29             229.767             134.252             42.4645             
125000              2570                2906.93             223.754             687.312             22.2316             
107000              4300                1459.14             146.695             31.1884             0.0979438           
99000               3660                1406.07             158.801             226.243             0                   
118000              2850                1981.77             163.464             329.715             0                   
164000              2780                3223.24             223.639             355.671             3.26919             
102000              4140                1828.31             132.759             8.81495             0                   
82000               3490                1430.21             120.863             312.657             26.2352             
62000               2920                2286.6              195.094             172.457             6.1504              
60000               3250                1501.38             137.939             179.049             37.756              
60000               4580                1513.54             138.28              8.98626             1.60328             
184000              2730                2908.99             213.346             549.73              2.40312             
104000              2630                4113.97             229.246             660.324             8.71137             
167000              2790                3256.48             191.695             96.7622             10.8065             
209000              2520                4041.41             228.309             556.554             26.686              
149000              3170                1735.15             124.436             108.723             37.9701             
164000              3180                1688.4              200.347             70.0669             0.0181229           
209000              2700                3002.48             212.531             586.431             7.23824             
60000               2930                2702.21             154.751             16.9548             2.80367             
67000               3640                1903.36             202.026             2.27967             0.465884            
59000               3070                1758.38             132.916             388.968             0                   
60000               3670                1419.83             175.754             102.804             12.6469             
42000               2860                2562.83             147.474             16.9548             10.3085             
42000               3100                2180.53             141.827             38.6734             9.98819             
42000               3170                1976.43             130.227             149.85              24.7274             
184000              3270                1528.12             123.59              201.92              7                   
61000               3720                1811.25             206.636             2.27967             0.0950231           
100000              2830                2054.58             184.268             132.263             23.5017             
42000               2920                1845.62             166.995             59.9483             16.0887             
100000              2910                2085.43             142.771             171.762             6.65452             
165000              2740                2900.58             221.903             703.594             0                   
42000               3320                1723.27             114.118             244.944             0                   
42000               3660                1786.29             119.926             91.9724             0                   
143000              3040                2030.7              142.771             114.979             0                   
60000               4330                1529.29             125.355             44.9592             20.3262             
147000              2800                2317.73             206.181             103                 11.493              
78000               2830                2328.48             211.295             407.622             24.0053             
42000               3890                1784.9              134.831             18.5205             28.8036             
83000               3900                1469.62             115.497             248.34              6.36066             
65000               2880                2468.12             147.474             367.694             2.80367             
120000              2910                2090.36             158.352             143.034             23.3329             
42000               3110                1868.09             138.734             6.90902             30.7799             
42000               2850                2666.19             172.506             19.1959             2.80367             
60000               3200                1449.25             163.829             213.179             16.496              
59000               3680                1533.11             121                 260.687             0                   
60000               3050                1637.58             182.398             265.119             4.99129             
140000              3040                1597.12             135.146             158.904             16.4938             
143000              2890                2108.72             222.42              168.119             0                   
124000              2870                2552.42             221.592             93.7686             0                   
140000              3270                1474.15             123.59              312.622             0                   
78000               2850                2678.37             215.003             379.546             1.51746             
120000              2850                2260.18             148.741             39.522              1.75878             
140000              3050                1466.33             125.162             241.204             0                   
101000              3060                1645.11             156.537             23.5727             19.2869             
82000               4310                1350.96             129.91              156.367             0                   
63000               2810                2886.16             161.526             219.761             14.6754             
144000              2580                3507.23             227.889             303.928             3.81561             
124000              2680                2901.03             225.786             572.637             90.3913             
164000              2700                3113.92             224.578             461.699             14.8087             
118000              4000                1495.44             115.168             181.991             14.4757             
144000              2800                3773                198.412             49.0231             18.7141             
139000              2730                3050.62             170.967             56.2844             20.654              
60000               4170                1423.02             117.998             72.1189             6.75438             
42000               4080                1672.88             119.862             213.118             0.574864            
59000               2890                2961.93             187.573             13.6322             2.80367             
100000              2860                2173.25             226.295             37.8872             18.1268             
60000               3920                1573.86             129.022             19.0244             30.341              
163000              2730                2950.12             204.877             301.361             5.59375             
105000              3250                1512.6              117.863             205.08              26.1926             
83000               3720                1498.81             172.807             13.0343             1.13146             
82000               4270                1384.66             118.013             122.527             4.92165             
86000               2790                4379.91             228.503             301.645             4.07987             
79000               3320                1718.32             114.687             187.628             0                   
166000              2680                3945.62             229.702             137.159             71.8939             
118000              3080                1499.79             186.361             213.208             10.0527             
123000              2780                2216.15             214.277             512.083             8.57326             
60000               2940                1789.3              156.562             73.4713             0                   
42000               3080                1726.62             145.311             243.324             0                   
123000              3110                1639.1              126.771             105.115             36.3429             
103000              2950                2764.34             173.95              35.9688             0                   
191000              2750                2581.48             221.557             874.176             8.11787             
63000               2870                2272.45             215.737             167.441             5.19711             
160000              3220                1454.58             141.737             215.621             0                   
84000               2970                1718.71             136.113             336.12              0                   
103000              2710                3249                205.15              44.2358             28.0169             
42000               3440                1633.73             121.435             119.438             21.7748             
42000               2850                2306.28             150.734             167.862             5.19711             
84000               4310                1470.32             146.695             12.372              0.0979438           
61000               2890                2247.38             194.392             69.1134             32.8552             
100000              2880                2398.85             184.481             32.2727             24.3012             
126000              2620                3721.94             229.246             392.891             2.40312             
123000              2800                1923.77             181.753             389.488             5.07981             
209000              2640                3587.21             227.269             327.239             7.23824             
83000               3070                1559.57             120.252             220.638             32.0485             
145000              2710                3418.17             198.07              458.549             2.40312             
139000              2750                3541.89             172.108             211.492             0                   
66000               2810                2527.06             206.118             100.466             4.35202             
184000              2770                2335.9              177.795             147.121             20.373              
42000               4160                1631.34             224.024             12.7583             9.33562             
42000               3410                1956.61             135.967             2.27967             0                   
209000              2790                4302.84             229.971             114.723             0                   
80000               3090                1793.84             198.094             5.93443             8.48938             
60000               4060                1375.34             134.484             122.271             9.94779             
42000               3500                1541.79             142.729             110.916             4.67846             
60000               3810                1370.83             135.038             150.876             0                   
123000              3690                1504.1              115.212             172.607             15.2123             
60000               3830                1577.79             171.684             66.1717             6.16205             
84000               3100                1615.98             146.852             266.682             11.9913             
83000               3170                1866.43             132.664             60.9151             0                   
