228000              6400                2854.96             821.352             2340.04             9.75762             
135000              6800                4362.99             743.135             1855.13             47.6483             
135000              8350                847.331             543.83              867.346             6.25886             
182000              7700                1870.44             177.27              195.714             17.014              
135000              9100                1343.47             174.924             59.2044             40.3535             
222000              9700                1307.24             451.757             267.67              28.544              
185000              10450               1930.66             388.313             10.3095             0                   
135000              6900                2605.66             218.143             2927.56             24.4715             
228000              9950                1517.78             639.755             6.08065             16.4105             
135000              6200                4484.39             542.834             1125.96             17.4635             
309000              6200                4115.94             720.816             1227.33             58.1333             
135000              6500                3634.73             779.515             2727.11             35.4063             
274000              9450                1443.74             535.516             -2.84217e-14        41.2125             
232000              6700                4586.89             312.84              217.947             24.1089             
181000              6500                4543.35             321.919             753.29              15.0044             
135000              6500                4462.56             821.986             1801.63             0                   
228000              6700                4275.87             729.999             724.767             50.3599             
274000              9400                1095.06             435.665             50.238              0                   
135000              6200                4918.59             749.704             742.986             0                   
231000              6200                4016.63             723.417             1179.03             40.2536             
181000              6200                2646.19             664.166             3087.98             43.746              
135000              6200                3598.61             713.504             2573.54             46.0868             
135000              6800                3179.72             546.062             3769.23             0                   
185000              5900                4467.02             686.204             611.992             27.7225             
135000              10000               2430.9              294.816             0                   40.1603             
175000              8850                853.762             128.311             834.41              30.1893             
269000              6800                1733.13             681.597             2800.37             0                   
135000              8400                2389.26             249.155             67.7483             31.3146             
173000              7900                2466.69             525.805             52.8656             38.527              
222000              9950                2217.88             665.767             17.5337             9.75839             
181000              6200                2709.98             211.362             2956.79             0                   
185000              7200                2354.56             402.059             101.398             32.0551             
348000              6400                3255.04             876                 2636.51             1.28925             
307000              7000                1416.81             709.057             2308.32             12.4728             
234000              8550                644.961             84.278              326.072             0                   
215000              7000                1187.01             814.079             2631                12.4149             
310000              6500                2631.26             775.805             3066.32             0                   
319000              6800                1311.55             662                 3292.07             10.713              
222000              8850                790.189             128.311             891.653             6.35119             
318000              6600                4297.86             845.129             227.755             51.1753             
135000              7400                1309.96             879.827             1801.91             29.8126             
231000              6400                4708.83             586.074             160.344             0                   
231000              6500                2638.49             765.046             3545.89             0                   
181000              6500                2513.27             664.166             3421.42             56.7884             
347000              6700                2606.81             835                 3870.52             0                   
359000              6400                4044.05             1038.27             1711.35             0                   
319000              6400                4331.67             586.342             335.676             24.1089             
135000              6700                4103.93             333.03              2304.55             34.3447             
135000              10500               1495.83             123.527             2403.3              0                   
135000              8350                1278                664.166             623.412             36.0129             
182000              6400                3726.54             959.334             2461.52             0                   
234000              8550                1235.64             233.037             17.1945             22.8649             
271000              6400                4569.48             397.957             233.441             0                   
135000              10200               948.657             140.639             413.612             17.9753             
318000              6200                3932.04             834.399             1556.9              17.5039             
173000              10000               2556.57             735.798             -2.84217e-14        45.7005             
321000              9150                1242                540.924             0                   0                   
274000              8300                1351.43             188.307             16.1276             0                   
181000              6800                4667.09             616.738             514.276             34.0334             
135000              7900                1085.85             1036.41             2048.14             3.45906             
135000              6700                4779.28             358.251             399.553             15.0044             
268000              6200                2908.22             810.974             2843.92             0                   
135000              7400                1801.44             173.734             709.815             12.9961             
225000              7450                1235.99             714.09              1578.88             19.9768             
266000              6800                4287.86             728.442             1745.69             14.7565             
135000              7400                1850                177.27              185.35              37.0599             
263000              6500                2702.07             356.402             3127.81             0                   
234000              8000                1111.73             154.796             27.3423             10.4852             
135000              6200                4583.74             299.944             924.051             0                   
223000              6500                4433.93             703.544             1202.12             64.1833             
257000              6400                3712.96             1201.03             1755.98             68.1115             
135000              6900                2442.42             277.721             61.3717             38.2762             
173000              7000                1576.46             482.464             2546.93             12.2396             
135000              10750               2131.74             496.058             29.8966             31.1937             
270000              6200                4209.29             730.07              987.603             0                   
135000              6200                4814.57             371.819             373.12              34.0334             
269000              6800                1268.13             591.087             3416.38             0                   
135000              8850                854.033             130.096             821.832             40.3152             
278000              6200                4646.69             308.842             780.127             13.4628             
223000              7900                1487.32             912.522             849.386             0                   
234000              9650                726.737             85.8783             284.123             8.85034             
234000              8550                880.947             152.557             90.8096             37.63               
262000              7000                1232.41             667.52              2547.99             18.298              
182000              6800                4416.59             675.336             1668.42             44.1332             
135000              7200                1083.54             819.96              2393.55             3.45906             
318000              6200                4397.91             573.246             1103.1              48.3449             
221000              6000                4291.1              1121.84             2990.42             36.0879             
231000              6800                4450.66             769.966             1628.56             0                   
135000              9650                728.774             132.653             670.625             0                   
222000              10050               980.895             127.297             1956.15             0                   
135000              8250                1350.51             168.805             2084.08             18.8964             
135000              6800                3104.58             591.087             3031.69             10.1378             
274000              9350                1224.43             149.216             0                   22.2109             
223000              6700                4529.43             748.743             978.634             8.0649              
215000              7000                1341.39             716.902             2378.92             41.8246             
173000              6800                1619.05             726.635             3024.55             0                   
278000              6200                4781.37             297.72              1464.19             0                   
182000              7200                1056.52             700.881             2337.73             30.9019             
135000              10450               2004.65             167.777             38.2055             18.9915             
311000              6800                4160.68             678.095             2167.52             0                   
135000              6500                4667.73             511.688             641.802             38.7373             
135000              6200                4640.17             950.154             738.284             34.0334             
181000              6700                3037.82             283.327             2640.34             17.8104             
359000              6200                4339.48             635.96              1124.56             19.8362             
135000              6700                4363.17             319.225             1890.23             0                   
182000              7200                1112.78             1096.1              1948.74             0                   
360000              6700                4484.6              557.707             179.079             0                   
135000              10500               1135.17             148.406             189.404             2.27182             
135000              7200                1161.23             164.687             2562.52             17.7248             
135000              10950               2308.18             196.157             73.9889             0                   
135000              6200                3731.1              314.726             2591.76             40.4086             
223000              7900                1407.85             337.556             867.579             0                   
135000              7900                1981.47             243.684             322.158             0                   
220000              7500                1006.84             128.311             2822.66             0                   
257000              6400                3416.38             1201.03             2032.18             3.36695             
135000              6500                2662.44             686.204             3210.42             53.7644             
319000              6200                4554.66             678.095             839.121             44.1238             
318000              6700                4451.48             397.957             416.997             0                   
359000              6700                4517.42             376.907             173.297             24.8086             
135000              9950                2070.15             629.691             61.6701             33.5662             
135000              8550                898.413             135.402             486.056             3.91759             
274000              9400                1118.77             135.606             40.6412             0                   
135000              7400                1039.61             982.722             1779.18             14.1394             
359000              6800                1823.01             702.686             2589.16             3.24032             
273000              6400                3848.53             914.632             2300.85             44.2095             
232000              5900                3805.83             1093.21             2763.63             64.0098             
135000              6200                2678.81             744.347             3004.49             24.4715             
135000              6200                4604.16             691.172             811.291             56.027              
318000              6500                4374.55             573.246             1279.32             13.4628             
266000              8800                1383.63             541.106             0                   31.7196             
278000              6400                4075.77             617.586             704.515             61.8563             
135000              10000               1277.98             195.046             126.467             34.2456             
135000              6200                3647.98             302.517             2684.74             0                   
319000              6800                2026.11             707.873             2403.46             0                   
135000              7200                1364.63             126.924             2198.32             9.66524             
272000              6500                2654.94             743.471             3851.52             12.4513             
269000              6500                3163.99             698.691             2372.42             27.4788             
177000              8200                1506.54             766.205             1742.56             11.8044             
135000              5900                4624.92             754.651             483.895             48.5298             
175000              8200                1089.41             546.062             1867.46             17.2504             
182000              6700                4285.88             699.572             819.406             74.5279             
173000              6900                2385.86             491.998             66.7073             0                   
180000              9400                1073.65             456.617             312.086             7.07987             
135000              6500                4523.45             843.721             995.365             18.1482             
173000              7000                1459.85             925.779             2578.08             0                   
272000              6400                4446.41             969.035             791.138             0                   
359000              6400                4059.99             656.198             752.083             47.6621             
135000              6500                2831.55             869.587             3096.8              0                   
135000              8350                982.639             190.039             1223.64             37.0578             
262000              7000                1017.38             642.649             2727.77             0                   
135000              7750                1295.97             164.687             2255                27.39               
175000              7400                1113.05             1017.2              1743.89             27.051              
176000              6200                3270.75             586.562             2974.06             0                   
135000              6200                4048.36             317.473             2522.33             12.1496             
135000              10000               1612.34             118.91              2432.91             30.4373             
182000              6900                2038.13             663.023             107.262             7.50475             
135000              6900                2258.24             219.406             131.56              0                   
135000              8900                2438.27             268.947             0                   0                   
354000              6700                4449.37             698.932             415.718             0                   
135000              9400                2082.22             731.988             15.3993             25.3005             
135000              7900                1548.74             804.668             869.651             0                   
185000              8300                836.098             556.711             245.259             0                   
231000              6700                4602.28             405.061             366.004             0                   
223000              6500                4565.98             736.972             494.124             88.5544             
278000              6400                4459.58             525.389             236.353             51.6911             
273000              5900                4346.91             805.605             787.536             51.1467             
135000              6500                4571.56             675.336             1567.9              0                   
135000              10250               2411.8              397.515             58.9733             0                   
222000              8200                1041.79             776.505             2112.62             29.3431             
175000              8550                775.922             132.653             765.986             10.1764             
185000              6400                4599.07             517.751             202.236             0                   
220000              8050                1063.41             126.924             2195.94             7.66999             
135000              11000               1521.06             118.709             2714.42             0                   
135000              6200                3976.73             610.891             2480.05             44.6439             
225000              9400                1519.83             509.995             0                   0                   
135000              7700                1543.16             203.11              1874.85             0                   
319000              6600                4514.85             1018                166.286             0                   
135000              7200                1008.57             129.471             2638.3              0                   
135000              7700                1011.83             329.647             2237.88             14.6469             
135000              6700                3238.55             205.701             2963.33             0                   
234000              9100                890.837             178.147             89.7079             0                   
182000              7700                1067.91             650.422             2440.91             0                   
181000              6700                2951.95             848.264             2624.83             62.3729             
274000              9400                1141.82             143.142             39.4252             35.6768             
313000              6700                4115.43             569.136             540.129             0                   
135000              6700                2936.47             358.616             2705.01             35.5885             
135000              7200                1200.22             726.956             2227.74             3.45906             
278000              6400                4501.23             310.033             431.316             24.1089             
135000              6200                3316.49             205.701             2880.15             15.7267             
272000              6800                4240.03             659.544             1239.26             52.7712             
278000              6400                4526.15             376.907             163.394             39.5274             
220000              8200                1135.75             806.22              1994.33             0                   
220000              7000                1528.14             169.64              2556.33             0                   
135000              9500                1577.24             118.008             2917.44             0                   
135000              6700                3265.98             211.049             2919.93             39.4221             
176000              6700                4566.85             926.834             407.05              50.1395             
181000              6500                2610.08             214.418             3050.82             24.4715             
135000              9950                1136.43             447.677             215.994             0                   
135000              6500                3341.75             466.944             3052.21             0                   
135000              9100                704.332             132.653             781.561             3.91759             
