555000              3950                1390.46             566.644             2795.24             0                   
455000              3000                2274.76             271.576             2970.93             0                   
463000              3950                1799.5              589.955             384.219             0                   
455000              2950                3521.08             705.657             1242.4              146.727             
190000              3550                1410.29             445                 1981.52             492.143             
732000              2950                3998.55             564.553             1341.17             0                   
360000              3500                3223.8              958.343             -2.84217e-13        340.831             
273000              3050                3802.55             948.198             525.484             210.452             
546000              3100                2783.3              682.596             1731.34             0                   
546000              4050                1458.89             504.899             1458.36             0                   
648000              4200                1458.92             488.047             1778.33             0                   
554000              3000                1797.19             664.203             3634.31             0                   
187000              2950                4546.48             627.048             1072.53             0                   
273000              3150                3945.08             719.917             68.5185             413.453             
182000              3850                2650.5              905.525             -1.7053e-13         80.7639             
361000              2900                2795.41             751.244             3437.15             0                   
187000              3550                1658.8              945.596             1352.28             353.58              
187000              3150                3360.24             956.292             822.808             545.416             
273000              2750                4385.78             421.758             2391.03             0                   
182000              4000                3168.49             764.099             -3.72324e-12        0                   
287000              2750                3904                296.211             2969.72             0                   
187000              2750                3972.85             282.044             2970.35             0                   
182000              3700                2889.2              487.612             527.598             0                   
187000              3300                1733.77             728.132             1415.86             0                   
284000              3450                1577.56             794.546             1537.11             805.135             
184000              3750                2075.49             860.405             774.328             258.286             
273000              3300                1705.61             861.615             1644.63             903.067             
284000              3200                2033.76             271.576             1614.77             0                   
281000              3700                2040.33             734.902             451.563             352.114             
461000              5100                1654.24             898.177             320.17              366.578             
187000              3500                1551.61             825.006             1689.79             374.756             
469000              3500                1428.94             704.119             1853.71             21.9975             
372000              3700                1337.09             769.761             2192.21             666.342             
187000              3800                2260.63             551.95              11.7493             233.728             
278000              3800                1894.33             926.101             560.971             269.195             
187000              3000                2571.32             817.688             3129.78             0                   
548000              2900                4053.63             526.726             1804.91             0                   
286000              3150                2090.76             825.676             2002.17             284.168             
370000              3250                1679.91             911.689             1845.46             258.907             
187000              3200                1624.05             579.141             2221.92             403.736             
284000              3250                2029.63             355.936             738.452             33.17               
454000              3200                3536.84             665.153             55.7558             6.97099             
182000              3850                3432.9              620.62              3.13073             0                   
187000              2900                4353.62             833.507             1500.83             172.232             
372000              3400                1546.08             839.246             2222.12             665.508             
187000              3150                4398.48             433.21              2389.79             0                   
648000              4200                1357.49             497.325             1948.57             306.621             
375000              3800                1786.91             380.839             339.559             3.80221             
469000              3200                1999.39             780.232             1547.67             363.62              
645000              2900                3569.6              652.01              1745.88             88.3479             
182000              3900                3922.31             873.663             -3.86535e-12        413.249             
383000              3150                1718.18             271.576             2397.58             0                   
455000              3000                2834.01             271.576             2279.26             0                   
457000              2900                4218.15             447.244             1063.23             17.1439             
182000              5050                2908.4              959.705             -3.06954e-12        269.654             
187000              3300                2749.79             654.725             1.95841             90.0302             
281000              3700                1704.09             364.618             744.51              295.874             
645000              3050                3250.19             545.489             742.58              0                   
284000              3350                1775.69             474.41              2346.07             0                   
187000              3150                3497.12             953.789             595.692             382.498             
187000              3600                1531.46             861.205             1812.81             910.531             
455000              3000                3052.06             383.819             2143.92             0                   
383000              3700                1372.62             751.311             2057.33             359.421             
554000              4200                1363.19             660.74              2677.17             0                   
554000              4050                1325.85             707.766             2309.35             185.319             
546000              3000                3796.9              635.179             357.518             10.5106             
187000              3750                1547.77             861.205             2216.97             814.049             
380000              3550                2052.59             432.412             41.9433             0                   
276000              3650                1483.16             495.262             1534.19             500.962             
554000              3050                2463.73             511.808             2276.49             0                   
286000              2950                2890.85             893.168             3273.02             734.877             
180000              3150                4070.8              928.093             220.611             658.686             
273000              3000                2652                675.541             3346.56             617.923             
190000              3800                1366.33             293.158             947.133             310.751             
372000              2850                3042.91             683.264             4149.1              162.222             
187000              2750                4018.54             327.742             2946.15             131.115             
190000              3600                1407.08             359.806             1593.61             492.143             
272000              2900                3801.89             509.45              3849.11             0                   
358000              2900                3405.85             496.4               3844.31             0                   
554000              3450                1534.65             768.476             2044.74             368.075             
187000              2700                4838.26             724.802             4049.85             0                   
375000              3550                1555.74             392.749             629.33              327.234             
187000              3100                4473.06             676.234             184.493             369.885             
187000              2950                4354.08             298.295             2391.79             0                   
182000              3150                4368.42             760.011             2738.23             1.98528             
184000              4000                1748.25             695.61              686.78              131.541             
542000              3150                3279.84             545.489             51.2169             10.5106             
286000              3250                2972.94             468.203             7.29502             0                   
554000              3000                2004.91             557.462             3280.73             25.462              
187000              2950                4710.43             594.846             337.089             278.535             
464000              3200                2986.71             494.83              227.369             0                   
359000              2900                5117.56             555.188             958.893             0                   
641000              3050                3884.36             545.489             54.8388             0                   
182000              3350                4202.02             923.999             530.828             0                   
569000              3800                1371.79             606.408             2461.5              66.1205             
278000              3800                1529.3              420.823             594.732             0                   
182000              3950                3100.55             513.784             293.68              255.326             
272000              3300                3052.05             654.725             1.95841             426.848             
645000              2900                3725.39             543.159             1579.99             0                   
187000              3200                4613.19             620.085             184.493             0                   
190000              3550                1965.85             349.336             666.819             0                   
370000              3750                1502.74             319.77              1578.82             0                   
377000              3000                1968.26             607.783             3391.95             142.838             
375000              5100                1689.03             926.879             365.95              351.808             
187000              3000                2863.98             646.356             2955.33             519.444             
367000              3550                1457.04             702.778             703.181             153.245             
187000              3200                1959.83             416.789             2027.44             173.965             
190000              3650                1384.02             710.111             1652.32             649.771             
276000              3800                1357.33             643.42              1878.13             556.378             
272000              2750                3584.88             699.303             3614.18             0                   
187000              3300                2377.21             421.033             118.553             0                   
469000              3250                2387.67             847.218             755.906             0                   
284000              2900                2797.04             701.495             3865.93             300.778             
187000              3550                1615.86             887.45              973.803             1031.09             
187000              3050                2531.39             556.387             2598.39             349.067             
375000              3300                4546.66             949.388             -1.40687e-12        155.76              
187000              3550                1618.13             630.935             2577.45             28.4769             
187000              2750                5201.48             553.507             1926.88             0                   
273000              3750                1566.88             682.838             2425.33             103.463             
187000              2750                3456.18             698.733             3356.24             189.186             
358000              3000                3297.42             706.526             2143                252.514             
383000              4950                1395.21             872.759             1025.81             55.6091             
461000              3200                3823.67             788.46              -1.42109e-13        163.92              
554000              3450                1716.21             566.644             2028.63             64.6589             
469000              3600                1394.86             452.815             1397.1              119.627             
365000              3000                5047.38             798.505             184.493             0                   
544000              2900                5083.84             575.583             628.99              0                   
182000              3550                2965.15             816.815             -1.0516e-12         329.782             
187000              3200                1779.03             294.077             2097.58             70.4762             
284000              4100                1730.7              817.012             272.192             521.833             
178000              3700                3597.28             924.047             1622.41             830.935             
358000              3050                4059.49             545.489             36.2432             0                   
274000              2950                4660.07             553.386             273.543             0                   
375000              3200                4176.67             890.041             11.0096             578.026             
455000              2950                2570.47             776.092             2902.3              0                   
182000              3850                3049.41             700.889             0.197918            315.531             
182000              3450                3628.21             920.379             -3.82272e-12        137.514             
284000              3150                4748.6              957.969             17.0085             222.319             
187000              3250                2385.37             897.02              1093.18             661.327             
187000              2750                4587.52             346.415             2200.75             0                   
455000              2950                2342.14             473.285             3282.84             0                   
371000              2850                4943.43             710.635             1654.17             119.034             
274000              2850                4798.7              765.341             1652.92             134.121             
375000              4950                1474.47             789.211             475.015             280.829             
546000              4050                1459.94             390.407             1659.21             0                   
182000              3650                3611.56             863.68              110.992             0                   
375000              3500                4541.14             663.977             -1.40687e-12        0                   
184000              3750                1743.46             904.499             973.904             590.246             
187000              3050                1816.94             579.141             2926.5              0                   
187000              2950                3168.31             782.624             2057.68             0                   
375000              3100                4687.89             922.546             5.37588             0                   
554000              2950                2680.37             605.707             3240.91             0                   
459000              2750                5091.89             616.81              1888.02             0                   
375000              3400                4256.24             941.925             -1.37845e-12        287.394             
182000              3450                3548                684.312             1890.64             0                   
179000              3750                3536.48             953.711             854.656             813.978             
273000              2900                3303.84             522.766             4264.65             0                   
475000              3150                2546.29             438.467             1017.48             33.17               
187000              3000                4306.88             489.435             256.874             0                   
187000              3050                3524.99             501.549             4045.95             0                   
182000              5250                2520.86             860.883             -1.7053e-13         492.835             
182000              3700                3785.13             954.916             -3.83693e-12        0                   
284000              3300                1683.08             469.202             1224.71             419.635             
187000              3550                2021                955.71              1167.16             111.694             
187000              3800                2049.72             474.669             460.443             383.617             
276000              3400                1600.56             727.181             2523.92             563.293             
469000              3950                1381.11             605.324             2841.93             124.205             
187000              3300                1787.51             362.158             1117.8              377.22              
358000              3000                3547.53             487.008             923.846             213.828             
460000              2750                3899.27             561.789             3305.4              0                   
455000              3100                2192.31             635.301             2321.72             190.292             
273000              3050                3485.49             797.487             772.447             247.824             
273000              3050                1799.44             738.929             3010.95             239.257             
284000              2950                4685.36             475.361             1938.59             0                   
187000              5150                1531.73             829.811             1542.68             1257.85             
455000              3050                3372.81             531.315             472.963             277.709             
370000              3500                1391.72             271.576             1922.75             66.1205             
187000              3150                3750.41             958.28              540.076             782.114             
469000              3800                1397.8              452.083             2338.73             0                   
187000              3600                1827.48             845.626             1058.33             1249.79             
469000              3100                1739.46             401.162             2656.97             0                   
182000              5250                2575.47             922.695             60.4338             131.122             
554000              2950                3311.92             674.063             2273.2              441.612             
182000              3300                3580.59             895.646             1651.39             132.773             
182000              3350                3540.03             626.883             1346.46             434.52              
190000              3800                1410.87             318.052             781.806             30.9098             
187000              2750                3254.71             578.407             3878.47             0                   
373000              2900                4465.47             780.235             1386                43.9213             
286000              2750                5038.84             600.623             2040.69             0                   
190000              3300                1888.45             644.766             1023.92             455.634             
363000              2700                4753.04             662.292             3284.23             0                   
373000              2750                5119.47             535.083             1815.21             0                   
182000              5050                3062.99             959.337             -3.08376e-12        18.3676             
562000              2900                4506.11             555.188             1459.22             0                   
275000              3800                3072.05             805.819             -3.83693e-13        0                   
380000              3550                2189.16             556.363             2.98491             37.0959             
187000              3150                3996.96             490.358             2946.23             0                   
364000              3950                1528.86             590.275             655.173             0                   
468000              2750                3530.19             663.914             3505.53             52.8512             
182000              3450                3625.41             742.679             29.9734             0                   
