122000              3630                2524.76             175.582             0                   24.7973             
65000               2920                1513.76             111.577             397.348             78.4383             
65000               2400                1847.8              121.401             65.0144             0                   
65000               2610                2212.14             176.595             7.16713             50.5665             
83000               2710                1333.1              140.213             481.318             39.5157             
102000              2690                1706.5              121.078             122.649             54.7409             
89000               2360                2202.07             228.889             7.16713             18.6886             
92000               2470                2284.11             153.327             5.75789             90.271              
65000               3060                1707                116.384             64.4144             17.7996             
102000              3640                1535.82             133.662             115.575             15.2436             
86000               2390                1829.55             121.401             98.765              13.5104             
83000               2720                1305.93             120.609             398.58              51.1342             
110000              2830                2521                151.796             8.56827             22.1888             
102000              2700                1683.73             121.131             61.6086             73.2929             
65000               2780                1771.15             110.048             279.264             25.1769             
65000               2350                1885.8              140.301             244.387             22.758              
122000              3830                2398.43             150.097             2.81038             0                   
102000              3860                1247                117.216             336.615             81.6983             
89000               2390                2131.68             228.889             7.67721             42.231              
146000              3200                3141.29             186.108             0.626454            45.2977             
104000              3980                1271.58             108.024             468.966             39.6415             
83000               3930                1275.73             123.014             431.946             39.6415             
107000              2410                2219.38             195.347             12.8112             0                   
146000              3140                3168.2              186.108             0.626454            63.4311             
83000               4190                1513.12             119.983             56.5427             48.1294             
102000              3650                1419.59             124.382             300.042             0.555403            
83000               2300                2400.78             184.33              202.264             0                   
83000               4220                1513.16             139.206             65.4455             6.99374             
65000               2720                2288.26             164.637             7.16713             28.9298             
84000               2550                1613.16             99.6582             426.838             0                   
102000              2880                1298                108.024             378.999             35.1924             
65000               3290                1435.02             101.031             465.472             40.0883             
110000              3170                2679.26             157.235             6.18296             0                   
83000               3390                1744.4              168.391             18.4563             0                   
65000               2800                2221.14             145.014             7.16713             64.52               
65000               2360                2158.6              130.345             26.8595             34.2377             
110000              2250                2655.1              158.828             20.4                0                   
102000              3500                1722.34             116.529             49.8096             27.1431             
83000               2320                1568.51             109.777             490.073             29.7753             
65000               4040                1399.08             101.031             487.257             38.7445             
146000              2460                3374.4              218.69              0.769477            90.7114             
65000               2350                1896.79             126.852             313.529             0                   
102000              2450                1461.97             147.492             434.123             0                   
65000               2400                1882.45             142.783             13.4876             13.5104             
83000               3750                1335.79             131                 447.955             0.555403            
104000              3870                1449.32             156.49              368.933             0                   
119000              3440                1798.82             131.635             45.5327             0                   
83000               4020                1534.86             126.132             153.009             0                   
65000               3390                1389.52             122.496             400.441             53.3515             
83000               3860                1567.76             126.384             14.1698             55.7229             
65000               3740                1562.25             142.442             340.382             60.0622             
103000              4160                1645.05             99.8575             327.139             0                   
89000               3560                1901.5              228.889             9.59335             51.4414             
85000               3110                1588.1              140.858             158.577             0                   
84000               3110                1435.17             101.035             489.86              20.628              
65000               3620                1694.9              138.908             49.0266             43.1522             
83000               2530                1684.52             131.29              70.2692             81.2929             
104000              2490                1405.17             120.609             499.61              40.5481             
97000               2290                1745.25             116.163             320.76              0                   
119000              2290                1915.28             168.352             269.837             25.5484             
65000               4000                1401.49             109.652             361.813             0                   
128000              2410                2264.41             215.44              7.67721             27.243              
65000               3060                1729.18             137.416             44.5128             0                   
65000               2690                1656.3              140.301             130.489             42.8683             
119000              2290                1609.19             112.294             400.298             0                   
65000               3210                1465.74             157.94              376.209             40.0883             
114000              2410                2239.21             153.327             7.68656             63.8487             
83000               3150                1412.98             172.523             348.449             0.555403            
79000               3750                1422.42             153.909             329.502             80.379              
83000               2330                1530.83             106.991             396.863             39.2491             
110000              2240                2729.19             177.988             57.0337             8.72792             
65000               4080                1455.61             100.93              373.737             71.7782             
65000               2350                1632.19             140.301             395.68              0                   
65000               2810                1739.84             149.213             344.192             1.16719             
65000               2890                1753.22             118.477             33.9509             77.4743             
104000              3150                1303.07             114.766             395.589             0.555403            
122000              3800                2261.96             152.708             6.71668             10.8087             
65000               2600                1515.66             145.28              511.209             2.38353             
102000              2270                1720.98             174.844             297.334             6.59415             
89000               2390                2123.31             195.347             11.33               27.6757             
92000               2580                2357.84             153.327             5.75789             1.70691             
65000               2810                1606.8              111.86              98.0451             2.27023             
102000              2290                1656.45             128.611             399.967             54.6934             
143000              3630                2506.6              159.397             2.93764             0                   
102000              3740                1288.09             102.701             469.23              80.379              
65000               3800                1425.86             135.05              320.444             9.40312             
65000               3310                1563.58             111.842             128.246             6.47371             
102000              2300                1655.65             174.047             361.832             0                   
84000               4040                1389.02             97.6624             492.288             38.7445             
83000               3550                2851.84             181.111             3                   83.4437             
65000               3730                1750.9              138.908             10.7456             9.6657              
83000               3830                1517.28             119.983             39.5355             31.6895             
103000              2720                1389.76             154.667             351.519             35.1924             
110000              2360                2623.36             163.755             6.18296             22.9592             
83000               2290                2424.8              168.679             302.675             26.9069             
65000               3740                1494.39             106.668             368.135             76.6148             
83000               3940                1471.29             136.743             121.877             59.7045             
83000               2690                1623.52             131                 160.898             68.881              
65000               3700                1679.5              139.518             41.9646             72.3282             
65000               2500                1769.93             139.094             284.14              80.0045             
119000              2290                2024.47             162.55              251.308             0                   
65000               3740                1347.11             135.05              444.486             0                   
104000              4010                1346.05             119.678             366.206             0                   
102000              3750                1296.9              103.744             371.868             51.029              
65000               3740                1337.92             113.296             459.011             9.40312             
102000              3170                1675.15             116.529             79.0823             0.575991            
119000              2290                1717.78             114.376             368.319             48.0827             
65000               2380                1582.56             144.648             397.313             42.6169             
65000               2520                1628.59             106                 454.291             17.7411             
103000              3600                1471.75             98.6098             422.996             0                   
65000               2690                2066.14             126.186             10.4876             1.94937             
65000               3500                1592.06             98.5188             399.966             3.78805             
65000               3860                1412.35             123.551             380.02              21.6491             
65000               3990                1507.02             124.703             377.341             59.8303             
83000               2890                1555.59             153.521             215.871             39.9759             
104000              3140                1305.13             122.296             456.288             13.9473             
65000               2550                1594.5              122.688             523.179             6.07502             
65000               2470                1791.44             165.394             341.815             34.6993             
83000               4000                1470.56             150.434             127.002             50.8368             
102000              3640                1352.78             100.603             394.301             67.5907             
83000               3890                1618.97             155.055             31.989              0                   
102000              2500                1470.09             126.985             342.289             22.259              
65000               2870                1845.17             167.518             14.213              38.8634             
83000               3170                1346.71             110.832             300.559             0.555403            
65000               3990                1436.15             97.9507             399.885             29.3414             
104000              3140                1304.09             134.839             484.724             0.555403            
83000               2530                1663.59             146.061             83.3939             49.7109             
122000              3940                1327.81             101.284             424.322             67.5907             
65000               3310                1753.92             157.475             34.3313             47.001              
83000               4140                1615.67             126.132             30.4372             0                   
83000               3810                1306.76             108.134             393.487             13.9949             
65000               2360                2105.64             179.252             47.6977             23.4067             
65000               2470                1653.09             100.355             392.915             37.9142             
83000               4130                1651.86             139.57              19.602              47.8824             
65000               2970                1704.29             99.6788             319.194             50.9638             
83000               2300                2549.06             169.211             172.801             0                   
102000              2330                1509.74             107.602             431.374             20.0861             
86000               2580                1839.08             172.279             40.6929             1.46425             
83000               3710                2754.08             181.111             3                   38.6577             
65000               2400                1809.56             142.783             144.601             10.2576             
102000              3230                1915.2              155.531             5.61631             72.6277             
65000               3370                1979.36             142.72              12.9775             27.3427             
83000               2880                1300.03             108.024             377.529             59.8424             
102000              3470                1776.18             140.915             5.61631             49.7075             
65000               2590                1775.74             152.691             34.3313             73.9889             
167000              2430                3261.29             222.504             0.769477            74.8542             
83000               3270                1397.9              102.701             432.077             0                   
122000              3800                2730.76             181.111             0                   0                   
65000               2750                1619.52             98.5188             387.133             0                   
84000               2400                1616.98             140.301             470.961             0                   
65000               3150                1469.76             129.674             465.98              16.1118             
122000              3380                2609.91             178.63              5.14253             0                   
65000               3450                1682.52             128.274             34.5539             70.2509             
92000               2490                2344.01             151.423             5.75789             51.1287             
122000              3580                2409.47             164.328             2.81038             0                   
86000               2880                1691.08             118.641             68.3045             58.7251             
84000               2500                2026.87             124.173             19.9252             0                   
83000               3600                2821.89             181.111             3                   59.2408             
83000               2330                1813.09             173.89              264.227             47.2727             
65000               2520                1790.34             139.551             428.095             11.7423             
166000              2550                3316.01             222.504             4.01837             78.6432             
65000               3000                2160.53             154.602             7.16713             52.8857             
107000              2420                2162.51             215.44              10.6772             0                   
65000               4040                1427.11             101.031             474.073             62.7698             
83000               4250                1595.36             153.975             19.602              24.3059             
83000               4000                1285.55             117.216             345.437             81.6983             
119000              2290                1743.42             157.571             355.38              0                   
146000              3260                3166.59             186.108             0.626454            35.593              
92000               2360                2481.67             185.554             5.67619             1.70691             
86000               2740                1595.6              118.641             157.274             6.91957             
83000               2530                1764.07             144.452             43.1342             78.5301             
102000              4180                1535.68             123.018             194.898             15.495              
83000               2300                2507.23             184.33              146.29              35.9821             
83000               3710                1481.56             133.318             282.619             49.5588             
65000               3210                1516.45             139.5               347.916             58.6286             
103000              3710                2751.24             181.111             3                   79.6847             
65000               2310                2196.53             160.186             106.285             0                   
65000               3810                1669.23             135.349             66.4514             0                   
83000               2300                2313.94             167.067             227.136             10.8598             
102000              2320                1461.61             126.985             451.295             0                   
107000              2430                2302.63             212.31              7.67721             27.243              
102000              2590                1632.42             126.739             115.221             74.967              
92000               2640                2452.33             186.641             5.67619             24.5033             
83000               2350                1954.27             186.398             220.414             5.4402              
65000               2700                1713.2              118.477             34.3313             52.5777             
83000               4130                1585.76             119.983             19.602              70.5085             
83000               4270                1479.6              119.983             85.1888             38.0466             
83000               3860                1687.1              181.761             14.1698             37.3254             
83000               2330                1653.74             158.444             340.278             39.2491             
65000               3020                1538.96             101.031             484.503             0                   
83000               3830                1344.92             115.705             325.56              65.2345             
102000              2730                1414.77             146.236             376.058             8.73445             
83000               2330                1873.77             161.109             248.695             67.3957             
83000               2330                1691.34             124.766             312.014             57.3462             
79000               3750                1290.8              102.701             396.181             80.379              
92000               2410                2395.34             171.101             5.75789             31.9953             
119000              2350                1870.13             119.55              278.147             0                   
65000               2310                2301.77             166.343             9.78957             0                   
83000               2440                1681.59             148.74              337.73              55.5254             
65000               3260                1749.42             131.034             17.1162             70.5845             
