109000              3370                2733.44             190.941             56.6598             5.74667             
151000              3530                2606.32             223.152             73.356              0                   
105000              2880                2045.31             159.02              435.037             5.66809             
108000              3510                2757.63             223.152             58.0903             4.41297             
192000              2630                3697.5              164.462             929.01              0                   
109000              3280                2639.69             172.552             263.128             0                   
84000               3870                1592.77             97.7819             811.833             4.88616             
84000               2750                1662.26             189.015             1051.32             0.124515            
84000               3140                2251.13             126.762             411.142             5.43177             
84000               3810                1525.5              128.296             832.447             2.05859             
84000               2900                1723.81             99.8682             809.68              3.25914             
108000              2740                2387.37             210.347             273.166             0.207278            
84000               3440                2350.5              130.466             241.932             0                   
84000               3550                1616.22             159.451             1029.52             0                   
105000              3050                2402.66             179.118             112.957             5.81054             
192000              2600                3838.56             179.326             841.683             0                   
84000               2830                1516.83             99.8682             1100.11             3.89189             
109000              3400                2043.84             174.625             301.017             1.72285             
102000              3450                2265.62             128.329             259.309             1.41838             
84000               3450                1571.1              119.348             837.035             5.96689             
65000               3120                1649.27             99.8682             793.671             5.87779             
108000              3560                1656.89             191.009             654.201             0.260459            
148000              3250                3066.12             223.152             53.1819             0.0827625           
84000               2800                2402.98             131.076             317.868             3.16272             
105000              3820                1420.89             150                 1107.15             0                   
167000              2720                3807.36             181.87              313.269             4.80536             
125000              2940                3188.32             173.045             52.0629             6.0164              
167000              2620                3819.48             192.3               143.534             5.93297             
184000              2730                3672.44             187.198             253.006             0                   
84000               3340                1811.39             100.226             747.357             3.70504             
167000              2630                3722.22             210.347             895.866             0                   
108000              3580                2780.13             210.347             57.7756             3.48597             
133000              3310                2271.14             210.347             335.089             0                   
84000               3250                1556.84             97.9654             1042.04             0                   
84000               3690                1974.46             165.769             209.542             5.32622             
102000              3350                2103.05             116.601             683.044             0.202619            
84000               3830                1533.79             141.213             1066.19             0.75261             
84000               3510                2569.66             172.05              57.0449             5.11868             
84000               3270                1975.62             151.058             242.735             2.38054             
167000              2670                3851.05             181.472             176.864             1.78722             
84000               3770                2382.29             154.091             142.199             4.19221             
84000               3700                1712.31             97.3322             704.268             0.0707193           
184000              2790                3776.81             187.198             115.142             2.99793             
84000               3040                1527.47             99.8682             1094.35             1.71549             
84000               3830                1765.83             142.19              351.008             4.03656             
84000               2790                1639.44             111.874             843.267             4.39711             
105000              2950                1916.07             149.466             550.091             0.0827625           
84000               2880                1964.53             129.551             483.207             6.09692             
84000               2920                2526.68             150.121             113.045             5.79063             
102000              3460                2704.85             179.293             47.6998             7.33989             
84000               3560                1886.99             102.758             721.122             2.40312             
84000               3050                2468.35             172.817             101.891             1.20702             
127000              3490                2899.31             172.024             54.9282             2.9574              
84000               2890                1780.57             101.369             780.714             5.92339             
84000               2860                1615.19             133.579             910.382             5.63221             
108000              3400                2701.39             210.347             74.7753             4.41297             
84000               2890                1480.63             141.213             1080.94             0.877125            
105000              2740                2374.99             179.118             192.197             5.81054             
101000              3620                1999.37             137.412             251.385             5.71291             
84000               3540                2328.95             128.329             234.859             2.86728             
102000              3400                2062.8              116.601             694.877             3.13597             
130000              2650                2973.26             164.049             894.776             3.1529              
84000               2740                1891.41             99.1448             955.175             1.43827             
84000               2660                2235.35             172.817             766.364             1.88979             
84000               3250                1879.38             115.336             689.797             5.85529             
84000               2690                2620.69             171.449             518.804             1.45709             
84000               3350                1648.97             98.5396             979.694             5.98036             
209000              2650                4041.21             215.895             631.492             1.04037             
84000               3110                1667.85             135.381             1026.99             0                   
84000               2660                2681.41             146.369             532.418             0                   
108000              3310                2545.23             223.152             92.8066             0                   
125000              3190                3191.07             187.689             47.3601             6.0164              
84000               2850                2331.69             134.815             276.225             5.30726             
84000               3870                2675.57             155.736             119.278             0                   
84000               3220                2155.19             118.001             618.54              1.23384             
130000              2650                2747.8              146.608             1025.27             3.1529              
84000               3080                1496.9              106.436             1050.31             5.39825             
105000              2910                1460.57             147.402             1177.52             1.71549             
84000               3830                1501.57             97.3225             950.045             4.49297             
108000              3270                1909.48             210.347             670.049             1.78137             
105000              2850                1522.12             112                 1275.34             0.124515            
108000              2740                2633.48             172.817             147.198             2.36011             
184000              2690                3894.35             189.019             166.701             1.2458              
84000               4020                1865.67             137.412             251.932             5.32622             
84000               4110                1611.88             115.845             767.449             3.48763             
84000               3870                1874                135.488             413.543             5.2139              
133000              3450                2291.72             210.347             288.012             0                   
84000               3910                1586.83             100.748             1016.89             0                   
105000              2860                2501.25             150.145             163.332             3.39271             
102000              3530                2700.13             149.575             151.559             2.58509             
84000               3610                2592.08             169.735             78.2166             0                   
192000              2620                3817.22             210.347             909.58              0                   
109000              3880                2480.08             161.224             75.6593             0.33324             
84000               3950                1394.67             112.623             1112.67             1.43827             
192000              2630                3544.86             185.412             1043.55             0                   
84000               2740                1996.3              118.155             893.647             2.65054             
154000              2650                3104.55             210.347             821.088             0.219544            
84000               3490                2121.4              114.897             623.907             5.02174             
167000              2730                3734.76             181.87              140.988             5.86344             
84000               3370                2775.63             154.366             68.1061             4.6524              
148000              2650                2598.6              144.873             1101.25             0.219544            
84000               2810                1755.82             172.973             893.535             2.23413             
84000               3320                1475.55             98.4363             1101.88             2.78551             
125000              2930                3220.21             181.465             70.4712             4.7697              
125000              3240                2236.6              130.466             298.392             0.0827625           
105000              3060                1923.46             149.466             506.608             2.7447              
84000               3370                2838.67             180.639             61.8867             1.07382             
84000               2830                2121.35             168.632             343.675             5.66809             
84000               3400                2840.87             155.609             133.919             0                   
105000              2820                1758.2              112                 959.081             3.60751             
84000               2670                2763.72             172.817             429.016             0                   
126000              3450                2852.12             210.347             51.6855             5.69357             
84000               3340                1858.33             99.4935             734.1               0                   
127000              3390                2632.98             163.181             89.3128             0                   
84000               2940                1839.88             159.424             713.555             5.49327             
84000               3600                1455.65             98.356              1115.12             1.19453             
148000              3360                3078.3              223.152             52.2504             3.04108             
84000               3280                1987.34             176.979             678.8               0                   
148000              2650                2957.81             149.299             895.558             0.219544            
129000              2790                2599.16             219.347             114.044             5.81054             
84000               3920                1721.82             112.405             681.3               0.0707193           
105000              2800                2342.59             171.449             240.673             0.0827625           
133000              2800                2681.2              210.347             121.757             1.20702             
129000              3260                2893.5              172.024             54.0482             1.25421             
108000              3250                2138.79             210.347             412.4               0                   
84000               2800                2334.26             130.908             343.98              0                   
84000               2780                1669.62             146.348             1075.36             0.124515            
125000              3050                2993.08             166.596             85.2931             8.48398             
105000              3070                1464.22             119.325             1187.74             0.124515            
167000              2610                3809.94             181.87              181.893             4.51531             
102000              3610                2807.06             155.796             148.422             0                   
84000               2660                2676.18             140.547             554.586             5.86865             
102000              3140                2165.57             126.762             433.668             0.207278            
84000               2780                1594.61             184.361             1067.3              1.43827             
105000              3070                1814.32             150                 833.337             0                   
167000              2630                3554.68             181.87              976.382             0                   
84000               3890                1762.98             137.412             377.172             1.57417             
84000               2840                1822.35             103.412             786.155             0.124515            
101000              3410                2614.33             183.345             44.8546             8.0956              
84000               2780                1832.07             135.631             734.849             5.49327             
84000               3910                1447.97             117.672             922.392             2.91003             
108000              3260                2167.06             172.985             232.143             5.84631             
84000               3700                2501.56             157.905             59.4838             2.37707             
109000              3790                2531                178.6               66.1342             0.0827625           
129000              3150                2867.65             163.72              56.536              0.0827625           
101000              3810                1426.31             114.748             1181.76             0                   
84000               2660                2157.89             136.901             832.131             1.88979             
84000               3940                1862.2              137.412             256.288             2.41637             
84000               3670                1803.22             135.963             624.217             5.49596             
125000              3130                3184.12             187.689             49.4639             3.21307             
84000               2660                2462.55             148.551             623.605             1.90359             
84000               2740                1595.97             103.866             1110.49             1.43827             
84000               3660                1424.22             97.7819             976.952             2.91003             
84000               2740                2451.44             135.789             714.68              0                   
82000               2900                1998.17             179.908             457.683             0.0827625           
150000              2960                3204.37             166.596             88.7016             4.7697              
184000              2820                3818.1              189.019             76.5048             0                   
101000              3650                1435.67             114.748             1042.51             2.91003             
127000              4010                2136.31             161.18              218.378             5.32622             
84000               2980                1460.45             117.976             1092.38             5.79462             
84000               3700                1822.5              164.385             628.387             2.31989             
192000              2600                3763.68             179.326             911.02              1.49691             
104000              3430                1427.52             130.22              1136.79             0                   
84000               3530                2343.48             128.329             322.74              5.40687             
84000               2850                2553.73             176.3               113.855             3.20232             
84000               2750                2431.35             172.817             132.149             0.207278            
105000              2740                2156.98             169.884             801.423             0                   
148000              2650                3054.76             171.292             871.325             0.219544            
149000              3100                3159.86             166.596             85.8073             6.01714             
108000              3580                2841.65             182.029             53.226              6.72693             
84000               2800                1545.03             161.963             1050.7              2.38974             
84000               3910                1524.5              106.838             830.611             5.99592             
84000               2650                2203.28             152.29              929.712             0                   
127000              3480                2202.91             161.18              307.545             0.135944            
167000              2610                3687.51             181.87              257.006             6.15349             
102000              3550                2768.82             179.293             70.6489             1.64632             
192000              2630                3521.01             188.343             962.903             1.70318             
84000               3940                1966.63             158.768             230.613             5.32622             
84000               2680                1475.4              117.976             1083.9              0                   
84000               2780                2838.35             179.267             64.8024             5.96936             
167000              2740                3735.1              187.198             189.757             0                   
84000               3560                1568.42             125.607             699.062             0.260459            
84000               3120                1654.58             140.269             789.348             4.11989             
126000              3640                2760.37             172.985             56.5566             2.37707             
84000               2840                2776.64             189.169             77.7479             4.5582              
84000               3940                1549.32             100.647             842.677             1.59098             
84000               3540                2255.98             146.76              99.6692             5.90257             
209000              2620                3993.35             181.686             815.174             0                   
84000               2810                2537.95             150.145             108.37              4.13378             
84000               3950                1397.56             112.623             1109.78             4.37163             
84000               2710                1598.7              117.976             1018.93             2.50233             
105000              2740                2217.23             159.02              333.306             4.36011             
184000              2830                3589.43             197.816             186.414             0                   
105000              2980                1966.98             128.329             506.965             4.20713             
84000               2750                2193.29             159.02              280.251             0.207278            
84000               3640                1548.89             147.402             704.305             4.00078             
84000               3970                1635.82             112.094             743.505             5.3734              
84000               2740                1962.14             99.1448             917.388             0.124515            
84000               3490                1931.11             145.012             403.619             0                   
84000               3820                1414.86             104.851             1116.2              0                   
