82000               7600                1322.09             198.711             895.904             0                   
123000              8150                1440.31             146.783             436.196             0                   
173000              6700                3633.11             1130.47             1217.66             16.7251             
82000               7100                1567.18             188.014             0                   20.1821             
82000               7600                1540.1              186.125             0                   23.2736             
82000               7600                1222.93             982.515             725.463             12.8058             
82000               9900                1169.94             121.513             604.344             18.8211             
123000              7100                1241.9              128.509             958.525             5.20845             
82000               9150                1178.35             178.855             25.709              0                   
82000               7350                1372.75             152.685             343.497             7.04163             
82000               9350                1032.63             132.862             420.266             14.0416             
123000              7600                1232.84             139.969             461.966             4.45895             
82000               7600                1279.83             832.101             872.289             12.8058             
82000               8150                1246.13             982.515             696.623             18.1373             
89000               6700                3468.13             1206.17             836.657             6.42362             
82000               7300                1341.57             153.466             790.892             0                   
82000               9100                1176.4              139.87              250.682             31.6242             
123000              7100                1387.7              188.581             21.5382             14.3379             
171000              7400                1235.97             495.544             831.286             0                   
169000              7100                1175                425.066             1005.65             10.69               
172000              8650                1090.22             426.166             715.579             0                   
220000              7400                1417.69             335.067             13.7212             0                   
123000              7100                1410.84             164.328             41.3694             7.78364             
82000               8650                1206.56             128.23              57.9336             6.51397             
82000               8150                1379.03             166.34              587.095             0                   
123000              10200               1201.14             128.351             380.67              0                   
82000               9150                1141.28             128.23              43.5907             31.4556             
123000              8150                1165.99             138.246             791.808             7.30151             
82000               9900                1348.73             129.942             385.593             4.91566             
123000              8350                1355.41             171.714             29.5662             6.30995             
120000              8650                1171.86             685.25              596.292             0                   
123000              9400                1072.82             125.898             484.487             0                   
82000               9350                1056.82             121.513             671.566             0                   
123000              8700                1537.46             146.337             243.598             0                   
135000              6900                3310.1              347.464             7.89932             31.0691             
82000               6900                1787.55             1089.84             419.139             0                   
82000               8400                1279.8              941                 1438.69             0                   
123000              7100                1197.29             130.444             894.211             26.6563             
135000              6700                3657.44             1030.74             886.08              20.478              
82000               8700                1586.58             178.629             5.21171             0                   
82000               9900                1069.6              121.513             639.553             0                   
82000               8850                1131.1              132.862             389.313             12.531              
132000              7100                1344.24             314.616             621.302             0                   
82000               7600                1315.91             982.515             643.666             25.2043             
135000              6900                2510.49             249.272             890.66              0                   
131000              7300                1323.22             692.459             682.183             0                   
82000               8850                1050.14             132.862             464.541             19.9298             
82000               6900                1569.45             654.372             1085.7              0                   
132000              7400                1454.37             197.616             21.9377             0                   
123000              8150                1378.06             182.603             21.5382             14.3379             
82000               7600                1291.38             976.011             646.084             4.45895             
135000              6900                3429.07             327.696             31.4049             16.7251             
135000              6900                2567.06             292.014             820.228             0                   
176000              8200                1403.58             638.823             16.3985             0                   
82000               7300                1462.37             736.718             0                   4.88704             
89000               6900                3419.43             1174.18             0.792336            0                   
123000              7600                1344.87             570.874             271.801             0                   
131000              8300                1339.63             599.087             255.345             28.3363             
82000               9700                1112.34             135.243             58.1737             25.3372             
135000              6900                2489.33             498.437             958.635             0                   
82000               7600                1357.71             178.249             637.109             16.3694             
82000               7800                1270.42             1073.41             802.239             0                   
123000              7100                1175.63             655.361             1198.82             1.97                
82000               9150                1282.87             153.12              19.3146             18.9242             
132000              9650                985.281             640.649             899.844             9                   
82000               8350                1225.8              199.572             560.569             25.9175             
123000              7100                1579.37             154.893             6.5545              11.5782             
82000               9700                1117.33             135.243             40.7305             12.6324             
123000              7800                1410.64             219.961             0                   0                   
123000              9150                1143.87             136.951             370.396             0                   
82000               7600                1258.76             971.136             1156.95             0                   
82000               9150                1394.09             241.351             1.95402             0                   
82000               9150                1028.53             462.849             702.269             0                   
123000              7600                1217.04             358.797             668.854             0                   
82000               8800                1074.66             149.084             827.34              0                   
82000               8100                1360.97             199.907             328.515             17.8685             
170000              7100                1408.04             509.306             0                   17.6491             
82000               9700                1304.83             214.07              0                   19.8269             
82000               8850                1135.61             121.513             615.387             0                   
123000              7100                1280.38             230.629             844.76              1.97                
169000              7100                1175.83             651.385             1194.64             1.97                
82000               6900                1904.21             699.643             39.4373             31.4717             
82000               8100                1343.4              892.083             468.665             0                   
123000              9200                1115.96             125.093             944.74              4.15873             
82000               9650                1486.72             165.889             0                   0                   
82000               9350                995.146             493.056             395.834             0                   
135000              6900                2637.38             225.544             927.802             15.426              
82000               7600                1336.1              182.838             562.202             20.2689             
82000               9650                1278.86             200.738             0                   30.8235             
82000               8800                1147.37             170.652             322.217             0                   
132000              7400                1355.85             199.062             599.364             9                   
82000               7600                1315.47             982.515             675.243             0                   
82000               9700                1198.94             169.427             19.1584             7.17181             
82000               7100                1642.38             217.408             0                   4.88704             
82000               9900                1038.05             132.862             391.138             0                   
82000               7600                1306.12             796.299             906.21              4.71991             
123000              7650                1332.86             216.608             856.205             3.45895             
135000              6900                3146                282.717             49.024              18.2445             
82000               7100                1454.18             164.762             121.49              8.59348             
123000              8100                1320.22             138.516             481.638             18.4515             
82000               7900                1305.63             316.013             719.691             0                   
82000               9900                1328.05             127.896             255.087             10.3611             
161000              7400                1153.1              356.402             1137.33             1.97                
82000               9350                1146.92             205.633             291.827             4.15873             
123000              8600                1313.26             138.689             378.4               11.0713             
135000              6900                3180.71             286.64              35.1428             0                   
82000               7900                1282.01             941                 1426.69             0                   
82000               9350                997.372             127.297             795.327             5.3948              
82000               8650                1195.47             164.725             19.1584             12.6324             
82000               9900                1396.47             136.508             87.1398             4.91566             
123000              7400                1230.03             640.649             879.17              0                   
161000              7400                1155.88             450.678             1238.7              0                   
135000              6900                2949.78             286.419             130.679             0                   
82000               9350                996.831             127.297             827.34              0                   
132000              9150                1009.64             685.25              571.317             0                   
173000              7400                1176.48             831.951             1135.51             1.97                
82000               8100                1446.02             218.548             0                   4.88704             
123000              9650                1198.62             134.713             317.261             0                   
123000              8850                1053.2              146.44              715.062             0                   
89000               6900                3391.2              1199.17             115.865             6.41845             
89000               6900                3570.9              1132.11             90.6138             16.7251             
82000               8100                1310.09             180.888             692.438             16.3694             
132000              9650                982.343             640.649             902.781             0                   
173000              7400                1357.09             428.627             403.702             12.6158             
135000              6900                3396.51             744.381             33.9216             0                   
120000              9150                1103.98             503.856             416.086             0                   
135000              6900                2896.49             268.636             738.814             22.1036             
135000              6900                3115.15             281.121             74.4018             8.888               
82000               6900                1790.44             656.754             243.972             0                   
123000              7800                1374.22             156.995             53.1235             8.52711             
123000              7100                1194.95             130.444             1005.65             10.69               
173000              7100                1410.99             512.256             0                   9                   
123000              7650                1209.71             136.849             969.663             0                   
169000              7100                1177.9              559.216             1100.4              1.97                
82000               9650                1148.71             139.87              40.4162             1.05336             
132000              9150                994.52              640.649             890.604             0                   
82000               7100                1459.49             148.118             17.4076             0                   
220000              7700                1371.83             209.464             35.1054             6.30995             
82000               7600                1289.85             1073.41             674.004             17.205              
82000               8350                1381.92             150.652             205.414             0                   
82000               9100                1434.21             184.987             0                   31.2791             
82000               7600                1289.75             982.515             724.812             21.5259             
82000               7600                1307.99             879.817             843.895             0                   
123000              9650                1118.6              120.304             748.768             0                   
123000              8200                1169.32             128.959             997.471             4.45895             
220000              7700                1381.94             209.464             13.1676             15.31               
82000               8850                1034.32             127.297             791.83              11.6128             
82000               9700                1114.47             135.243             43.5907             31.4556             
169000              8650                1104.47             494.155             541.825             0                   
123000              8650                1544.16             163.455             0                   0                   
82000               7600                1528.08             185.338             5.21171             30.9696             
123000              7100                1228.96             139.969             685.092             4.45895             
161000              7950                1137.38             450.678             1239.62             1.97                
123000              7650                1174.94             138.246             1005.65             7.30151             
82000               9150                1301.13             180.02              0                   25.3304             
123000              7100                1349.74             670.366             614.634             0                   
123000              8650                1176.65             126.895             974.604             0                   
170000              7100                1367.93             509.306             13.1676             23.9591             
123000              7800                1471.79             187.726             0                   23.2736             
179000              7700                1423.97             218.36              0                   12.6158             
89000               6900                3270.14             1224.83             6.69398             35.2569             
171000              7650                1178.31             590.445             950.677             0                   
135000              6900                2426.39             220.588             1007.29             0                   
82000               7600                1696.58             159.204             0                   7.78364             
123000              8100                1271.35             184.348             448.909             4.45895             
132000              7400                1454.92             199.062             0                   9                   
123000              7100                1189.07             138.475             1004.74             0                   
176000              7900                1406.57             638.823             16.3985             0                   
123000              7650                1551.53             156.285             0                   12.9961             
82000               9150                1020.72             685.25              565.778             0                   
82000               9350                1089.53             205.846             243.282             0                   
82000               8150                1294.27             682.289             1032.97             0                   
82000               9350                993.655             132.862             459.242             0                   
135000              6900                2620.49             292.014             808.725             15.7646             
82000               9100                1449.68             211.733             0                   12.4102             
173000              7100                1392.81             429.067             4.66209             23.3379             
123000              7600                1374.19             152.501             290.632             16.0967             
82000               7600                1284.18             180.888             972.579             16.3694             
128000              6900                1552.15             557.1               436.007             19.6992             
82000               8650                1220.73             154.836             19.3146             23.4489             
82000               7100                1362.56             194.763             372.164             15.3102             
169000              7400                1151.98             287.63              1005.65             10.69               
82000               7600                1360.44             443.27              372.164             17.8685             
123000              7100                1184.76             138.246             801.873             17.9362             
82000               8600                1291.56             176.553             1.95402             29.5973             
82000               7100                1394.41             443.27              343.497             17.8685             
82000               10250               1211.97             153.12              1.95402             25.0426             
82000               7600                1404.28             629.894             37.2284             0                   
82000               9150                1019.08             640.649             878.252             0                   
173000              7600                1178.52             132.217             797.101             1.97                
82000               7100                1391.85             152.685             587.095             0                   
82000               9350                1057.99             121.513             639.553             4.15873             
171000              7100                1182.07             590.853             950.677             0                   
123000              7100                1368.56             180.553             273.164             6.30995             
82000               8100                1491.69             185.338             5.21171             12.7345             
123000              7100                1566.57             156.285             0                   0                   
82000               9700                1190.06             126.544             26.9184             17.7621             
82000               7600                1355.64             194.763             615.763             0                   
82000               7100                1490.34             218.36              0                   0                   
82000               7100                1461.63             148.118             16.3985             0                   
