355000              6200                2475.69             924.341             2983.68             0                   
88000               7500                1894.04             171.162             2150.08             354.314             
86000               9400                1370.65             624.132             34.2503             182.152             
98000               7400                1885.93             1012.94             1039.63             511.005             
80000               7700                3571.5              338.269             0                   0                   
273000              5900                3299.84             1217.32             2552.58             7.45932             
254000              6400                3141.2              641.074             2985.08             207.407             
131000              6400                3026.44             741.788             2940.11             181.574             
263000              7800                1096.92             325.411             40.6595             0                   
98000               7950                2148.1              1223.41             449.027             504.992             
129000              7300                1359.61             932.099             2814.95             115.417             
222000              6300                4038.65             392.52              599.973             122.499             
173000              7300                1612.26             1090.77             2153.36             226.811             
98000               7900                1652.58             926.174             576.47              30.1526             
175000              9650                835.452             959.607             1.57466             89.3906             
88000               7000                1303.71             548.954             2368.33             213.274             
136000              7200                1477.34             193.019             1491.02             368.295             
172000              7800                1010.68             1047.01             164.537             18.6426             
216000              7700                3387.12             768.744             52.9691             10.7888             
88000               9900                1090.13             138.679             356.068             0                   
88000               8300                878.351             127.297             421.694             14.1851             
359000              6400                3691.91             657.835             1412.42             157.725             
126000              7200                3067.97             856.258             120.747             131.9               
131000              6100                4315.48             1169.53             1387.6              171.609             
263000              6300                4006.82             989.343             694.305             108.043             
219000              6650                4159.01             682.177             1055.32             144.1               
80000               9000                4128.86             328.044             0                   0                   
213000              7800                865.732             338.346             93.0612             0                   
355000              5900                2955.5              258.547             2142.36             0                   
86000               9150                2028.03             1146.85             209.916             583.06              
176000              7300                1674.68             580.689             2600.36             21.9624             
126000              6600                3234.5              1228.67             2567.35             395.799             
131000              6100                3200.8              562.408             2324.25             111.137             
173000              7000                1464.88             1083.74             2261.74             394.302             
88000               7000                1783.26             149.733             2176.76             23.3269             
80000               6700                3317.67             263.079             72.954              0                   
318000              6300                4224.26             758.302             595.188             34.5688             
355000              6200                2482.69             717.776             3027.37             217.817             
263000              5900                2973.07             762.838             2709.8              339.21              
88000               9350                903.874             127.297             671.772             0                   
98000               7800                2408.59             947.339             2061.93             16.8093             
86000               10500               1334.3              1036.71             177.935             382.174             
80000               6700                3455.09             584.312             -1.13687e-13        0                   
80000               6700                3532.25             271.306             16                  128.552             
308000              6400                2564.88             354.687             2404.48             59.0734             
355000              7100                2759.23             669.798             1896.45             0                   
223000              7200                1962.98             973.042             1246.19             112.348             
270000              5900                3358.31             1214.61             2866.34             262.317             
269000              6100                4041.29             373.825             613.187             0                   
86000               8200                2570.06             1163.23             825.324             407.498             
126000              7200                1563.02             1122.57             1764.95             381.787             
85000               6600                3837.16             917.003             1778.37             73.6617             
266000              7300                3130.57             451.786             456.316             0                   
223000              7000                1642.06             1054.15             2194.09             143.487             
213000              9100                913.026             181.169             1.57466             94.9856             
136000              7200                1665.22             634.595             1487.55             431.247             
401000              6900                3039.45             861.528             2082.43             70.2765             
265000              8600                1033.09             120.304             745.548             0                   
361000              6500                4464.12             711.623             438.566             274.912             
167000              8900                956.421             568.544             582.676             0                   
126000              7750                1620.22             1131.28             1494.89             367.594             
180000              6100                3640.58             663.663             2191.04             0                   
401000              6800                2311                644.616             3445.67             0                   
126000              9150                897.339             599.944             1021.47             0                   
85000               6500                4154.41             1235.99             1157.05             561.859             
401000              6200                2430.23             565.166             2945.55             0                   
126000              8000                1757.31             697.912             2042.3              372.782             
213000              8000                1090.82             126.924             0.47044             196.141             
132000              6300                3979.29             1133.57             978.234             276.062             
131000              6100                4292.37             295.145             1680.77             196.775             
222000              6600                4023.25             1099                758.343             5.76895             
88000               7500                1377.55             583.364             2471.09             115.417             
223000              7700                1209.45             152.993             2134.33             266.768             
355000              6900                2545.51             170.083             2414.5              78.7561             
131000              6400                3294.95             622.242             2743.84             0                   
180000              6100                3632.99             847.882             2007.64             70.5197             
88000               8300                1098.58             148.195             62.2589             254.374             
313000              6400                2652.1              253.853             2279.23             184.751             
313000              6900                3122.09             231.411             2490.14             0                   
361000              6500                3912.92             371.803             810.513             288.9               
172000              6400                3078.52             670.838             3111.48             318.752             
88000               9350                875.591             127.297             526.693             14.1851             
355000              5900                3597.98             1008.71             2053.54             88.5584             
88000               7500                1270.52             179.737             2435.92             213.274             
88000               7000                1922.73             597.397             1906.87             335.703             
305000              6200                3130.17             1006.09             2430.32             39.3201             
401000              6900                2880.04             925.485             2101.2              244.767             
85000               6600                4406.47             812.265             1786.77             441.851             
167000              8000                724.961             127.297             51.5858             8.24881             
167000              7200                1856.94             1125.59             1486.01             210.113             
221000              6600                3085.55             683.426             2520.11             251.285             
88000               7000                1400.22             140.661             2449.54             115.417             
85000               6600                3713.34             1154.12             1836.19             109.808             
214000              7200                2191.55             1035.72             1435.64             534.453             
355000              5900                2535.52             182.608             2477.92             0                   
223000              7200                1391.87             167.841             1313.23             0                   
88000               8600                1237.01             600.311             62.0733             0                   
136000              7400                1329.35             159.076             1143.06             0                   
223000              7200                1330.95             191.034             1689.94             298.981             
144000              6600                3975.09             947.131             1052.33             0                   
130000              6700                3552.68             727.993             -1.27898e-13        0                   
355000              6200                2438.11             644.616             3221.29             0                   
213000              10250               1047.83             183.53              1.27694             0                   
126000              6600                3255.61             949.723             2763.76             495.398             
182000              6100                3923.16             329.49              1516.07             0                   
263000              8300                1226.03             169.383             0.47044             0                   
179000              6700                2975.7              297.032             289.552             167.467             
135000              8000                1816.57             816.071             2012.55             66.605              
305000              5900                3061.15             895                 2634.26             489.308             
355000              5900                2587.8              177.069             2447.28             168.006             
308000              5900                2561.05             933.2               2602.08             141.371             
359000              6600                3869.58             751.073             904.463             210.022             
263000              8550                631.351             128.311             83.4514             23.6568             
126000              6400                3765.37             853.906             2696.6              171.901             
126000              7700                1862.85             946.45              1606.75             530.307             
355000              5900                3824.62             971.194             1975.92             175.081             
269000              6600                4139.97             615.828             601.919             0                   
222000              6300                3716.4              1205.94             1066.29             235.191             
305000              5900                2705.72             768.878             2815.06             209.264             
263000              7800                683.129             128.311             271.188             0                   
355000              6600                2797.22             843.911             2138.15             114.752             
171000              7700                3159.52             805.693             196.416             37.4822             
80000               7700                2932.29             606.636             93.2015             179.546             
86000               11000               1282.98             1084.95             117.675             267.915             
88000               8800                1136.18             127.297             6.82199             0                   
223000              7700                1200.97             483.944             1766.26             304.515             
136000              7400                1784.32             198.125             219.458             0                   
265000              7200                1647                702.292             1196.24             0                   
126000              7000                3232.21             534.69              261.887             0                   
86000               8650                1717.67             1014.39             311.328             479.531             
131000              6100                4041.16             788.061             1768.21             0.370464            
88000               7300                1890.22             729.377             2241.13             13.3979             
213000              8850                1141.5              126.588             0.806504            251.897             
131000              6100                3247.92             209.13              2432.26             74.5737             
126000              7500                1414.22             819.172             2179.03             246.274             
223000              7200                1313.65             661.676             1836.66             392.707             
269000              6100                4007.59             308.335             862.735             99.7083             
265000              7200                1259.14             681.81              1835.41             456.27              
131000              6100                3551.76             295.145             2194.51             0                   
264000              7000                1712.99             1083.74             2042.28             279.592             
86000               10250               1532.87             984.034             482.473             51.2438             
317000              5900                3790.81             1002.26             1790.41             0                   
88000               7300                1684.29             355.628             2372.58             21.9624             
80000               8300                3198.99             288.214             134.552             100.468             
222000              6100                4112.25             1100.7              808.261             107.184             
175000              7000                2892.16             398.166             469.702             221.808             
98000               7400                1933.11             1225.18             613.439             350.543             
131000              6600                3839.53             289.558             1824.45             24.7652             
86000               9950                1460.38             984.034             35.2462             151.541             
401000              6100                3088.66             951.758             2057.67             184.193             
131000              6600                3269.28             211.293             2417.56             195.271             
265000              8600                905.885             121.914             833.671             156.922             
167000              7000                1260.91             823.615             2513.57             284.198             
264000              7600                1242.15             823.615             3163.6              165.769             
222000              6700                3161.9              761.05              2945.31             106.507             
88000               8050                1912.61             186.569             2069.71             238.383             
172000              6100                3164.54             270.778             2437.37             378.51              
172000              6300                4161.6              813.371             606.618             165.948             
401000              5900                2510.2              663.692             2624.5              97.2312             
401000              6700                2332.47             831.186             2895.28             1.02065             
229000              5900                4344.22             1147.19             2609.51             564.993             
80000               7750                3267.21             255.143             393.431             115.224             
220000              6700                3290.54             734.147             30.9168             154.949             
269000              6600                3840.67             823.638             718.702             65.3844             
86000               9400                1400.46             199.096             31.0166             213.771             
265000              5900                4066.79             1086.39             2197.56             226.02              
213000              9650                749.508             127.297             12.8931             22.4224             
175000              7800                1097.63             873.284             276.825             200.848             
80000               6700                2998.07             312.808             93.2015             198.277             
175000              8850                1142.93             844.1               0.806504            245.224             
135000              7700                1946.76             1060.97             1595.5              133.523             
86000               10250               1303.95             1228.68             184.735             313.64              
213000              8050                970.122             1018.87             8.39665             157.695             
172000              9950                1075.15             303.281             0                   0                   
221000              7000                1527.77             744.18              2558.61             41.4263             
85000               6650                3506.04             1189.01             2460.72             130.754             
305000              6900                3282.99             897.63              2015.21             0                   
134000              9650                971.561             959.607             6.82199             236.077             
131000              7100                3262.3              212.595             2173.73             0                   
126000              8800                970.058             665.944             99.4328             15                  
178000              7700                1297.2              541.852             1525.99             0                   
88000               7000                1903.73             139.6               1966.48             243.76              
126000              8300                964.904             645.362             162.02              119.839             
311000              6600                3833.84             403.689             1140.45             34.6021             
213000              8550                704.534             866.165             91.8175             50.6443             
222000              6400                3968.66             644.616             913.837             0                   
85000               6400                4514.1              1074.17             2205.54             189.069             
217000              7200                3303.17             823.787             17.4641             259.731             
359000              6600                3784.68             908.094             937.988             194.389             
88000               7000                1761.67             1053.11             1805.37             205.869             
305000              5900                2707.94             670.838             2680.15             0                   
401000              6100                2539.76             758.35              2194.74             0                   
126000              7200                1823.89             981.827             1789.81             517.095             
85000               6400                3918.1              1111.61             2474.12             239.522             
355000              6400                3779.39             908.448             1957.03             43.1656             
129000              7200                2900.69             299.262             155.47              79.193              
222000              8000                891.023             771.879             37.1258             83.8146             
129000              7800                1699.35             536.95              2368.75             21.9624             
88000               7000                1328.72             179.737             2346.98             285.966             
